{"nodes": [{"name": "DANLaIPS"}, {"name": "DANLFEF"}, {"name": "DANLpIPS"}, {"name": "DANRaIPS"}, {"name": "DANRFEF"}, {"name": "DANRpIPS"}, {"name": "DMNLAG"}, {"name": "DMNLHC"}, {"name": "DMNLlattemp"}, {"name": "DMNmPFC"}, {"name": "DMNPCC"}, {"name": "DMNRAG"}, {"name": "DMNRHC"}, {"name": "DMNRlattemp"}, {"name": "FPTCLdlPFC"}, {"name": "FPTCLfrontal"}, {"name": "FPTCLIPL"}, {"name": "FPTCLIPS"}, {"name": "FPTCRdlPFC"}, {"name": "FPTCRfrontal"}, {"name": "FPTCRIPL"}, {"name": "FPTCRIPS"}, {"name": "SALACC"}, {"name": "SALLFIC"}, {"name": "SALRFIC"}, {"name": "SENLSM"}, {"name": "SENLV1"}, {"name": "SENRSM"}, {"name": "SENRV1"}], "stablestate": -1, "similarStates": [3, 0], "stateborders": [5, 16, 28, 40, 52, 63], "times": [{"name": 0, "matrix": [[1.0, 0.855055883542147, 0.9777768612278994, 0.8458538223556068, 0.5829860533261159, 0.8979873194995913, 0.9190335140210407, 0.20505541077305808, 0.36447990442992856, 0.4264857220275385, 0.7804945266316882, 0.5028776792798659, -0.020441732247818478, -0.23085169548846068, 0.9468730526227955, 0.35985610095626613, 0.8379205373663837, 0.942537072510207, 0.3976812869753697, 0.7974400786244019, -0.7260227144516002, 0.8039957090952561, -0.0698624564727579, 0.5245161340576143, -0.6674962818063626, 0.8650608526283202, 0.25356881618586585, 0.5965234054870844, 0.292789595550721], [0.855055883542147, 1.0, 0.830914002935999, 0.7668160299523517, 0.8827250650437163, 0.7781129001683935, 0.7559366238212742, 0.5011235354012246, 0.6209083694341395, 0.49246028125641755, 0.7864492344235017, 0.6261658838136305, 0.3596044786554551, 0.017554606314399215, 0.719025091734185, 0.569851650084078, 0.6099031313867721, 0.8091231372666919, 0.3819745800220829, 0.7984279361224009, -0.5953103872115549, 0.6858227157989245, -0.07778657334368783, 0.3736634288603586, -0.4747091394230586, 0.9163348230026439, 0.16684733263425292, 0.7291244163006676, 0.2344543756741609], [0.9777768612278994, 0.830914002935999, 1.0, 0.883921228657128, 0.6126191978856598, 0.9665151843751841, 0.9323799462939699, 0.18938464735855154, 0.35428795918526423, 0.4347736302514629, 0.799726703302148, 0.6123594272976153, -0.008263129487071566, -0.26154997525909224, 0.9701718752084002, 0.4341687054211288, 0.8960072707016782, 0.9891347828978617, 0.5100093678110618, 0.8269837615932167, -0.6731013721374708, 0.9021603629554654, -0.20350391568390208, 0.45246287077588493, -0.7664486454982781, 0.8840456680500648, 0.11736214773269471, 0.6507711954101035, 0.1488341168614113], [0.8458538223556068, 0.7668160299523517, 0.883921228657128, 1.0, 0.7099439446752384, 0.8989325270947652, 0.7651518449771033, -0.09646890378615733, 0.34039375429644214, 0.6601184634604267, 0.6157088461028223, 0.43691084311417844, -0.2105182744206331, -0.5360254652394231, 0.8586703024187954, 0.702394076761801, 0.9478411709260436, 0.8683868560212917, 0.3913252967428597, 0.8981131980331939, -0.2663799727389061, 0.7514767838928272, 0.028275897477336068, 0.4929848393179272, -0.5430868488678855, 0.7128805180761866, 0.24675058014241671, 0.43084110628783173, 0.23404935490877485], [0.5829860533261159, 0.8827250650437163, 0.6126191978856598, 0.7099439446752384, 1.0, 0.6585606405188473, 0.5467918462504705, 0.4691599436001252, 0.7305520332527874, 0.6447651011903951, 0.6773059187096628, 0.6685124948502349, 0.45460534842881806, -0.0518098073096112, 0.49551249413883064, 0.7716124450613813, 0.4845981060626012, 0.6311172979470799, 0.45690863870850434, 0.7108841320105684, -0.221309757914206, 0.5684903053098271, -0.09922195603043225, 0.2672506429127871, -0.35303261522653917, 0.7847796978678269, 0.06934589946758223, 0.6972993897518914, 0.1122561097106076], [0.8979873194995913, 0.7781129001683935, 0.9665151843751841, 0.8989325270947652, 0.6585606405188473, 1.0, 0.9139333947142053, 0.16651247625753587, 0.408701080944623, 0.5123340917695253, 0.812047581866132, 0.7188940224790809, 0.01832562692258599, -0.33323188045757185, 0.9491653795674104, 0.5178435045956215, 0.9144466213066127, 0.9890291109507657, 0.6505511399644986, 0.8137430801325469, -0.5459735504007145, 0.9539020626774418, -0.2978275444707864, 0.4130953154047373, -0.8380393255605659, 0.874788986813621, 0.006178861715031272, 0.70017183476544, 0.02598368869518256], [0.9190335140210407, 0.7559366238212742, 0.9323799462939699, 0.7651518449771033, 0.5467918462504705, 0.9139333947142053, 1.0, 0.2972540672782237, 0.5485459665335833, 0.5461877825740235, 0.9246940925060699, 0.6683863345602147, 0.08438598260760462, -0.25090305133172813, 0.9650523682317128, 0.21469684702367667, 0.782010474402185, 0.9454586011825156, 0.7035349468831766, 0.6543598815914562, -0.7259699838999835, 0.8500975316569819, -0.1668552226888108, 0.6468577359659485, -0.8513468023470503, 0.8968760989237246, 0.2499305412427365, 0.7334493011031309, 0.29094467624099846], [0.20505541077305808, 0.5011235354012246, 0.18938464735855154, -0.09646890378615733, 0.4691599436001252, 0.16651247625753587, 0.2972540672782237, 1.0, 0.6262545294707891, -0.009427416552412774, 0.5905015378605643, 0.6769923259381032, 0.9569940703040181, 0.6645179473596875, 0.08108441164646316, -0.01619273430348997, -0.22971652695685144, 0.2307113575249658, 0.4286635057732264, -0.0066209688094321425, -0.603630699137454, 0.2878773290323339, -0.4606018150917602, -0.06764001916375693, -0.32347029532625704, 0.5967119884019378, -0.2315519108572574, 0.7847417514205186, -0.12311792891114226], [0.36447990442992856, 0.6209083694341395, 0.35428795918526423, 0.34039375429644214, 0.7305520332527874, 0.408701080944623, 0.5485459665335833, 0.6262545294707891, 1.0, 0.7368673184833348, 0.7794706033380854, 0.6318890673245298, 0.5863912172191925, 0.017653941626523076, 0.3617917312413894, 0.2291948001702598, 0.1395361938465776, 0.4072093383366043, 0.6853287632294859, 0.2615476384320204, -0.28526290936382653, 0.32319414867088714, 0.039661324939380786, 0.5805484534456309, -0.3864427361168829, 0.6717152891232476, 0.3253056633238749, 0.7268144376491749, 0.3873232597958007], [0.4264857220275385, 0.49246028125641755, 0.4347736302514629, 0.6601184634604267, 0.6447651011903951, 0.5123340917695253, 0.5461877825740235, -0.009427416552412774, 0.7368673184833348, 1.0, 0.583644898649732, 0.31828822917760086, -0.030359866318970335, -0.6246127641117272, 0.5035778674630653, 0.48332050942490695, 0.5063993880454954, 0.4582196794313281, 0.5315871102940244, 0.41643603766344545, 0.0601017589428357, 0.31568237758109197, 0.3034487351835029, 0.7782519606046885, -0.3173196965228786, 0.4791007718750208, 0.5772366632485988, 0.3654102123998756, 0.5482128528614244], [0.7804945266316882, 0.7864492344235017, 0.799726703302148, 0.6157088461028223, 0.6773059187096628, 0.812047581866132, 0.9246940925060699, 0.5905015378605643, 0.7794706033380854, 0.583644898649732, 1.0, 0.827096756855363, 0.4304869616622421, -0.057214222776971045, 0.8040942830938154, 0.230101764643717, 0.557305310506348, 0.8410725002994656, 0.8180389805339072, 0.5121370463690914, -0.7111151002808259, 0.7878695625442286, -0.27852146746110396, 0.5718108016963296, -0.8233675319186806, 0.9473230234415784, 0.16204585822409215, 0.9071593713405706, 0.22386610650124433], [0.5028776792798659, 0.6261658838136305, 0.6123594272976153, 0.43691084311417844, 0.6685124948502349, 0.7188940224790809, 0.6683863345602147, 0.6769923259381032, 0.6318890673245298, 0.31828822917760086, 0.827096756855363, 1.0, 0.6370572031801908, 0.1482666300163287, 0.5559017546862701, 0.3624559950091846, 0.3993405345917778, 0.7051146581354751, 0.8533415738730942, 0.40900132119177124, -0.5233280043622108, 0.8233473070405098, -0.6726337118095488, 0.07280218399524076, -0.8219835798757396, 0.8349123533170536, -0.38106329740359646, 0.9555501013851776, -0.32023179688052156], [-0.020441732247818478, 0.3596044786554551, -0.008263129487071566, -0.2105182744206331, 0.45460534842881806, 0.01832562692258599, 0.08438598260760462, 0.9569940703040181, 0.5863912172191925, -0.030359866318970335, 0.4304869616622421, 0.6370572031801908, 1.0, 0.6577236836716319, -0.13024959359611724, 0.07064206830079911, -0.36848656716738126, 0.05112919088714278, 0.3779896377646242, -0.12993097185696165, -0.36455916639198443, 0.16249163719957252, -0.505456507912516, -0.23350623184274194, -0.19022538241851933, 0.44064896729605313, -0.35772573556857806, 0.7012845192214776, -0.2678991468128146], [-0.23085169548846068, 0.017554606314399215, -0.26154997525909224, -0.5360254652394231, -0.0518098073096112, -0.33323188045757185, -0.25090305133172813, 0.6645179473596875, 0.017653941626523076, -0.6246127641117272, -0.057214222776971045, 0.1482666300163287, 0.6577236836716319, 1.0, -0.375069374028708, -0.3753982983377308, -0.5845770851219912, -0.25500834711685033, -0.1199568635454792, -0.19338016851893655, -0.29917327593913196, -0.18451402313861603, -0.246722059789912, -0.48823493707696153, 0.18586813147878553, 0.005131752818206666, -0.3767778561673756, 0.17075836373844444, -0.2605600384201585], [0.9468730526227955, 0.719025091734185, 0.9701718752084002, 0.8586703024187954, 0.49551249413883064, 0.9491653795674104, 0.9650523682317128, 0.08108441164646316, 0.3617917312413894, 0.5035778674630653, 0.8040942830938154, 0.5559017546862701, -0.13024959359611724, -0.375069374028708, 1.0, 0.29980878315503157, 0.9080458078735333, 0.9677342165345894, 0.581775366295257, 0.7560090600859525, -0.6367346816278983, 0.8658375504393196, -0.11928033347270739, 0.596355878249012, -0.8076210652030248, 0.8200028102959172, 0.23128996654173087, 0.5878666226549782, 0.2519316780149188], [0.35985610095626613, 0.569851650084078, 0.4341687054211288, 0.702394076761801, 0.7716124450613813, 0.5178435045956215, 0.21469684702367667, -0.01619273430348997, 0.2291948001702598, 0.48332050942490695, 0.230101764643717, 0.3624559950091846, 0.07064206830079911, -0.3753982983377308, 0.29980878315503157, 1.0, 0.5440999373549205, 0.4373127394078514, 0.12024846773465037, 0.6228755231828499, 0.17565272597338602, 0.4509313233411612, -0.16328546119708834, -0.06126122457150323, -0.1433213520305592, 0.41822512140211343, -0.14578176727149328, 0.30529191866108085, -0.1851032764573483], [0.8379205373663837, 0.6099031313867721, 0.8960072707016782, 0.9478411709260436, 0.4845981060626012, 0.9144466213066127, 0.782010474402185, -0.22971652695685144, 0.1395361938465776, 0.5063993880454954, 0.557305310506348, 0.3993405345917778, -0.36848656716738126, -0.5845770851219912, 0.9080458078735333, 0.5440999373549205, 1.0, 0.8869114266511178, 0.40518424131307107, 0.8320006822414892, -0.31960908629515683, 0.8082981452407374, -0.0722148950732553, 0.44209717740562576, -0.6530952143129787, 0.635069549464424, 0.14600338267068202, 0.3589762317409698, 0.12239799984930841], [0.942537072510207, 0.8091231372666919, 0.9891347828978617, 0.8683868560212917, 0.6311172979470799, 0.9890291109507657, 0.9454586011825156, 0.2307113575249658, 0.4072093383366043, 0.4582196794313281, 0.8410725002994656, 0.7051146581354751, 0.05112919088714278, -0.25500834711685033, 0.9677342165345894, 0.4373127394078514, 0.8869114266511178, 1.0, 0.6207515245531852, 0.8015051531202054, -0.654595267615825, 0.9463083305385483, -0.28634872427655994, 0.43393451395734856, -0.8383289333320054, 0.9047959303590805, 0.04451544787116598, 0.7176965417823891, 0.076848774625581], [0.3976812869753697, 0.3819745800220829, 0.5100093678110618, 0.3913252967428597, 0.45690863870850434, 0.6505511399644986, 0.7035349468831766, 0.4286635057732264, 0.6853287632294859, 0.5315871102940244, 0.8180389805339072, 0.8533415738730942, 0.3779896377646242, -0.1199568635454792, 0.581775366295257, 0.12024846773465037, 0.40518424131307107, 0.6207515245531852, 1.0, 0.2561138523493519, -0.3643342471130474, 0.6963933763730908, -0.43704699756025295, 0.4083272061730381, -0.8540276160446618, 0.6712848188961804, -0.08027871522449266, 0.7924786537244737, -0.04889234620334407], [0.7974400786244019, 0.7984279361224009, 0.8269837615932167, 0.8981131980331939, 0.7108841320105684, 0.8137430801325469, 0.6543598815914562, -0.0066209688094321425, 0.2615476384320204, 0.41643603766344545, 0.5121370463690914, 0.40900132119177124, -0.12993097185696165, -0.19338016851893655, 0.7560090600859525, 0.6228755231828499, 0.8320006822414892, 0.8015051531202054, 0.2561138523493519, 1.0, -0.2885221087307996, 0.6769143538985954, 0.07719643765196489, 0.310293127284102, -0.4012213303860161, 0.6731219595518417, 0.13504719006164567, 0.37516663127234096, 0.1685562285513588], [-0.7260227144516002, -0.5953103872115549, -0.6731013721374708, -0.2663799727389061, -0.221309757914206, -0.5459735504007145, -0.7259699838999835, -0.603630699137454, -0.28526290936382653, 0.0601017589428357, -0.7111151002808259, -0.5233280043622108, -0.36455916639198443, -0.29917327593913196, -0.6367346816278983, 0.17565272597338602, -0.31960908629515683, -0.654595267615825, -0.3643342471130474, -0.2885221087307996, 1.0, -0.6103252686625659, 0.3551775381543049, -0.24428709290792058, 0.639887172641443, -0.737427137016004, 0.002408405665379279, -0.6724241643983948, -0.08514180160930689], [0.8039957090952561, 0.6858227157989245, 0.9021603629554654, 0.7514767838928272, 0.5684903053098271, 0.9539020626774418, 0.8500975316569819, 0.2878773290323339, 0.32319414867088714, 0.31568237758109197, 0.7878695625442286, 0.8233473070405098, 0.16249163719957252, -0.18451402313861603, 0.8658375504393196, 0.4509313233411612, 0.8082981452407374, 0.9463083305385483, 0.6963933763730908, 0.6769143538985954, -0.6103252686625659, 1.0, -0.5644957088744426, 0.1937664679672591, -0.9156478829353195, 0.8571588926202695, -0.2531317557076866, 0.7777430981831813, -0.22811101309375773], [-0.0698624564727579, -0.07778657334368783, -0.20350391568390208, 0.028275897477336068, -0.09922195603043225, -0.2978275444707864, -0.1668552226888108, -0.4606018150917602, 0.039661324939380786, 0.3034487351835029, -0.27852146746110396, -0.6726337118095488, -0.505456507912516, -0.246722059789912, -0.11928033347270739, -0.16328546119708834, -0.0722148950732553, -0.28634872427655994, -0.43704699756025295, 0.07719643765196489, 0.3551775381543049, -0.5644957088744426, 1.0, 0.5333169811731114, 0.5875701947481131, -0.3377985689487057, 0.832422086398713, -0.5777693911729426, 0.8222321606875115], [0.5245161340576143, 0.3736634288603586, 0.45246287077588493, 0.4929848393179272, 0.2672506429127871, 0.4130953154047373, 0.6468577359659485, -0.06764001916375693, 0.5805484534456309, 0.7782519606046885, 0.5718108016963296, 0.07280218399524076, -0.23350623184274194, -0.48823493707696153, 0.596355878249012, -0.06126122457150323, 0.44209717740562576, 0.43393451395734856, 0.4083272061730381, 0.310293127284102, -0.24428709290792058, 0.1937664679672591, 0.5333169811731114, 1.0, -0.31109678221585896, 0.39817319338747054, 0.8533425314793281, 0.19978766418748056, 0.8555711885402713], [-0.6674962818063626, -0.4747091394230586, -0.7664486454982781, -0.5430868488678855, -0.35303261522653917, -0.8380393255605659, -0.8513468023470503, -0.32347029532625704, -0.3864427361168829, -0.3173196965228786, -0.8233675319186806, -0.8219835798757396, -0.19022538241851933, 0.18586813147878553, -0.8076210652030248, -0.1433213520305592, -0.6530952143129787, -0.8383289333320054, -0.8540276160446618, -0.4012213303860161, 0.639887172641443, -0.9156478829353195, 0.5875701947481131, -0.31109678221585896, 1.0, -0.7697507109546033, 0.19600345456441826, -0.7853136132856726, 0.17227775021334976], [0.8650608526283202, 0.9163348230026439, 0.8840456680500648, 0.7128805180761866, 0.7847796978678269, 0.874788986813621, 0.8968760989237246, 0.5967119884019378, 0.6717152891232476, 0.4791007718750208, 0.9473230234415784, 0.8349123533170536, 0.44064896729605313, 0.005131752818206666, 0.8200028102959172, 0.41822512140211343, 0.635069549464424, 0.9047959303590805, 0.6712848188961804, 0.6731219595518417, -0.737427137016004, 0.8571588926202695, -0.3377985689487057, 0.39817319338747054, -0.7697507109546033, 1.0, 0.03024028689463258, 0.9093475858551626, 0.09737185525950481], [0.25356881618586585, 0.16684733263425292, 0.11736214773269471, 0.24675058014241671, 0.06934589946758223, 0.006178861715031272, 0.2499305412427365, -0.2315519108572574, 0.3253056633238749, 0.5772366632485988, 0.16204585822409215, -0.38106329740359646, -0.35772573556857806, -0.3767778561673756, 0.23128996654173087, -0.14578176727149328, 0.14600338267068202, 0.04451544787116598, -0.08027871522449266, 0.13504719006164567, 0.002408405665379279, -0.2531317557076866, 0.832422086398713, 0.8533425314793281, 0.19600345456441826, 0.03024028689463258, 1.0, -0.21444889107721543, 0.9891260847018166], [0.5965234054870844, 0.7291244163006676, 0.6507711954101035, 0.43084110628783173, 0.6972993897518914, 0.70017183476544, 0.7334493011031309, 0.7847417514205186, 0.7268144376491749, 0.3654102123998756, 0.9071593713405706, 0.9555501013851776, 0.7012845192214776, 0.17075836373844444, 0.5878666226549782, 0.30529191866108085, 0.3589762317409698, 0.7176965417823891, 0.7924786537244737, 0.37516663127234096, -0.6724241643983948, 0.7777430981831813, -0.5777693911729426, 0.19978766418748056, -0.7853136132856726, 0.9093475858551626, -0.21444889107721543, 1.0, -0.1426992248533371], [0.292789595550721, 0.2344543756741609, 0.1488341168614113, 0.23404935490877485, 0.1122561097106076, 0.02598368869518256, 0.29094467624099846, -0.12311792891114226, 0.3873232597958007, 0.5482128528614244, 0.22386610650124433, -0.32023179688052156, -0.2678991468128146, -0.2605600384201585, 0.2519316780149188, -0.1851032764573483, 0.12239799984930841, 0.076848774625581, -0.04889234620334407, 0.1685562285513588, -0.08514180160930689, -0.22811101309375773, 0.8222321606875115, 0.8555711885402713, 0.17227775021334976, 0.09737185525950481, 0.9891260847018166, -0.1426992248533371, 1.0]]}, {"name": 1, "matrix": [[1.12, 0.8978086777192544, 1.0951100845752475, 0.9304392045911676, 0.5713263322595935, 0.9608464318645628, 0.882272173460199, 0.17839820737256054, 0.40821749296152005, 0.43075057924781385, 0.7258599097674701, 0.4928201256942686, -0.022690322795078512, -0.2516283480824222, 0.871123208412972, 0.33826473489889014, 0.7289908675087539, 1.0462161504863299, 0.35393634540807906, 0.8931328880593302, -0.7623238501741803, 0.8200756232771612, -0.05938308800184422, 0.4982903273547336, -0.6474713933521716, 0.856410244102037, 0.2586401925095832, 0.6144191076516969, 0.3249964510613003], [0.7609997363525108, 1.11, 0.7062769024955992, 0.69780258725664, 1.0063065741498365, 0.8170185451768133, 0.8617677511562526, 0.5261797121712858, 0.6333265368228224, 0.5515555150071877, 0.6842108339484465, 0.7013057898712662, 0.33443216514957325, 0.015974691746103286, 0.7549763463208944, 0.4900724190723071, 0.5184176616787562, 0.8333968313846927, 0.41253254642384957, 0.9022235678183129, -0.5119669330019372, 0.6378151256929998, -0.08089803627743535, 0.39608323459198014, -0.5269271447595951, 0.7972112960123002, 0.16017343932888278, 0.8166193462567478, 0.2391434631876441], [1.0168879356770155, 0.7395134626130392, 1.04, 0.9015996532302706, 0.563609662054807, 1.0438363991251989, 1.053589339312186, 0.21021695856799222, 0.30468764489932726, 0.491294202184153, 0.8717021065993414, 0.5266291074759492, -0.008097866897330134, -0.2981669717953651, 1.096294218985492, 0.3994352089874385, 0.8960072707016782, 1.0484828698717334, 0.4590084310299556, 0.7773647358976237, -0.7269494819084685, 0.7758579121417003, -0.1750133674881558, 0.45246287077588493, -0.8737514558680369, 0.7691197312035564, 0.1021050685274444, 0.6572789073642046, 0.15627582270448187], [0.8796879752498311, 0.8051568314499693, 0.9988309883825545, 1.03, 0.6886456263349812, 0.8090392743852888, 0.7881064003264164, -0.09743359282401891, 0.3369898167534777, 0.7327314944410737, 0.6280230230248788, 0.3888506503716188, -0.18315089874595078, -0.5038639373250576, 0.729869757055976, 0.6813222544589469, 0.9099275240890018, 0.946541673063208, 0.34436626113371654, 0.9340377259545217, -0.25838857355673894, 0.7063881768592576, 0.024317271830509017, 0.4979146877111065, -0.6191190077093894, 0.634463661087806, 0.26895813235523425, 0.4566915726651017, 0.19894195167245862], [0.588815913859377, 0.8474160624419677, 0.5207263182028108, 0.759640020802505, 1.13, 0.5729477572513971, 0.6014710308755176, 0.5160759379601377, 0.6574968299275087, 0.6898986582737228, 0.7179442738322427, 0.7019381195927467, 0.4955198297874117, -0.045592630432457856, 0.5202881188457722, 0.8333414406662918, 0.416754371213837, 0.6563619898649632, 0.5071685889664399, 0.6397957188095116, -0.1881132942270751, 0.4945865656195496, -0.1012063951510409, 0.27526816220017075, -0.37068424598786615, 0.8711054646332879, 0.060330932536796535, 0.7740023226245996, 0.09878537654533469], [0.9877860514495506, 0.8170185451768133, 0.8698636659376657, 0.8090392743852888, 0.6388038213032818, 1.0, 0.859097391031353, 0.16318222673238517, 0.4618322214674239, 0.548197478193392, 0.8688909125967613, 0.6182488593320096, 0.01924190826871529, -0.3398965180667233, 0.9206904181803881, 0.5385572447794463, 0.9967468172242079, 0.9791388198412581, 0.5920015373676938, 0.8788425265431508, -0.5350540793927002, 0.8394338151561488, -0.32165374802844937, 0.4172262685587847, -0.8380393255605659, 0.787310088132259, 0.006178861715031272, 0.7071735531130944, 0.025464014921278907], [0.9006528437406199, 0.763495990059487, 1.0069703419974876, 0.7957579187761875, 0.5467918462504705, 0.840818723137069, 0.93, 0.30319914862378816, 0.5485459665335833, 0.5680352938769844, 1.0541512654569196, 0.7619604213986446, 0.09282458086836509, -0.2810114174915355, 0.829945036679273, 0.23187259478557082, 0.8523914170983816, 1.0210952892771168, 0.633181452194859, 0.6739906780391999, -0.6969311845439841, 0.9266063095061103, -0.1668552226888108, 0.5692348076500348, -0.8598602703705208, 1.0224387527730459, 0.28492081701671956, 0.7187803150810682, 0.3258580373899183], [0.17634765326482996, 0.4560224172151144, 0.16665848967552535, -0.10804517224049622, 0.4738515430361265, 0.16151710196980978, 0.3210343926604816, 0.99, 0.6074668935866654, -0.008013304069550859, 0.5314513840745079, 0.7717712515694376, 0.9474241296009779, 0.7243245626220595, 0.08838200869464484, -0.014249606187071173, -0.23660802276555698, 0.23763269825071479, 0.45009668106188777, -0.006753388185620785, -0.6881389970166976, 0.3253013818065372, -0.4329657061862545, -0.07372762088849506, -0.29112326579363135, 0.5430079094457635, -0.2222898344229671, 0.8710633440767758, -0.13419854251314509], [0.3754143015628264, 0.6705810389888707, 0.35783083877711686, 0.3608173795542287, 0.6721078705925644, 0.4250491241824079, 0.4882059102148892, 0.6012043482919575, 1.06, 0.6263372207108345, 0.8652123697052748, 0.6698024113640015, 0.5042964468085056, 0.015182389798809846, 0.3292304754296644, 0.21773506016174682, 0.15628053710816692, 0.35020003096947966, 0.6099425992742424, 0.269394067584981, -0.25958924752108214, 0.36197744651139363, 0.044420683932106485, 0.6153813606523688, -0.3323407530605193, 0.6246952188846203, 0.3513301163897849, 0.6177922720017986, 0.37957679459988464], [0.4606045797897416, 0.5515555150071877, 0.3956440035288312, 0.6073089863835925, 0.5931838930951635, 0.46622402351026804, 0.4915690043166211, -0.009804513214509286, 0.7294986452985014, 0.91, 0.583644898649732, 0.2737278770927367, -0.028538274339832113, -0.6683356575995482, 0.5640072115586332, 0.45432127885941254, 0.4861434125236756, 0.40323331789956873, 0.5581664658087256, 0.4206003980400799, 0.06611193483711927, 0.312525553805281, 0.3337936087018532, 0.8249470782409698, -0.3363588783142514, 0.45993674100001997, 0.6003261297785427, 0.4019512336398632, 0.5262843387469675], [0.8429340887622233, 0.8965521272427919, 0.6877649648398473, 0.6957509960961891, 0.5960292084645032, 0.7308428236795188, 0.9154471515810092, 0.5964065532391699, 0.795060015404847, 0.4960981638522722, 1.06, 0.8519096595610239, 0.49075513629495593, -0.056069938321431624, 0.8040942830938154, 0.21399464111865682, 0.5795975229266019, 0.731733075260535, 0.8098585907285681, 0.5684721214696915, -0.604447835238702, 0.7799908669187863, -0.2757362527864929, 0.6061194497981094, -0.8316012072378675, 0.833644260628589, 0.17825044404650137, 0.8708729964869477, 0.21491146224119456], [0.5682517775862485, 0.6136425661373579, 0.5633706731138061, 0.3975888672339024, 0.5682356206226996, 0.6973272018047084, 0.6149154277953975, 0.7108419422350084, 0.5813379419385674, 0.2960080531351688, 0.9428903028151138, 1.05, 0.6115749150529831, 0.15123196261665528, 0.6337280003423479, 0.32258583555817427, 0.4272943720132023, 0.7403703910422489, 0.7509405850083228, 0.3803712287083473, -0.47099520392598976, 0.8480477262517252, -0.7533497572266947, 0.07207416215528835, -0.7151257144918934, 0.8015158591843714, -0.4191696271439561, 0.9746611034128811, -0.3298387507869372], [-0.017988724378080263, 0.40275701609410974, -0.008924179846037291, -0.22525455363007743, 0.42732902752308893, 0.016859576768779114, 0.09451230052051718, 0.8612946632736163, 0.5746633928748086, -0.03400305027724678, 0.4864502666783335, 0.5606103387985679, 0.93, 0.5919513153044688, -0.11201465049266082, 0.06569712351974318, -0.3168984477639479, 0.05419694234037135, 0.3779896377646242, -0.12343442326411355, -0.3718503497198241, 0.147867389851611, -0.5610567237828927, -0.2405114187980242, -0.1978343977152601, 0.46708790533381633, -0.3720347649913212, 0.7293358999903368, -0.23039326625902057], [-0.1985324581200762, 0.016150237809247278, -0.2667809747642741, -0.6110690303729422, -0.055954591894380096, -0.29990869241181467, -0.24839402081841086, 0.5648402552557343, 0.01694778396146215, -0.6308588917528445, -0.06465207173797727, 0.15123196261665528, 0.6577236836716319, 1.07, -0.42007769891215296, -0.34536643447071236, -0.5845770851219912, -0.27285893141502987, -0.12355556945184358, -0.20885058200045148, -0.25728901730765347, -0.15683691966782362, -0.25659094218150846, -0.5126466839308096, 0.20631362594145194, 0.004567260008203933, -0.33533229198896425, 0.18954178374967334, -0.23450403457814267], [0.861654477886744, 0.6471225825607666, 0.8440495314313081, 0.8844304114913593, 0.5599291183768785, 0.8352655340193211, 1.0615576050548843, 0.09243622927696798, 0.3111408888675949, 0.45825585939138946, 0.7156439119534956, 0.5503427371394074, -0.14327455295572897, -0.36006659906755967, 1.1, 0.25483746568177684, 0.844482601322386, 0.8322514262197468, 0.5934108736211621, 0.7257686976825144, -0.6749387625255722, 0.9091294279612857, -0.13359397348943228, 0.5903923194665219, -0.8964593823753576, 0.8446028946047947, 0.2197254682146443, 0.5761092902018786, 0.23681577733402365], [0.3094762468223889, 0.5812486830857596, 0.4689022018548191, 0.6391786098532389, 0.8719220629193607, 0.5540925499173149, 0.23187259478557082, -0.018135862419908767, 0.2291948001702598, 0.43982166357666536, 0.2600149940474002, 0.3624559950091846, 0.07064206830079911, -0.3979221962379947, 0.29681069532348126, 0.94, 0.49513094299297766, 0.3760889558907522, 0.1298683451534224, 0.5419017051690794, 0.19321799857072464, 0.4283847571741031, -0.1551211881372339, -0.058810775588643095, -0.1447545655508648, 0.40567836776005, -0.13411922588977382, 0.26865688842175117, -0.1869543092219218], [0.9049541803556945, 0.6160021627006398, 0.7705662528034433, 0.9667979943445645, 0.4458302575775931, 1.0150357496503402, 0.782010474402185, -0.25728251019167364, 0.1213964886465225, 0.5266553635673152, 0.5015747794557133, 0.41531415597544896, -0.4090200895557932, -0.5728855434195514, 1.0351722209758278, 0.5604229354755681, 0.85, 0.8425658553185619, 0.3808731868342868, 0.8902407299983934, -0.2716677233508833, 0.8891279597648112, -0.06210480976299956, 0.48630689514618836, -0.672688070742368, 0.6985765044108664, 0.15622361945762978, 0.344617182471331, 0.12729391984328076], [1.0273654090361257, 0.8738529882480274, 1.0385915220427548, 0.8510191189008659, 0.593250260070255, 1.0384805664983041, 0.9360040151706904, 0.2307113575249658, 0.41128143171997034, 0.43530869545976164, 0.731733075260535, 0.6487054854846371, 0.04397110416294279, -0.25500834711685033, 0.909670163542514, 0.4941633955308721, 0.798220283986006, 0.97, 0.546261341606803, 0.8095202046514075, -0.5629519301496094, 1.078791496813945, -0.3235740584325127, 0.4946853459113773, -0.7293461719988447, 0.8867000117518988, 0.0454057568285893, 0.6172190259328546, 0.08376516434188329], [0.3579131582778327, 0.4278115296247329, 0.5763105856264997, 0.3874120437754311, 0.5117376753535249, 0.6830786969627236, 0.7949944899779895, 0.372937250022707, 0.7058886261263705, 0.5953775635293074, 0.9243840480033151, 0.7594740007470538, 0.35153036312110053, -0.11515858900366002, 0.6283173955988776, 0.1262608911213829, 0.45380635027063965, 0.6579966160263763, 0.93, 0.28172523758428714, -0.3570475621707864, 0.7242491114280145, -0.3977127677798302, 0.3960773899878469, -0.7857054067610889, 0.5705920960617533, -0.07867314092000281, 0.6973812152775368, -0.04938126966537751], [0.8054144794106459, 0.7984279361224009, 0.8683329496728777, 0.889132066052862, 0.7464283386110969, 0.7323687721192923, 0.7197958697506018, -0.005892662240394607, 0.23016192182017794, 0.43725783954661773, 0.4455592303411095, 0.35174113622492326, -0.1182371843898351, -0.21658578874120896, 0.7862494224893906, 0.6041892574873644, 0.9401607709328826, 0.7133395862769828, 0.21769677449694913, 1.04, -0.3260299828658035, 0.6498377797426516, 0.0741085801458863, 0.3382195087396712, -0.3410381308281137, 0.7471653751025444, 0.14450049336596088, 0.42768995965046863, 0.15844285483827725], [-0.7260227144516002, -0.5714979717230927, -0.7202184681870938, -0.2930179700127968, -0.2279490506516322, -0.6114903764488003, -0.6969311845439841, -0.6157033131202031, -0.27670502208291176, 0.06791498760540433, -0.6613370432611682, -0.5861273648856762, -0.349976799736305, -0.2782311466233927, -0.6749387625255722, 0.17038314419418443, -0.35156999492467256, -0.7396926524058821, -0.40441101429548265, -0.2856368876434916, 0.98, -0.5798090052294376, 0.37648819044356324, -0.25161570569515823, 0.5886961988301276, -0.7816727652369643, 0.0022639013254565224, -0.6656999227544108, -0.07747903946446927], [0.9085151512776393, 0.6378151256929998, 0.9202035702145748, 0.7665063195706838, 0.48890166256645134, 0.934824021423893, 0.8075926550741327, 0.2590895961291005, 0.32319414867088714, 0.29358461115041556, 0.7878695625442286, 0.8892150916037507, 0.15274213896759817, -0.15683691966782362, 0.8744959259437128, 0.4103475042404567, 0.864879015407589, 0.8989929140116208, 0.7521048464829382, 0.5821463443527921, -0.518776478363181, 1.14, -0.6435251081168645, 0.19764179732660428, -1.043838586546264, 0.7971577701368506, -0.22022462746568733, 0.7233010813103586, -0.20758102191531955], [-0.0733555792963958, -0.08712096214493037, -0.18925864158602895, 0.03223452312416311, -0.08433866262586741, -0.2740013409131235, -0.16018101378125837, -0.40532959728074897, 0.03410873944786748, 0.2731038616651526, -0.2701658234372708, -0.5986440035104984, -0.5256747682290166, -0.28126314816049963, -0.11331631679907202, -0.14369120585343773, -0.07943638458058085, -0.3092566222186848, -0.41082417770663776, 0.072564651392847, 0.40490239349590756, -0.4798213525432762, 0.88, 0.5279838113613803, 0.6698300220128489, -0.3445545403276798, 0.7075587734389059, -0.6355463302902369, 0.8304544822943866], [0.5979483928256802, 0.34003372026292633, 0.48865990043795576, 0.44861620377931377, 0.2806131750584265, 0.35939292440212145, 0.718012086922203, -0.06155241743901881, 0.5224936081010678, 0.7159918037563134, 0.617555665832036, 0.06552196559571669, -0.22183092025060483, -0.5224113826723489, 0.5546109667715812, -0.056360326605782975, 0.4244132903094007, 0.42091647853862807, 0.37974430174092544, 0.3164989898297841, -0.23207273826252453, 0.17051449181118802, 0.5013179623027247, 1.13, -0.33909549261528626, 0.4340087807923429, 0.7253411517574289, 0.2117749240387294, 0.864126900425674], [-0.6875211702605535, -0.43673240826921395, -0.8584224829580716, -0.4942090324697758, -0.37421457214013154, -0.7542353930045094, -0.8002659942062272, -0.3493479189523576, -0.4096293002838959, -0.29193412080104836, -0.897470609791362, -0.7644447292844379, -0.18832312859433414, 0.19330285673793696, -0.7187827480306921, -0.12182314922597533, -0.6204404535973297, -0.8634788013319656, -0.9735914822909144, -0.4453556767284779, 0.6526849160942719, -1.034682107716911, 0.622824406433, -0.3048748465715418, 0.96, -0.685078132749597, 0.19992352365570662, -0.7539010687542457, 0.16021830769841527], [0.769904158839205, 1.0262950017629613, 0.981290691535572, 0.741395738799234, 0.7455407129744355, 0.9010326564180297, 0.8251260110098266, 0.5967119884019378, 0.6985839006881776, 0.4695187564375204, 0.9283765629727467, 0.9267527121819296, 0.48471386402565847, 0.0049264827054784, 0.9020030913255089, 0.40986061897407117, 0.5525105080340489, 0.7690765408052184, 0.7249876044078749, 0.5856161048101023, -0.7005557801652038, 0.7542998255058371, -0.3209086405012704, 0.44993570852784165, -0.6542881043114128, 1.04, 0.03205470410831054, 0.7820389238354398, 0.10516160368026521], [0.2510331280240072, 0.16184191265522532, 0.12323025511932945, 0.24181556853956837, 0.05963747354212071, 0.006426016183632523, 0.26992498454215547, -0.21765879620582196, 0.30904038015768115, 0.5599195633511408, 0.15556402389512847, -0.35057823361130874, -0.3613029929242638, -0.32026117774226925, 0.19659647156047122, -0.16619121468950232, 0.16352378859116387, 0.044960602349877636, -0.08750379959469701, 0.14179954956472796, 0.002576994061955829, -0.27338229616430154, 0.7575040986228289, 0.8277422555349483, 0.17052300547104388, 0.03144989837041789, 1.08, -0.22302684672030407, 1.018799867242871], [0.6203843417065678, 0.6343382421815809, 0.6833097551806088, 0.4092990509734401, 0.7949213043171561, 0.665163243027168, 0.7701217661582874, 0.8475210915341601, 0.7994958814140924, 0.38733482514386813, 0.8255150279199193, 0.9746611034128811, 0.6732331384526185, 0.1468521928150622, 0.5290799603894805, 0.34497986808702136, 0.344617182471331, 0.7176965417823891, 0.8083282267989632, 0.33014663551966006, -0.7060453726183146, 0.8555174080014996, -0.6008801668198603, 0.20178554082935538, -0.8559918384813833, 1.000282344440679, -0.21230440216644328, 0.95, -0.12700231011947002], [0.2898616995952138, 0.2649334445118018, 0.16818255205339475, 0.25043280975238913, 0.12797196507009265, 0.02312548293871248, 0.2647596553793086, -0.1305050046458108, 0.41443588798150677, 0.6139983952047954, 0.1902861905260577, -0.35545729453737895, -0.22771427479089243, -0.2814048414937712, 0.22673851021342692, -0.1888053419864953, 0.13708575983122542, 0.07300633589430194, -0.04595880543114342, 0.18709741369200827, -0.08939889168977223, -0.19617547126063165, 0.8797884119356373, 0.9069054598526876, 0.16538664020481578, 0.08860838828614938, 0.9891260847018166, -0.14983418609600396, 1.12]]}, {"name": 2, "matrix": [[1.0, 0.8167353568166719, 0.8583156823599258, 0.7159598633002293, 0.6176641718270458, 0.790817360647207, 0.7582898928020958, 0.2823995598086685, 0.28698974289917284, 0.35184633229561874, 0.6024627176646729, 0.3858146620640704, 0.013820879127899519, -0.10816958181180224, 0.9340323316123946, 0.34423088200748514, 0.7493927553794141, 0.7063959488286983, 0.3484695642821267, 0.7144689424625752, -0.537346210201413, 0.7900317167969592, -0.05738571400945597, 0.46271678359679236, -0.6705175056393317, 0.7641314241388528, 0.28972198929344906, 0.6019151301345768, 0.3219768450799869], [0.9528579162861173, 1.05, 0.7524806514024885, 0.829240926509736, 0.856169330525218, 0.7251749650526322, 0.6696427220650893, 0.540518147293816, 0.43210245115531687, 0.4243613765117706, 0.6725013429082897, 0.6283178275461451, 0.4013514582287138, 0.10910524700682608, 0.6289927479555987, 0.5566838592927261, 0.5993734607729309, 0.6554740283883785, 0.3085323587676211, 0.7255669973415166, -0.4121007559796949, 0.589119434369136, -0.04608219725808132, 0.23871730965621063, -0.4444623700476987, 0.7968660150468627, 0.20606139917486851, 0.7901464395909042, 0.2572661695073011], [0.8583156823599258, 0.7933763389787106, 1.1, 0.7940342910374703, 0.6071219005183317, 0.8922982987140164, 0.7763778761295882, 0.1511304372729732, 0.2239962356720075, 0.35153186929637664, 0.7062138323370627, 0.6182017499536319, -0.023162682848871508, -0.20328411873003302, 1.0564548692418116, 0.4147214088660196, 0.8597823457376377, 1.005719411365035, 0.5294750561030036, 0.814155784943719, -0.46956609544693245, 0.984828670607524, -0.16834889473979311, 0.35121602780842137, -0.8595821821656864, 0.7552507024728451, 0.13996695102159956, 0.6102503293875547, 0.21334125370222135], [0.7580751493767134, 0.7075174877560132, 0.8812908065360933, 1.13, 0.5845514800845718, 0.8742138666859885, 0.5569656718772644, -0.053466596262265534, 0.2189151594177833, 0.5322922251036339, 0.48516506414709415, 0.2977348854626965, -0.20385119812549837, -0.41284769706883445, 0.8406568635960823, 0.623346074964021, 0.9377703304887072, 0.7595764782648188, 0.3552338225256326, 0.9445998240769887, -0.14799969989338135, 0.6837119734509716, 0.015960788113952698, 0.41948722133980804, -0.598620226020603, 0.7054526680713834, 0.353498283413712, 0.3605842707029662, 0.32197172297644594], [0.6345095583314198, 0.8476076372199659, 0.5408904204617864, 0.7179817092343109, 0.97, 0.5487018758687683, 0.5818158839566218, 0.5129876944420456, 0.7005571965330573, 0.6260772380776864, 0.6906083898320132, 0.6261255010671296, 0.4589625428921936, 0.04197582676153454, 0.5636081615231645, 0.7014693053187875, 0.4339572846407189, 0.5354113892846224, 0.33589332448050657, 0.7576816678640146, -0.1982255028061876, 0.47007230412791245, -0.02871057780633523, 0.21996928967871096, -0.32897493248254117, 0.7088218605943635, 0.078584550636023, 0.7190489618690317, 0.1352474859473277], [0.7084405522464563, 0.6504146593771031, 0.8539198772639511, 0.8742138666859885, 0.5140470205507408, 0.92, 0.716264706289407, 0.10666951644772175, 0.31809047210193386, 0.4491286933714964, 0.6925993363391869, 0.6317601968892487, -0.005277110368865638, -0.28938972955195563, 0.8708476897096616, 0.5329060430761791, 0.7744437662521914, 1.0358459247815108, 0.7499342927472695, 0.748049223640467, -0.37843306462703247, 1.0237958878688127, -0.23996733476903154, 0.29672427022220277, -0.8982703549642141, 0.7889964556685698, 0.028863716758235174, 0.5560794462609698, 0.054914329202075896], [0.8731823008024133, 0.6959032209696027, 0.760533429677964, 0.6719911910693083, 0.5220030360732307, 0.7480986932356027, 0.93, 0.30033961785903596, 0.5263706843565407, 0.5237613468993233, 0.9203766205654238, 0.7303490607271202, 0.12649164268444502, -0.21881018406508623, 0.9019529474699223, 0.12822115056987696, 0.5861766411007029, 0.9535671620223286, 0.5909784617686464, 0.5621128005253911, -0.7278777426914161, 0.6724561357320027, -0.06796782082039807, 0.532930901287106, -0.7243280972190946, 0.8467819795608073, 0.14541073890109724, 0.7318288612363598, 0.1977410760032774], [0.23317394846587303, 0.43853359120064317, 0.15273820788226014, -0.06865597020040914, 0.47812445307219786, 0.12536417396948743, 0.27030565607313234, 1.12, 0.6025867795385483, 0.004126264466206729, 0.4522411880175167, 0.49882578549003587, 1.0492408314255612, 0.7522406383965226, 0.07980519762680935, 0.002384962907744097, -0.19491873567071435, 0.19911852267147592, 0.3469820393415672, 0.06571964123676857, -0.5307306011263018, 0.20184510383923926, -0.3935544573631865, -0.06299682668614834, -0.2372161020577131, 0.660033162318711, -0.1761790861807567, 0.690477634293424, -0.03606611898114789], [0.3086493461368462, 0.4981887083908359, 0.2592315985867053, 0.24220400616435603, 0.5815946537255569, 0.304973339231751, 0.6225889814969835, 0.5173150654529046, 1.1, 0.7377596400890042, 0.8527334085670558, 0.7135159149159161, 0.6106918003716402, 0.01719941270442831, 0.27608906006619444, 0.12301414441442572, 0.06919968064953387, 0.44324003466467227, 0.6955361624206484, 0.16069192165717433, -0.24557690218866726, 0.27010272180580286, 0.11325643319639847, 0.6159779730017287, -0.2288362320335008, 0.5220211864332673, 0.19702053162038757, 0.5837387916679392, 0.36315255800396185], [0.32945611114953394, 0.3996412963266189, 0.3254924715707191, 0.5779172729696596, 0.6007811880543455, 0.4657630894222926, 0.5414162237610982, 0.0040116460088120975, 0.6501050293853601, 1.0, 0.5