{"stateborders": [5, 14, 25, 36, 47, 60], "times": [{"name": 0, "matrix": [[1.0, 0.5038048813309232, 0.5491361406453374, 0.5994912357094929, 0.41581318931876843, 0.04703314350137722, 0.6256201338793975, 0.3554196597333765, 0.7174871505430502, 0.09324105683297118, 0.2145251290080893, 0.6533165159456491, 0.4799291621326641, 0.5116799651005893, 0.7141672760378058, 0.6657162150719316, 0.7138205640629952, 0.7162352053671077, 0.7537802258909518, 0.06853058984011795, 0.34680360227190377, 0.12437683897909636, 0.29248073264432234, -0.1733004944348809, 0.4974272855988002, 0.702745691962837, -0.04019929074108357, 0.81548921631845, 0.22681204818614295], [0.5038048813309232, 1.0, -0.228999688171455, 0.8572291792351527, 0.9332423149817111, 0.013118870655851517, -0.23251428662645, 0.36955861245371574, 0.37126565633712216, -0.18760791601729446, -0.48720201233437843, -0.053280522949277924, 0.39494741536417866, 0.7680283363767192, -0.07898128598326457, 0.3742643577873392, 0.3169454029736425, -0.17316613499435873, 0.29678396456402106, 0.8298030190630022, 0.7062947531436311, -0.13300700368504922, 0.1644681944676634, -0.15659130070406238, 0.47453970661835654, 0.8532658616164897, 0.4855770610233634, 0.60566491506927, 0.7573325831449962], [0.5491361406453374, -0.228999688171455, 1.0, -0.2706978317607346, -0.38866490255354014, 0.5985332761596277, 0.7551049404425083, 0.4051389882811083, 0.11024923946290117, 0.08628518489762226, 0.9019778785404523, 0.9418651053831522, 0.32618446867238576, -0.4122088323751001, 0.8091062256288782, 0.1184363415177345, 0.16795609932824154, 0.7539195259493271, 0.8017011967892679, -0.6302425088471044, -0.5387950512168307, 0.7541893002816646, -0.3512886774489933, 0.38700229853989404, -0.3384462802980074, -0.1692889875992727, -0.2578862783526124, 0.2538365400734334, -0.46231106320412235], [0.5994912357094929, 0.8572291792351527, -0.2706978317607346, 1.0, 0.9480228390975632, -0.33986684427637737, 0.05872663090302414, -0.06700466506690238, 0.7376017387381855, 0.22097875105421172, -0.5894860088092342, -0.03378622261796971, 0.0706200093137762, 0.8778083506152757, 0.14831779520270644, 0.7476558941211053, 0.7002351531163751, 0.11636523210078167, 0.2678596701349637, 0.7131968924391748, 0.9356656542568034, -0.4681129115447329, 0.6297739040787854, -0.44426574642875005, 0.7952038282796917, 0.9748587951480467, 0.11311040481109029, 0.8214988130472595, 0.5701127585850432], [0.41581318931876843, 0.9332423149817111, -0.38866490255354014, 0.9480228390975632, 1.0, -0.190570294354035, -0.17489048415456152, 0.020135828035737775, 0.5262225675306854, 0.11468424300448363, -0.6444884957329885, -0.15888628784955955, 0.09328844386776701, 0.8000782593053777, -0.05747893948926228, 0.5550039231612902, 0.4754492642201739, -0.14148115046826668, 0.20438437768137774, 0.8508554670628581, 0.8875111717867306, -0.3786186439278341, 0.43994631118774946, -0.2779625309364266, 0.6182900429110415, 0.9038204321744516, 0.2904164204771355, 0.6928196598917348, 0.6516391048481769], [0.04703314350137722, 0.013118870655851517, 0.5985332761596277, -0.33986684427637737, -0.190570294354035, 1.0, 0.035672391541180924, 0.5621601303280203, -0.4990631185221815, -0.18855468241795745, 0.6830646252561209, 0.48813337384176475, 0.36403298171019594, -0.5899603349909536, 0.18035039449937657, -0.39292539396379617, -0.4563534118434999, -0.011429791408668243, 0.589347385523187, -0.12420160811444916, -0.5850492174200707, 0.9556212481686053, -0.8090800761813186, 0.8557583690170559, -0.79545359239402, -0.30899203672422143, 0.3201864730346645, -0.029105754777664996, -0.13919035386351603], [0.6256201338793975, -0.23251428662645, 0.7551049404425083, 0.05872663090302414, -0.17489048415456152, 0.035672391541180924, 1.0, -0.15530032172869984, 0.6407227109040486, 0.5869964092629321, 0.5467445314618448, 0.8487294632679687, -0.12662210749543876, -0.1044942118169351, 0.9745540688160067, 0.6407515905002431, 0.6924019151643144, 0.9823670078181868, 0.6808413834592261, -0.6170150387344556, -0.07590995940367846, 0.17904674287007002, 0.29922218507212145, -0.0955668383085487, 0.19524029600400075, 0.10747178527376494, -0.6870730513074987, 0.5368212354834672, -0.5778502553678321], [0.3554196597333765, 0.36955861245371574, 0.4051389882811083, -0.06700466506690238, 0.020135828035737775, 0.5621601303280203, -0.15530032172869984, 1.0, -0.3041183224425566, -0.7670529756912382, 0.3757354285814697, 0.2941661158624565, 0.9150226258337549, 0.045738396593866144, -0.03465220919437566, -0.39778429376538144, -0.3448722305243058, -0.08123740957552385, 0.35845592641159885, 0.10449971067418957, -0.33196516059983094, 0.6378033824903475, -0.6706646749141539, 0.37716949856158044, -0.3029676776503869, 0.06323757385722255, 0.6289591780085629, -0.07647730056276038, 0.43515350582424234], [0.7174871505430502, 0.37126565633712216, 0.11024923946290117, 0.7376017387381855, 0.5262225675306854, -0.4990631185221815, 0.6407227109040486, -0.3041183224425566, 1.0, 0.5543586122590999, -0.23651972233128832, 0.35565620714367246, -0.15297204220365027, 0.6479657873301017, 0.6320131817703983, 0.9632214875844534, 0.9888496813166883, 0.6738927437914025, 0.39341366435187386, 0.08102588401075278, 0.6955846409846197, -0.4741489396149645, 0.8113645222003978, -0.5983319404199159, 0.8444739431043304, 0.7457110627219916, -0.47279074623393275, 0.8187981120704102, 0.015337333626103544], [0.09324105683297118, -0.18760791601729446, 0.08628518489762226, 0.22097875105421172, 0.11468424300448363, -0.18855468241795745, 0.5869964092629321, -0.7670529756912382, 0.5543586122590999, 1.0, 0.019182303121421267, 0.25582469766411897, -0.7052048594829727, -0.10727800093823667, 0.5300473343465737, 0.6543145648491415, 0.5924970155831643, 0.48554672650094755, 0.28467142206955226, -0.21198023798549684, 0.30466100020165826, -0.25654528404608035, 0.5791677359758508, -0.06052867529992358, 0.23478496903580018, 0.13453408776050657, -0.6368131849546543, 0.49678914950493747, -0.49693685051260617], [0.2145251290080893, -0.48720201233437843, 0.9019778785404523, -0.5894860088092342, -0.6444884957329885, 0.6830646252561209, 0.5467445314618448, 0.3757354285814697, -0.23651972233128832, 0.019182303121421267, 1.0, 0.7349536708251768, 0.30853482663912807, -0.7032356913880423, 0.5603434851168505, -0.24015263139364001, -0.1904245594082671, 0.5211027874394258, 0.5858695902089265, -0.7160173230048457, -0.7813002071326093, 0.8329101836716417, -0.5460308911274746, 0.645133875749748, -0.6363780998172177, -0.4832782253782361, -0.11142087959888011, -0.07988478990483189, -0.4970417640093985], [0.6533165159456491, -0.053280522949277924, 0.9418651053831522, -0.03378622261796971, -0.15888628784955955, 0.48813337384176475, 0.8487294632679687, 0.2941661158624565, 0.35565620714367246, 0.25582469766411897, 0.7349536708251768, 1.0, 0.18333254308445274, -0.23201620055592814, 0.9143620637649464, 0.3822936263694439, 0.4114027474060532, 0.8285338888817956, 0.884111781742939, -0.5382404394324363, -0.3080637702955451, 0.6112775690477421, -0.17067901273833294, 0.21353565164544175, -0.12977550107662475, 0.030776315372919347, -0.3962034645045713, 0.45881051593035393, -0.4709704681854452], [0.4799291621326641, 0.39494741536417866, 0.32618446867238576, 0.0706200093137762, 0.09328844386776701, 0.36403298171019594, -0.12662210749543876, 0.9150226258337549, -0.15297204220365027, -0.7052048594829727, 0.30853482663912807, 0.18333254308445274, 1.0, 0.21665080810150517, -0.030789585071403943, -0.294960179988453, -0.2171668531304575, -0.007317268230802294, 0.31014965727500315, 0.20432360890731155, -0.15151991518226487, 0.445680128517242, -0.4168269621380147, 0.29963811020235537, -0.09987786226363506, 0.24510296066131979, 0.6893738555226038, 0.048536169816662825, 0.5998524967696877], [0.5116799651005893, 0.7680283363767192, -0.4122088323751001, 0.8778083506152757, 0.8000782593053777, -0.5899603349909536, -0.1044942118169351, 0.045738396593866144, 0.6479657873301017, -0.10727800093823667, -0.7032356913880423, -0.23201620055592814, 0.21665080810150517, 1.0, -0.06510032176557237, 0.5639834151487841, 0.5840804336388064, 0.0032286123208705576, -0.05081007477686851, 0.6670215221732041, 0.8700363044445291, -0.6344925639222574, 0.6271130554764074, -0.684967334270555, 0.8944787260978115, 0.8930627606932484, 0.1658748794321203, 0.5401621506998262, 0.6799517341352965], [0.7141672760378058, -0.07898128598326457, 0.8091062256288782, 0.14831779520270644, -0.05747893948926228, 0.18035039449937657, 0.9745540688160067, -0.03465220919437566, 0.6320131817703983, 0.5300473343465737, 0.5603434851168505, 0.9143620637649464, -0.030789585071403943, -0.06510032176557237, 1.0, 0.6579797137328927, 0.6884804367185009, 0.9648498713139566, 0.8094626309585241, -0.4989781437584592, -0.04521880632597592, 0.29074863925007716, 0.22388701925376345, -0.023293734773679617, 0.16145895650604639, 0.19968505215697974, -0.5968622832710996, 0.6387667123180524, -0.502151622676306], [0.6657162150719316, 0.3742643577873392, 0.1184363415177345, 0.7476558941211053, 0.5550039231612902, -0.39292539396379617, 0.6407515905002431, -0.39778429376538144, 0.9632214875844534, 0.6543145648491415, -0.24015263139364001, 0.3822936263694439, -0.294960179988453, 0.5639834151487841, 0.6579797137328927, 1.0, 0.9834122970604764, 0.6515884260893022, 0.44778639075390164, 0.10865344615848622, 0.6957379515510075, -0.413997653552308, 0.7806727317403185, -0.5398534675820943, 0.7683662854256389, 0.7125176685807325, -0.5234472329122877, 0.8731182536133849, -0.0725275987179371], [0.7138205640629952, 0.3169454029736425, 0.16795609932824154, 0.7002351531163751, 0.4754492642201739, -0.4563534118434999, 0.6924019151643144, -0.3448722305243058, 0.9888496813166883, 0.5924970155831643, -0.1904245594082671, 0.4114027474060532, -0.2171668531304575, 0.5840804336388064, 0.6884804367185009, 0.9834122970604764, 1.0, 0.7200106517156954, 0.4258363556112865, 0.021520326715716222, 0.64840743995454, -0.4288488159732214, 0.7927940311495854, -0.5945417260521247, 0.8057709851206268, 0.6937788335274787, -0.543924935140895, 0.8290123901323934, -0.07556462991843511], [0.7162352053671077, -0.17316613499435873, 0.7539195259493271, 0.11636523210078167, -0.14148115046826668, -0.011429791408668243, 0.9823670078181868, -0.08123740957552385, 0.6738927437914025, 0.48554672650094755, 0.5211027874394258, 0.8285338888817956, -0.007317268230802294, 0.0032286123208705576, 0.9648498713139566, 0.6515884260893022, 0.7200106517156954, 1.0, 0.6696968322405299, -0.5577375975705828, -0.0308492348373566, 0.1472030760067925, 0.3381579148272387, -0.16231394601000382, 0.2746094889557405, 0.1915001173647049, -0.6286102642209639, 0.5699003504053233, -0.4749969301484656], [0.7537802258909518, 0.29678396456402106, 0.8017011967892679, 0.2678596701349637, 0.20438437768137774, 0.589347385523187, 0.6808413834592261, 0.35845592641159885, 0.39341366435187386, 0.28467142206955226, 0.5858695902089265, 0.884111781742939, 0.31014965727500315, -0.05081007477686851, 0.8094626309585241, 0.44778639075390164, 0.4258363556112865, 0.6696968322405299, 1.0, -0.14110866704078412, -0.038126110344511174, 0.6027740849707257, -0.12555109656406505, 0.37034244310533193, -0.06937082571520355, 0.32705370526043176, -0.08401740607299009, 0.6987077513268881, -0.13380432708435835], [0.06853058984011795, 0.8298030190630022, -0.6302425088471044, 0.7131968924391748, 0.8508554670628581, -0.12420160811444916, -0.6170150387344556, 0.10449971067418957, 0.08102588401075278, -0.21198023798549684, -0.7160173230048457, -0.5382404394324363, 0.20432360890731155, 0.6670215221732041, -0.4989781437584592, 0.10865344615848622, 0.021520326715716222, -0.5577375975705828, -0.14110866704078412, 1.0, 0.7235398594325335, -0.3474944007602958, 0.21581440109447672, -0.11821987419482045, 0.3673690200455563, 0.6797198828806839, 0.6032809259000192, 0.3236151162083604, 0.8209680569146354], [0.34680360227190377, 0.7062947531436311, -0.5387950512168307, 0.9356656542568034, 0.8875111717867306, -0.5850492174200707, -0.07590995940367846, -0.33196516059983094, 0.6955846409846197, 0.30466100020165826, -0.7813002071326093, -0.3080637702955451, -0.15151991518226487, 0.8700363044445291, -0.04521880632597592, 0.6957379515510075, 0.64840743995454, -0.0308492348373566, -0.038126110344511174, 0.7235398594325335, 1.0, -0.7298172901807993, 0.7856165204974679, -0.5691854054035891, 0.8563129006679122, 0.8825879049078718, 0.03604174775645022, 0.6583312296837567, 0.5324634983740959], [0.12437683897909636, -0.13300700368504922, 0.7541893002816646, -0.4681129115447329, -0.3786186439278341, 0.9556212481686053, 0.17904674287007002, 0.6378033824903475, -0.4741489396149645, -0.25654528404608035, 0.8329101836716417, 0.6112775690477421, 0.445680128517242, -0.6344925639222574, 0.29074863925007716, -0.413997653552308, -0.4288488159732214, 0.1472030760067925, 0.6027740849707257, -0.3474944007602958, -0.7298172901807993, 1.0, -0.8381413241367339, 0.7954697463072631, -0.7895462204200668, -0.4036399536459662, 0.23152658446357513, -0.10380423172670081, -0.23204763138644646], [0.29248073264432234, 0.1644681944676634, -0.3512886774489933, 0.6297739040787854, 0.43994631118774946, -0.8090800761813186, 0.29922218507212145, -0.6706646749141539, 0.8113645222003978, 0.5791677359758508, -0.5460308911274746, -0.17067901273833294, -0.4168269621380147, 0.6271130554764074, 0.22388701925376345, 0.7806727317403185, 0.7927940311495854, 0.3381579148272387, -0.12555109656406505, 0.21581440109447672, 0.7856165204974679, -0.8381413241367339, 1.0, -0.715285043017168, 0.8729253117279567, 0.6028967933355265, -0.44795297237467147, 0.5428451859452965, 0.06244259661190808], [-0.1733004944348809, -0.15659130070406238, 0.38700229853989404, -0.44426574642875005, -0.2779625309364266, 0.8557583690170559, -0.0955668383085487, 0.37716949856158044, -0.5983319404199159, -0.06052867529992358, 0.645133875749748, 0.21353565164544175, 0.29963811020235537, -0.684967334270555, -0.023293734773679617, -0.5398534675820943, -0.5945417260521247, -0.16231394601000382, 0.37034244310533193, -0.11821987419482045, -0.5691854054035891, 0.7954697463072631, -0.715285043017168, 1.0, -0.8365519621944152, -0.4044172689081635, 0.45187797637731886, -0.1805681108344061, -0.05467761702707429], [0.4974272855988002, 0.47453970661835654, -0.3384462802980074, 0.7952038282796917, 0.6182900429110415, -0.79545359239402, 0.19524029600400075, -0.3029676776503869, 0.8444739431043304, 0.23478496903580018, -0.6363780998172177, -0.12977550107662475, -0.09987786226363506, 0.8944787260978115, 0.16145895650604639, 0.7683662854256389, 0.8057709851206268, 0.2746094889557405, -0.06937082571520355, 0.3673690200455563, 0.8563129006679122, -0.7895462204200668, 0.8729253117279567, -0.8365519621944152, 1.0, 0.7883031543916293, -0.22193873494287245, 0.5785906256289475, 0.35258783266355587], [0.702745691962837, 0.8532658616164897, -0.1692889875992727, 0.9748587951480467, 0.9038204321744516, -0.30899203672422143, 0.10747178527376494, 0.06323757385722255, 0.7457110627219916, 0.13453408776050657, -0.4832782253782361, 0.030776315372919347, 0.24510296066131979, 0.8930627606932484, 0.19968505215697974, 0.7125176685807325, 0.6937788335274787, 0.1915001173647049, 0.32705370526043176, 0.6797198828806839, 0.8825879049078718, -0.4036399536459662, 0.6028967933355265, -0.4044172689081635, 0.7883031543916293, 1.0, 0.16716260032767238, 0.8283817266482072, 0.6169891334561096], [-0.04019929074108357, 0.4855770610233634, -0.2578862783526124, 0.11311040481109029, 0.2904164204771355, 0.3201864730346645, -0.6870730513074987, 0.6289591780085629, -0.47279074623393275, -0.6368131849546543, -0.11142087959888011, -0.3962034645045713, 0.6893738555226038, 0.1658748794321203, -0.5968622832710996, -0.5234472329122877, -0.543924935140895, -0.6286102642209639, -0.08401740607299009, 0.6032809259000192, 0.03604174775645022, 0.23152658446357513, -0.44795297237467147, 0.45187797637731886, -0.22193873494287245, 0.16716260032767238, 1.0, -0.14847039075325746, 0.8309163761634529], [0.81548921631845, 0.60566491506927, 0.2538365400734334, 0.8214988130472595, 0.6928196598917348, -0.029105754777664996, 0.5368212354834672, -0.07647730056276038, 0.8187981120704102, 0.49678914950493747, -0.07988478990483189, 0.45881051593035393, 0.048536169816662825, 0.5401621506998262, 0.6387667123180524, 0.8731182536133849, 0.8290123901323934, 0.5699003504053233, 0.6987077513268881, 0.3236151162083604, 0.6583312296837567, -0.10380423172670081, 0.5428451859452965, -0.1805681108344061, 0.5785906256289475, 0.8283817266482072, -0.14847039075325746, 1.0, 0.1808934131749855], [0.22681204818614295, 0.7573325831449962, -0.46231106320412235, 0.5701127585850432, 0.6516391048481769, -0.13919035386351603, -0.5778502553678321, 0.43515350582424234, 0.015337333626103544, -0.49693685051260617, -0.4970417640093985, -0.4709704681854452, 0.5998524967696877, 0.6799517341352965, -0.502151622676306, -0.0725275987179371, -0.07556462991843511, -0.4749969301484656, -0.13380432708435835, 0.8209680569146354, 0.5324634983740959, -0.23204763138644646, 0.06244259661190808, -0.05467761702707429, 0.35258783266355587, 0.6169891334561096, 0.8309163761634529, 0.1808934131749855, 1.0]]}, {"name": 1, "matrix": [[1.01, 0.5441092718373971, 0.5326620564259773, 0.5335471997814487, 0.3783900022800793, 0.04797380637140476, 0.6381325365569854, 0.3305402835520402, 0.7892358655973554, 0.09976793081127917, 0.18878211352711857, 0.6467833507861926, 0.5279220783459305, 0.48097916719455397, 0.6927422577566716, 0.6524018907704929, 0.8137554430318145, 0.7950210779574897, 0.829158248480047, 0.06304814265290852, 0.32252735011287054, 0.13432698609742408, 0.3041799619500952, -0.190630543878369, 0.5521442870146682, 0.6746358642843234, -0.04421921981519193, 0.880728353623926, 0.19732648192194435], [0.5541853694640155, 1.07, -0.19922972870916583, 0.7372170941422314, 0.8585829297831742, 0.013643625482085578, -0.20228742936501148, 0.38064537082732725, 0.3378517472667812, -0.17822752021642974, -0.47258595196434705, -0.05168210726079959, 0.4146947861323876, 0.8448311700143912, -0.07029334452510547, 0.363036427053719, 0.27574250058706895, -0.15931284419481004, 0.3264623610204232, 0.8795912002067824, 0.7062947531436311, -0.14098742390615218, 0.18749374169313626, -0.1440639966477374, 0.4840305007507237, 0.9556577650104685, 0.5195674552949988, 0.5632683710144212, 0.802772538133696], [0.6095411161163247, -0.19464973494573673, 0.92, -0.2842327233487713, -0.39255155157907556, 0.5865626106364351, 0.8457175332956094, 0.43755010734359695, 0.12347914819844932, 0.07851951825683626, 0.8929580997550478, 0.8288412927371739, 0.36858844959979586, -0.4204530090226021, 0.9142900349606323, 0.12672688542397592, 0.17635390429465364, 0.6936059638733809, 0.7135140651424484, -0.712174034997228, -0.5818986553141772, 0.746647407278848, -0.3793917716449128, 0.3753922295836972, -0.3350618174950273, -0.18621788635919997, -0.24499196443498178, 0.24875980927196475, -0.4530648419400399], [0.5395421121385436, 0.8057954284810436, -0.2977676149368081, 1.05, 0.8437403267968313, -0.35686018649019624, 0.05520303304884269, -0.06700466506690238, 0.6933456344138943, 0.21434938852258537, -0.6071705890735112, -0.03209691148707122, 0.07485720987260278, 0.983145352689109, 0.15573368496284176, 0.7775621298859495, 0.6582210439293925, 0.11636523210078167, 0.25714528332956516, 0.7845165816830924, 0.9824489369696435, -0.39789597481302297, 0.6864535554458762, -0.3776258844644375, 0.8906282876732549, 0.9553616192450858, 0.11876592505164481, 0.788638860525369, 0.6100206516859963], [0.41581318931876843, 0.9892368538806138, -0.3692316574258631, 0.8058194132329287, 1.13, -0.18104177963633325, -0.15740143573910537, 0.021948052558954177, 0.4578136337516963, 0.1295931945950665, -0.5864845311170196, -0.15888628784955955, 0.09795286606115536, 0.7840766941192702, -0.06380162283308113, 0.5550039231612902, 0.4326588304403583, -0.14714039648699734, 0.2064282214581915, 0.8168212483803438, 0.7543844960187209, -0.3483291524136074, 0.44874523741150446, -0.2918606574832479, 0.5379123373326061, 0.9670878624266633, 0.2846080920675928, 0.6235376939025613, 0.5929915854118409], [0.046562812066363445, 0.011151040057473789, 0.6404306054908017, -0.37045486026125135, -0.1867588884669543, 1.12, 0.034602219794945495, 0.5846465355411411, -0.4791005937812942, -0.17347030782452086, 0.6694033327509985, 0.4442013701960059, 0.3276296835391764, -0.5604623182414059, 0.19297492211433293, -0.42043017154126194, -0.3924639341854099, -0.010401110181888102, 0.5480930685365639, -0.12544362419559366, -0.5733482330716693, 0.8982839732784889, -0.7281720685631867, 0.8985462874679088, -0.8749989516334221, -0.26573315158283045, 0.31378274357397123, -0.03172527270765485, -0.1224875113998941], [0.6944383486061313, -0.260416001021624, 0.7853091380602086, 0.051092168885631006, -0.18713281804538084, 0.03888290677988721, 0.95, -0.14442929920769085, 0.6471299380130892, 0.5106868760587508, 0.623288765866503, 0.7214200437777734, -0.12662210749543876, -0.09508973275341095, 1.003790690880487, 0.6599741382152504, 0.6231617236478829, 1.0707800385218236, 0.6467993142862647, -0.598504587572422, -0.08046455696789917, 0.16472300344046442, 0.3111910724750063, -0.08696582286077932, 0.21476432560440084, 0.11177065668471554, -0.584012093611374, 0.5851351466769793, -0.49117271706265725], [0.4016242154987154, 0.4028188875745502, 0.4578070567576523, -0.06298438516288823, 0.020538544596452532, 0.4778361107788172, -0.13355827668668185, 1.11, -0.3406125211356634, -0.6903476781221144, 0.33064717715169334, 0.2559245208003372, 0.997374662158793, 0.040249789002602204, -0.03465220919437566, -0.4097178225783429, -0.3655645643557642, -0.09179827282034193, 0.311856655978091, 0.11181469042138285, -0.3087275993578428, 0.6059132133658302, -0.6170115009210216, 0.42242983838897014, -0.2575225260028289, 0.06070807090293365, 0.6981446875895049, -0.07571252755713277, 0.43950504088248477], [0.7748861225864943, 0.39725425228072075, 0.1025317927004981, 0.6859696170265125, 0.5472714702319128, -0.5489694303743997, 0.6727588464492511, -0.3466948875845145, 0.88, 0.5100099232783719, -0.23415452510797544, 0.35565620714367246, -0.14838288093754076, 0.6155674979635966, 0.5498514681402465, 0.9824859173361424, 0.9492956940640207, 0.6469370340397463, 0.40915021092594883, 0.07778484865032266, 0.7790547979027741, -0.49785638659571274, 0.8600463935324217, -0.5803819822073184, 0.8360292036732871, 0.8128250583669709, -0.5058860984703081, 0.7123543575012569, 0.017177813661235972], [0.09044382512798205, -0.1632188869350462, 0.07420525901195514, 0.24749620118071716, 0.12156529758475265, -0.1847835887695983, 0.5987363374481907, -0.7133592673928516, 0.5820765428720549, 0.94, 0.019757772215063904, 0.2481499567341954, -0.6769966651036537, -0.09976854087256011, 0.5671506477508339, 0.660857710497633, 0.5747221051156693, 0.4369920538508528, 0.2875181362902478, -0.21198023798549684, 0.28942795019157536, -0.2411525670033155, 0.5733760586160923, -0.061739248805922055, 0.2535677665586642, 0.12646204249487616, -0.5476593390610027, 0.46698180053464117, -0.49693685051260617], [0.21881563158825107, -0.5505382739378476, 0.9109976573258568, -0.5069579675759414, -0.5478152213730402, 0.6489113939933148, 0.4920700783156603, 0.3682207200098403, -0.2507109056711656, 0.017455895840493355, 1.11, 0.7055555239921697, 0.33321761277025835, -0.6751062637325206, 0.49310226690282843, -0.2689709471608768, -0.17328634906152307, 0.5784240940577627, 0.6503152451319084, -0.7947792285353787, -0.8125522154179137, 0.9328594057122388, -0.5132690376598261, 0.6128771819622606, -0.6427418808153899, -0.4591143141093243, -0.12367717635475693, -0.08627557309721845, -0.4622488405287406], [0.6141175249889101, -0.060739796162176826, 0.9701210585446467, -0.03175904926089152, -0.16683060224203752, 0.5369467112259413, 0.9590642934928045, 0.33534937208320037, 0.3378733967864888, 0.2686159325473249, 0.7864004277829393, 0.98, 0.18883251937698634, -0.23897668657260598, 1.0240855114167402, 0.3822936263694439, 0.45254302214665854, 0.8782459222147033, 0.928317370830086, -0.5382404394324363, -0.2710961178600797, 0.6296158961191743, -0.18433333375739958, 0.18791137344798875, -0.14405080619505348, 0.027083157528169026, -0.4358238109550284, 0.41292946433731853, -0.4615510588217363], [0.41273907943409116, 0.3791495187496115, 0.3098752452387665, 0.07980061052456709, 0.10261728825454372, 0.4077169395154195, -0.11395989674589488, 0.9241728520920925, -0.14379371967143123, -0.6417364221295052, 0.31162017490551935, 0.20349912282374255, 1.02, 0.2426489050736858, -0.026171147310693352, -0.26251456018972313, -0.21499518459915293, -0.0062928506784899725, 0.294642174411253, 0.18797772019472664, -0.1712175041559593, 0.4323097246617247, -0.3834808051669735, 0.2666779180800963, -0.10786809124472586, 0.21569060538196141, 0.5997552543046653, 0.050962978307495965, 0.635843646575869], [0.5167967647515952, 0.7296269195578832, -0.46579598058386307, 0.8602521836029702, 0.8880868678289693, -0.6548559718399585, -0.10867398028961252, 0.046195780559804805, 0.6155674979635966, -0.1222969210695898, -0.6962033344741619, -0.21113474250589462, 0.22315033234455034, 0.98, -0.06184530567729375, 0.5865427517547356, 0.6074436509843586, 0.003034895581618324, -0.04471286580364429, 0.6870321678384003, 0.7917330370445215, -0.5393186793339187, 0.6459264471406996, -0.6644183142424384, 0.8676443643148771, 0.9912996643695058, 0.1658748794321203, 0.5833751227558124, 0.584758491356355], [0.7570173126000742, -0.06792390594560753, 0.7605598520911455, 0.14238508339459818, -0.05805372888415491, 0.18035039449937657, 1.013536231568647, -0.03326612082660063, 0.5877722590464705, 0.5989534878116283, 0.633188138182041, 0.923505684402596, -0.03232906432497414, -0.06379831533026092, 1.07, 0.6842989022822084, 0.5920931755779107, 0.9841468687402357, 0.9146927729831321, -0.42413142219469036, -0.04521880632597592, 0.2762112072875733, 0.2059760577134624, -0.02073142394857486, 0.1469276504205022, 0.17172914485500257, -0.5371760549439897, 0.6259913780716914, -0.4619794928622015], [0.6723733772226509, 0.41169079356607313, 0.11725197810255715, 0.7177496583562611, 0.6049542762458063, -0.3457743466881406, 0.653566622310248, -0.3381166497005742, 1.0499114214670542, 0.7459186039280212, -0.25936484190513126, 0.3822936263694439, -0.3097081889878756, 0.637301259118126, 0.6119211337715902, 0.93, 0.953909928148662, 0.6450725418284092, 0.5059986215519088, 0.11843225631274999, 0.5913772588183563, -0.4429774893009696, 0.7884794590577217, -0.5344549329062733, 0.8452029139682029, 0.7481435520097691, -0.5391506498996563, 0.9255053488301881, -0.07542870266665458], [0.8137554430318145, 0.3518093973007432, 0.16459697734167672, 0.67222574699172, 0.5277486832843931, -0.5202428895015899, 0.6577818194060986, -0.3172824520823614, 0.9196302036245201, 0.6043469558948276, -0.16757361227927506, 0.37849052761356894, -0.21282351606784836, 0.5081499772657615, 0.6471716105153908, 1.1112558956783383, 1.02, 0.7128105451985385, 0.47693671828464096, 0.023457156120130683, 0.64840743995454, -0.4288488159732214, 0.8245057923955688, -0.6539958986573373, 0.9105212131863082, 0.6452143151805553, -0.5112894390324413, 0.878753133540337, -0.08614367810701602], [0.644611684830397, -0.1939460711936818, 0.7313019401708473, 0.11869253674279731, -0.13157746993548802, -0.012344174721361704, 1.0020143479745505, -0.06905179813919526, 0.5728088322226921, 0.47583579197092857, 0.5158917595650315, 0.8285338888817956, -0.007902649689266478, 0.002808892719157385, 1.0613348584453524, 0.6190090047848371, 0.7488110777843233, 0.95, 0.7500604521093935, -0.6135113573276412, -0.026530341960126675, 0.1354268299262491, 0.3516842314203283, -0.1736759222307041, 0.2691172991766257, 0.1991601220592931, -0.609751956294335, 0.586997360917483, -0.5319965617662815], [0.7839314349265899, 0.3353658799573438, 0.8337692446608386, 0.24107370312146734, 0.21255975278863284, 0.5716669639574914, 0.6740329696246338, 0.3978860783168748, 0.4288208941435425, 0.2647444225246836, 0.5038478475796768, 0.8664295461080802, 0.294642174411253, -0.054874880759017995, 0.9146927729831321, 0.4791314381066748, 0.4556449005040766, 0.736666515464583, 1.07, -0.1269978003367057, -0.04079493806862696, 0.6027740849707257, -0.11048496497637723, 0.3221979255016388, -0.06520857617229132, 0.3139715570500145, -0.07813618764788079, 0.6148628211676616, -0.13380432708435835], [0.07469834292572858, 0.8049089284911122, -0.567218257962394, 0.7203288613635666, 0.7232271470034294, -0.1179915277087267, -0.6663762418332121, 0.11703967595509233, 0.07778484865032266, -0.2141000403653518, -0.6444155907043612, -0.5005636086721658, 0.20841008108545778, 0.5869789395124196, -0.5289168323839668, 0.12169185969750458, 0.018292277708358787, -0.4796543339107012, -0.1199423669846665, 0.92, 0.6150088805176535, -0.29537024064625145, 0.18991667296313952, -0.11821987419482045, 0.31593735723917843, 0.632139491079036, 0.5851824981230187, 0.32037896504627683, 0.8948551820369526], [0.30171913397655625, 0.6992318056121948, -0.5980625068506821, 0.8046724626608509, 0.9141365069403325, -0.6377036469878771, -0.06755986386927383, -0.2954489929338495, 0.7164521802141584, 0.26505507017544266, -0.7500481988473049, -0.2926605817807678, -0.17273270330778195, 0.9309388457556461, -0.04476661826271616, 0.5983346383338665, 0.7391844815481755, -0.027455819005247375, -0.04079493806862696, 0.7235398594325335, 1.09, -0.8246935379043031, 0.8406096769322907, -0.6374876540520198, 0.9761967067614198, 0.7590255982207696, 0.033158407935934206, 0.6254146681995688, 0.4685678785692044], [0.13432698609742408, -0.12369651342709578, 0.724021728270398, -0.5196053318146535, -0.3786186439278341, 0.8218342734250005, 0.16114206858306301, 0.5931571457160232, -0.49785638659571274, -0.2719380010888452, 0.7662773689779104, 0.5256987093810582, 0.4857913400837938, -0.5456636049731414, 0.31691601678258413, -0.39743774741021565, -0.3945409106953637, 0.12659464536584156, 0.6027740849707257, -0.29537024064625145, -0.8027990191988793, 0.99, -0.7208015387575911, 0.8988808133272072, -0.8369189936452709, -0.4157491522553452, 0.26394030628847565, -0.1027661894094338, -0.22508620244485306], [0.31295438392942493, 0.1858490597484596, -0.3442629039000134, 0.5730942527116948, 0.42234845874023946, -0.8171708769431318, 0.3081988506242851, -0.6974912619107201, 0.7221144247583541, 0.5733760586160923, -0.5296499643936503, -0.15190432133711632, -0.46267792797319635, 0.6835532304692841, 0.2014983173283871, 0.7104121858836898, 0.7927940311495854, 0.31110528164105966, -0.13810620622047157, 0.2373958412039244, 0.7149110336526958, -0.7962342579298972, 0.97, -0.6294508378551078, 0.9340300835489137, 0.5305491781352633, -0.4882687398883919, 0.48856066735076686, 0.05307620712012187], [-0.15770344993574162, -0.158157213711103, 0.39474234451069196, -0.46203637628590005, -0.2863014068645194, 0.9242190385384205, -0.0888771596269503, 0.4262015333745859, -0.526532107569526, -0.06718682958291518, 0.632231198234753, 0.23915992984289478, 0.3415874456306851, -0.7055163542986717, -0.020498486600838063, -0.48046958614806395, -0.6361596468757735, -0.1444594119489034, 0.38515614082954525, -0.10639788677533842, -0.5407261351334096, 0.7795603513811178, -0.7295907438775113, 0.92, -0.7278002071091412, -0.37206388739551044, 0.4292840775584529, -0.1805681108344061, -0.05303728851626206], [0.5571185598706563, 0.4650489124859894, -0.34859966870694764, 0.6918273306033318, 0.5502781381908269, -0.7079536972306778, 0.21866913152448086, -0.26661155633234046, 0.7515818093628541, 0.2512199168683062, -0.6045591948263568, -0.1284777460658585, -0.09288641190518061, 0.8139756407490085, 0.16468813563616733, 0.7914172739884081, 0.7332515964597704, 0.2663712042870683, -0.07561420002957187, 0.3857374710478342, 0.9761967067614198, -0.8763963046662743, 0.8729253117279567, -0.9285726780358009, 0.92, 0.7331219335842153, -0.2263775096417299, 0.5670188131163685, 0.359639589316827], [0.7800477180787491, 0.8020699099195002, -0.1591316483433163, 0.9066186794876835, 0.8586294105657291, -0.3182617978259481, 0.09242573533543785, 0.05817856794864475, 0.7680823946036514, 0.1331887468829015, -0.4397831850941949, 0.030776315372919347, 0.2524560494811594, 0.9645077815487083, 0.17771969641971197, 0.6483910784084667, 0.7631567168802267, 0.2144801314484695, 0.34340639052345334, 0.7544890699975592, 0.9002396630060292, -0.45611314761994176, 0.5124622743351975, -0.37206388739551044, 0.8750165013747087, 1.11, 0.1872221123669931, 0.8698008129806176, 0.6601783727980374], [-0.040601283648494406, 0.5535578495666342, -0.250149690002034, 0.12329034124408843, 0.3281705551391631, 0.3297920672257045, -0.7832632784905484, 0.5786424437678779, -0.4822465611586114, -0.7259670308483058, -0.1103066708028913, -0.3843173605694341, 0.6342239470807955, 0.14431114510594464, -0.6804230029290534, -0.4868059266084276, -0.47321469357257867, -0.6851851880008507, -0.08065670983007048, 0.6756746370080217, 0.04036675748722425, 0.21300445770648913, -0.43003485347968456, 0.4473591966135457, -0.217499960244015, 0.16549097432439566, 1.11, -0.13807746340052945, 0.7810613935936457], [0.6931658338706824, 0.5450984235623431, 0.26399000167637077, 0.9036486943519855, 0.6789632666939001, -0.030852100064324896, 0.6066079960963179, -0.08565457663029163, 0.8433620554325225, 0.4918212580098881, -0.07269515881339703, 0.45881051593035393, 0.046109361325829684, 0.5995799872768072, 0.6770927150571355, 0.7858064282520464, 0.7709815228231258, 0.5812983574134297, 0.6567852862472748, 0.28154515110127354, 0.6451646050900816, -0.09965206245763276, 0.5374167340858436, -0.15348289420924519, 0.5149456568097632, 0.811814092115243, -0.16331742982858322, 0.98, 0.1935559520972345], [0.2562976144503415, 0.6740259989990466, -0.5039190588924934, 0.632825162029398, 0.6907374511390675, -0.11831180078398862, -0.5836287579215104, 0.4308019707659999, 0.017484560333758038, -0.5317224300484886, -0.5666276109707142, -0.4003248979576284, 0.5098746222542345, 0.6867512514766495, -0.4519364604086754, -0.07397815069229584, -0.07329769102088206, -0.40374739062619575, -0.12711411073014042, 0.8784358208986599, 0.5644113082765417, -0.23900906032803987, 0.06993570820533707, -0.06233248341086469, 0.3878466159299115, 0.5552902201104987, 0.9140080137797983, 0.16280407185748696, 1.08]]}, {"name": 2, "matrix": [[0.95, 0.4686805663300968, 0.6833186558699301, 0.6827949031262132, 0.3416516079122267, 0.1695189913812937, 0.627527837294425, 0.311013509513865, 0.6090697841779191, 0.11696177204155078, 0.2859047492698417, 0.7244485489244415, 0.4613679096501408, 0.3728492093566764, 0.7824301194530147, 0.6947154116032446, 0.6710541614306048, 0.8398907410212317, 0.7190513725333093, 0.14613769022354445, 0.30855377779893794, 0.25246270981993996, 0.3898023796776082, -0.09171554121445567, 0.4100060491386773, 0.7353236373300621, 0.05859076329849589, 0.8082042417760855, 0.23058141804633442], [0.5434700184040485, 0.86, -0.14887899725882378, 0.6671995127365055, 0.9875339333113424, 0.08127211377151, -0.10211547545676061, 0.3730850236234557, 0.3561000235382464, -0.04503708887488508, -0.35030794296918494, 0.04338455488862166, 0.32816087238738617, 0.5946249612056416, 0.006193456822568134, 0.27571378054179646, 0.28097759140346856, -0.10179399828204938, 0.30816455974421586, 0.7349998702441005, 0.6172989658684479, -0.11008344997898559, 0.225048685653183, -0.03490377427524547, 0.32549854419952895, 0.8056986964485897, 0.46924763686123777, 0.5615189959114547, 0.8668389066660676], [0.5805185041018875, -0.1503385952711652, 1.07, -0.1312230412640409, -0.32916695355087, 0.6956886268224984, 0.6521393841173304, 0.3440445194892853, 0.1399474786808048, 0.09985236806248116, 0.893653893793548, 0.8805757572295679, 0.3307934735172761, -0.32866975030713386, 0.9432700927071822, 0.20449262627345977, 0.27212142448372806, 0.7131403748638544, 0.7495659737268133, -0.46594083776232204, -0.431604129285416, 0.7351200173489162, -0.22548556575528836, 0.42921237687810665, -0.3244025374830898, -0.10561897295296425, -0.11724623086440092, 0.3347390340569865, -0.3585347383591295], [0.552443148893027, 0.6378720616272084, -0.135456042595139, 1.11, 0.7182892268458533, -0.18758316580384804, 0.0849993078293253, -0.11648126664602743, 0.5861373399652015, 0.15682059329420858, -0.47433408827346646, 0.02425644623359301, 0.05630684858063928, 0.8881671623770508, 0.2348487827978249, 0.7307463223710688, 0.6405322005672743, 0.16603847414526482, 0.28518608408329255, 0.7227810449124231, 0.806271162871227, -0.24881184379322116, 0.5527654970556675, -0.3440587364569517, 0.8385742331628383, 0.717127114326251, 0.19765017313712557, 0.7037183438258364, 0.4985249546602478], [0.36042367428103034, 0.9968502911727702, -0.3757158156691748, 0.6565009062569627, 1.12, -0.11038953109293159, -0.05912357415687257, 0.11287538175861464, 0.4689273456839214, 0.20134591024639462, -0.39873017141143413, -0.07525333754847924, 0.055527467165389054, 0.6676601555958127, -0.016106520782515323, 0.36490698655227083, 0.3538610948591743, -0.10952542162495237, 0.1889916821872871, 0.7858953743966308, 0.6190211389382745, -0.38431851001061346, 0.4316838988117894, -0.16475035660229434, 0.4175467549034103, 0.8842416402528175, 0.30123513562695636, 0.6908022487769823, 0.7012578323194971], [0.1522531681850508, 0.09824101664688023, 0.6127165887610995, -0.19397804645625194, -0.12434682812767008, 0.94, 0.1352328050579911, 0.4388896270438646, -0.4450304124351767, -0.0998366864885275, 0.617122832192339, 0.5850360348621049, 0.2761468396356329, -0.6047288978741134, 0.28744986162988134, -0.27020896092648605, -0.3241381113948733, 0.08970397433373066, 0.6657109245438148, -0.02875674165237622, -0.5284691238982218, 1.0379366440505835, -0.5575229919505719, 0.7329759199689064, -0.7885717776629872, -0.2237530656978259, 0.37825456488475884, 0.06991780902728169, -0.029056221778686258], [0.6404665555891553, -0.08205707849203978, 0.8644638347601821, 0.07813067689362226, -0.06747043168490165, 0.1366414801106785, 0.91, -0.09093903345770608, 0.5748706911398392, 0.6803826307882442, 0.5667958749226863, 0.9372487620910542, -0.09804554647942865, -0.18069363336985608, 0.8765945241049553, 0.6651195120824833, 0.7101905287586989, 0.8822953257083496, 0.6496619717860342, -0.5220703022350155, -0.10760793624746152, 0.19840560014371533, 0.3493373442858158, 0.012896813383650948, 0.0821129939484041, 0.18121641396863175, -0.4824431316365876, 0.5987740805552597, -0.39974980658137793], [0.28357114102734754, 0.46230100753341247, 0.38617241983491213, -0.13002559997696084, 0.10512903203008225, 0.48327172416065983, -0.0698281864050243, 0.91, -0.1666908637035744, -0.5559920862476345, 0.4730809974976012, 0.27173385507263176, 0.7975318567503691, 0.007585069195535995, -0.027005545317805916, -0.39499201669681583, -0.321090516028216, -0.062372214463846734, 0.3231056945750993, 0.043060031797845795, -0.37051048008369974, 0.4563061303857004, -0.5166432526316983, 0.3245361361158791, -0.3539597485167473, 0.16972425145063602, 0.49366146046525183, -0.004320342630424462, 0.38369882145392536], [0.7400525334634931, 0.38094421122696126, 0.13871986921869245, 0.508384427520838, 0.4798326327928498, -0.3743246459735131, 0.707533158325956, -0.14310253393420064, 0.97, 0.5246549101073407, -0.11498955373388733, 0.38606380675019186, -0.06381462864347293, 0.4530969946956892, 0.5347274871521199, 0.8415035580304601, 0.7461036719748192, 0.6602585460109669, 0.35634652446889625, 0.04206665064415586, 0.5690673526961509, -0.37246668623370505, 0.6651264665546072, -0.5001708074443465, 0.5548155747969681, 0.8379961024648237, -0.3913827654520536, 0.8686254265870935, 0.0673918626858192], [0.12237666889532625, -0.04856940957095449, 0.08418925150366058, 0.13483639797259056, 0.24385226907618907, -0.11016461957354759, 0.5528108875154484, -0.5328257493206497, 0.6053710501238546, 1.1, 0.13613479379420237, 0.2571916107976236, -0.5845328800347902, -0.16821767080829253, 0.5213266361041687, 0.48551556684100006, 0.4267427387984195, 0.4659255397752901, 0.2802182280035595, -0.18416296605866853, 0.14877283739763314, -0.23183075196186423, 0.6225889675219439, 0.03894786266159557, 0.08509262192696428, 0.2453121163041