{"stateborders": [6, 17, 29, 41, 53, 64], "times": [{"name": 0, "matrix": [[1.0, 0.7831577382400088, -0.14088819071568198, 0.5575321531823192, 0.08868961835889545, 0.6109139669167388, -0.1297307048070067, 0.1562060481499043, -0.10964159239958886, -0.015420612157770658, 0.0614648627137329, 0.02433810879695506, 0.3648401990658458, 0.10182941817721906, 0.14409924056051676, -0.05568052328682633, 0.15632042373973062, 0.1474776305368976, 0.6870822550284252, 0.6189597050924386, 0.04685102076598736, 0.2588332368890941, 0.5221616853616761, 0.3360320556536759, 0.26686899979333756, 0.7042111502925522, 0.7081797042038879, 0.7074255936423306, 0.42738765533758294], [0.7831577382400088, 1.0, 0.011483430404789666, 0.5459715650824719, 0.21800468002684642, 0.7681186503652798, 0.05991379999291779, 0.20266509932158103, -0.3112791142180688, 0.24785448951960315, 0.11607423401783318, -0.1282186667167313, 0.38467533475757704, -0.15159815385009187, 0.4142007708457339, 0.030774381707222784, 0.1447975615441112, 0.1449156463285328, 0.6587125166539252, 0.46008239862428285, -0.2036646279559431, 0.2535527136302955, 0.5094156381798927, 0.1210917333164715, 0.41634815370721046, 0.7274222626121033, 0.5515445145487108, 0.743562328202128, 0.26361990820863135], [-0.14088819071568198, 0.011483430404789666, 1.0, 0.05619167959483502, 0.24655377113685234, 0.09990646202120237, 0.2110614037955159, -0.09072572855311481, -0.1243868787104879, 0.19524624992568837, 0.01909146302295796, 0.49341954667379384, -0.18254931730438584, -0.08795053756766251, 0.14236386606382048, 0.14428062376116293, 0.1842176229163088, 0.572826498726317, 0.26402595510655424, 0.12961206513261675, 0.15918076040372, 0.12616883342496127, 0.09119072008459983, -0.2789240319093562, 0.16713710941511697, 0.1769361473190009, 0.27088145649124407, 0.1727549358614689, 0.33350753852969284], [0.5575321531823192, 0.5459715650824719, 0.05619167959483502, 1.0, 0.2697595092992371, 0.6551866111579129, -0.46120204715737495, 0.14525772734465062, 0.08750929283048015, 0.037710216651217064, -0.07932398895717532, -0.28872654799513925, 0.2605946279508033, 0.2685539501668482, 0.035263291517674135, -0.14450803029254833, -0.06978887790761461, 0.06408679263370319, 0.5705765058089269, 0.23748302636046922, -0.1797802863779797, 0.24237556552613465, 0.29256623609839294, 0.486780749196058, 0.34271822889863757, 0.4115871518492237, 0.6494803977436282, 0.42152246707581625, 0.4227676770161107], [0.08868961835889545, 0.21800468002684642, 0.24655377113685234, 0.2697595092992371, 1.0, 0.2730022375544553, -0.1895177021471841, -0.07198839154900638, -0.1525313603770488, 0.11684908561603055, -0.019916557569269935, -0.2939133517455498, 0.179211822702725, -0.1398349983013821, 0.015248612126334085, -0.25976078439156336, 0.32894142013066335, -0.06686974120483537, 0.3375163410948324, 0.2731747305644781, 0.08885082082574135, 0.10957391927110198, -0.016818469224194423, 0.18389434099951132, 0.34939566472904104, 0.37999828328389224, 0.2625082861211553, 0.22047445382714165, 0.04710256977243261], [0.6109139669167388, 0.7681186503652798, 0.09990646202120237, 0.6551866111579129, 0.2730022375544553, 1.0, -0.02818238862115185, -0.22483707635211822, -0.10432843834460538, 0.15037301375583867, 0.1442514444972121, -0.034196446373143015, 0.4873633815765667, -0.18122101523231288, 0.3945283016366238, 0.04041140760575295, 0.12183305334152188, 0.2893439637202361, 0.7535590734539264, 0.5029277709120488, 0.014142750554173565, 0.3531570468250368, 0.5272713264275114, 0.09652393217050893, 0.5254674536409327, 0.5864228034532446, 0.774676120092675, 0.7425551525519728, 0.6451471839461541], [-0.1297307048070067, 0.05991379999291779, 0.2110614037955159, -0.46120204715737495, -0.1895177021471841, -0.02818238862115185, 1.0, 0.026538733157646703, -0.016789376544651544, 0.08412795661891817, 0.6393300677816436, 0.6222573356180631, 0.07122285465730907, -0.014716562635854242, 0.4451385145804461, 0.03340891495075562, 0.09977483091109363, 0.37660116939077704, 0.07410688915582767, -0.02988973228476161, -0.07152873374494921, -0.2666391621362406, 0.26106179340908164, -0.5441386825329644, -0.13048444303226114, 0.028361101118235716, -0.21327083238830674, -0.02239459922839327, -0.0007505817066816492], [0.1562060481499043, 0.20266509932158103, -0.09072572855311481, 0.14525772734465062, -0.07198839154900638, -0.22483707635211822, 0.026538733157646703, 1.0, -0.1687501997439323, 0.01745737970218788, 0.26237263559508345, -0.050174820599536665, 0.1702981664415456, 0.3131493392582607, 0.1318832262718695, 0.30734361706454355, -0.12627836885618277, -0.2222066437298687, 0.05097505150225397, -0.09885291206955615, -0.4848319702397219, -0.3033357456906033, -0.13488663500603515, -0.03600385392657714, 0.05861440807196684, 0.16914664293979273, -0.22634414676739664, -0.056950794404844414, -0.3954874001759781], [-0.10964159239958886, -0.3112791142180688, -0.1243868787104879, 0.08750929283048015, -0.1525313603770488, -0.10432843834460538, -0.016789376544651544, -0.1687501997439323, 1.0, -0.3912626811885795, 0.18798135936223093, 0.08720047336913381, 0.30307422042651105, 0.35145220217640866, -0.37647663456092445, -0.1940907633836732, -0.4986803850042192, -0.2840034191615486, -0.15868633225283543, -0.2833369577933062, -0.3787103652036234, 0.09161079321818953, -0.21108165737840978, 0.5099851023205165, -0.15041925599150655, -0.44110100264718866, 0.07099929864086255, -0.37924789626886796, 0.12913721339145823], [-0.015420612157770658, 0.24785448951960315, 0.19524624992568837, 0.037710216651217064, 0.11684908561603055, 0.15037301375583867, 0.08412795661891817, 0.01745737970218788, -0.3912626811885795, 1.0, -0.011833845002388002, -0.01318821710138571, -0.15663617730602467, -0.20500588859296115, 0.6766586067163882, 0.09237038705627203, 0.6739774826564076, -0.009212857211828879, 0.21068480992974148, -0.004721163809537119, 0.2809818562502608, 0.027980726509556297, 0.5038838665207751, -0.23741731368702795, 0.3862899454867643, -0.03465532615318475, 0.05339973822519031, 0.46568587810898643, 0.04889946126191775], [0.0614648627137329, 0.11607423401783318, 0.01909146302295796, -0.07932398895717532, -0.019916557569269935, 0.1442514444972121, 0.6393300677816436, 0.26237263559508345, 0.18798135936223093, -0.011833845002388002, 1.0, 0.5683656459308513, 0.511516278807305, 0.36650626185108437, 0.3909926368921467, 0.22878369450884062, -0.002926833925718333, 0.23829715941233226, 0.32769649481871177, -0.07052064135358564, -0.18374164496376133, -0.006813290071376377, 0.34829302239490545, -0.23772778011023846, 0.08236007836003581, -0.04252345376486689, 0.051944955676605335, 0.005766113768165181, 0.27122596351005995], [0.02433810879695506, -0.1282186667167313, 0.49341954667379384, -0.28872654799513925, -0.2939133517455498, -0.034196446373143015, 0.6222573356180631, -0.050174820599536665, 0.08720047336913381, -0.01318821710138571, 0.5683656459308513, 1.0, 0.12059312158801504, 0.15521102975502762, 0.313630854665454, 0.22982565240501496, 0.15723723825776648, 0.6261528667447155, 0.2455950558481255, 0.13949912288223482, 0.21230144518639152, 0.11272612860184764, 0.39812567452058323, -0.4396001042659325, -0.029053520253427122, -0.03488769729813303, 0.18934225465700003, 0.07928315017210154, 0.4810623190843196], [0.3648401990658458, 0.38467533475757704, -0.18254931730438584, 0.2605946279508033, 0.179211822702725, 0.4873633815765667, 0.07122285465730907, 0.1702981664415456, 0.30307422042651105, -0.15663617730602467, 0.511516278807305, 0.12059312158801504, 1.0, 0.13834040430407352, 0.22380047359986882, 0.1266100162430775, -0.27685305737772603, -0.029862819386201393, 0.3929828772785162, 0.20211852287426615, -0.4372800818929047, 0.2535184632067646, 0.20448385839598437, 0.10179883771649187, 0.48704986620369906, 0.11974294749773182, 0.4307377671666122, 0.21512361833951835, 0.30908392840111626], [0.10182941817721906, -0.15159815385009187, -0.08795053756766251, 0.2685539501668482, -0.1398349983013821, -0.18122101523231288, -0.014716562635854242, 0.3131493392582607, 0.35145220217640866, -0.20500588859296115, 0.36650626185108437, 0.15521102975502762, 0.13834040430407352, 1.0, -0.20636984067881797, -0.16680471039298828, -0.3429943367683927, 0.03750765858914442, 0.1363200555507603, -0.25443618984931726, -0.1788725602151979, -0.06284640645526207, 0.019937489998157955, 0.27015164092612864, 0.0458665021527047, -0.3108985936435518, -0.00921800456465128, -0.31185331035863634, 0.15820739992942315], [0.14409924056051676, 0.4142007708457339, 0.14236386606382048, 0.035263291517674135, 0.015248612126334085, 0.3945283016366238, 0.4451385145804461, 0.1318832262718695, -0.37647663456092445, 0.6766586067163882, 0.3909926368921467, 0.313630854665454, 0.22380047359986882, -0.20636984067881797, 1.0, 0.17430173282392109, 0.5783369558993998, 0.23056959308782227, 0.41571333602400384, 0.2859935051376284, 0.14084731357169678, 0.02156823860133717, 0.5687727650651234, -0.50367057136428, 0.5712770971427764, 0.20373132353913254, 0.18932559648652522, 0.5683007445901876, 0.21317688246413605], [-0.05568052328682633, 0.030774381707222784, 0.14428062376116293, -0.14450803029254833, -0.25976078439156336, 0.04041140760575295, 0.03340891495075562, 0.30734361706454355, -0.1940907633836732, 0.09237038705627203, 0.22878369450884062, 0.22982565240501496, 0.1266100162430775, -0.16680471039298828, 0.17430173282392109, 1.0, 0.02093344791643607, 0.1301083727569387, 0.07857994125720104, -0.01973312124505045, -0.08261846497128839, -0.046235569932366063, 0.03879031523622773, -0.2631780664837324, 0.022824430625050678, 0.06075882439546479, -0.06750821457986841, 0.06745984852914637, 0.05545288611637026], [0.15632042373973062, 0.1447975615441112, 0.1842176229163088, -0.06978887790761461, 0.32894142013066335, 0.12183305334152188, 0.09977483091109363, -0.12627836885618277, -0.4986803850042192, 0.6739774826564076, -0.002926833925718333, 0.15723723825776648, -0.27685305737772603, -0.3429943367683927, 0.5783369558993998, 0.02093344791643607, 1.0, 0.14202751727785007, 0.3537222163173662, 0.341459922267627, 0.7159622864232253, -0.10898726764154147, 0.452214946271993, -0.24768693044898263, 0.2303920707407982, 0.317934043074024, 0.21876628315937577, 0.5730718642872631, 0.19489234310008588], [0.1474776305368976, 0.1449156463285328, 0.572826498726317, 0.06408679263370319, -0.06686974120483537, 0.2893439637202361, 0.37660116939077704, -0.2222066437298687, -0.2840034191615486, -0.009212857211828879, 0.23829715941233226, 0.6261528667447155, -0.029862819386201393, 0.03750765858914442, 0.23056959308782227, 0.1301083727569387, 0.14202751727785007, 1.0, 0.40202486955912875, 0.3428919404314304, 0.27248320874478976, 0.17468723192679558, 0.40853399200169715, -0.39401298284485997, 0.023680229811344853, 0.26194890998685594, 0.3376433443142825, 0.20691080310737325, 0.48991601324661893], [0.6870822550284252, 0.6587125166539252, 0.26402595510655424, 0.5705765058089269, 0.3375163410948324, 0.7535590734539264, 0.07410688915582767, 0.05097505150225397, -0.15868633225283543, 0.21068480992974148, 0.32769649481871177, 0.2455950558481255, 0.3929828772785162, 0.1363200555507603, 0.41571333602400384, 0.07857994125720104, 0.3537222163173662, 0.40202486955912875, 1.0, 0.4490934045834712, 0.20067001907443763, 0.20328220798526636, 0.5057909836346096, -0.016644434634191723, 0.5561254512726903, 0.5706973959014365, 0.7454016444966366, 0.7051133322269194, 0.7479866733993161], [0.6189597050924386, 0.46008239862428285, 0.12961206513261675, 0.23748302636046922, 0.2731747305644781, 0.5029277709120488, -0.02988973228476161, -0.09885291206955615, -0.2833369577933062, -0.004721163809537119, -0.07052064135358564, 0.13949912288223482, 0.20211852287426615, -0.25443618984931726, 0.2859935051376284, -0.01973312124505045, 0.341459922267627, 0.3428919404314304, 0.4490934045834712, 1.0, 0.2879098743835525, 0.2652942055587743, 0.3614583713000526, 0.09379978602111898, 0.3966705005795421, 0.7314653498898792, 0.5870276161673259, 0.6917520040189928, 0.2636768664641254], [0.04685102076598736, -0.2036646279559431, 0.15918076040372, -0.1797802863779797, 0.08885082082574135, 0.014142750554173565, -0.07152873374494921, -0.4848319702397219, -0.3787103652036234, 0.2809818562502608, -0.18374164496376133, 0.21230144518639152, -0.4372800818929047, -0.1788725602151979, 0.14084731357169678, -0.08261846497128839, 0.7159622864232253, 0.27248320874478976, 0.20067001907443763, 0.2879098743835525, 1.0, -0.08631884224905374, 0.23361580148374547, -0.2424372468305069, 0.030044250856722843, 0.10910554216399512, 0.25700425433459356, 0.36806466338556426, 0.38911646959084495], [0.2588332368890941, 0.2535527136302955, 0.12616883342496127, 0.24237556552613465, 0.10957391927110198, 0.3531570468250368, -0.2666391621362406, -0.3033357456906033, 0.09161079321818953, 0.027980726509556297, -0.006813290071376377, 0.11272612860184764, 0.2535184632067646, -0.06284640645526207, 0.02156823860133717, -0.046235569932366063, -0.10898726764154147, 0.17468723192679558, 0.20328220798526636, 0.2652942055587743, -0.08631884224905374, 1.0, 0.36615750218219184, 0.16714822750882288, 0.2585731621744469, -0.03304086367806772, 0.34325769522515864, 0.18198110723581581, 0.3868015505041946], [0.5221616853616761, 0.5094156381798927, 0.09119072008459983, 0.29256623609839294, -0.016818469224194423, 0.5272713264275114, 0.26106179340908164, -0.13488663500603515, -0.21108165737840978, 0.5038838665207751, 0.34829302239490545, 0.39812567452058323, 0.20448385839598437, 0.019937489998157955, 0.5687727650651234, 0.03879031523622773, 0.452214946271993, 0.40853399200169715, 0.5057909836346096, 0.3614583713000526, 0.23361580148374547, 0.36615750218219184, 1.0, -0.10515238336560162, 0.1652518510857022, 0.28902697467296257, 0.4783713009460151, 0.5918484190162343, 0.5045152984726908], [0.3360320556536759, 0.1210917333164715, -0.2789240319093562, 0.486780749196058, 0.18389434099951132, 0.09652393217050893, -0.5441386825329644, -0.03600385392657714, 0.5099851023205165, -0.23741731368702795, -0.23772778011023846, -0.4396001042659325, 0.10179883771649187, 0.27015164092612864, -0.50367057136428, -0.2631780664837324, -0.24768693044898263, -0.39401298284485997, -0.016644434634191723, 0.09379978602111898, -0.2424372468305069, 0.16714822750882288, -0.10515238336560162, 1.0, -0.033362772617881606, 0.09091333632900121, 0.29026084720808115, 0.0253739490201519, -0.009159134390558692], [0.26686899979333756, 0.41634815370721046, 0.16713710941511697, 0.34271822889863757, 0.34939566472904104, 0.5254674536409327, -0.13048444303226114, 0.05861440807196684, -0.15041925599150655, 0.3862899454867643, 0.08236007836003581, -0.029053520253427122, 0.48704986620369906, 0.0458665021527047, 0.5712770971427764, 0.022824430625050678, 0.2303920707407982, 0.023680229811344853, 0.5561254512726903, 0.3966705005795421, 0.030044250856722843, 0.2585731621744469, 0.1652518510857022, -0.033362772617881606, 1.0, 0.18877707235489752, 0.4747895955696366, 0.5557182393486874, 0.3707478858075938], [0.7042111502925522, 0.7274222626121033, 0.1769361473190009, 0.4115871518492237, 0.37999828328389224, 0.5864228034532446, 0.028361101118235716, 0.16914664293979273, -0.44110100264718866, -0.03465532615318475, -0.04252345376486689, -0.03488769729813303, 0.11974294749773182, -0.3108985936435518, 0.20373132353913254, 0.06075882439546479, 0.317934043074024, 0.26194890998685594, 0.5706973959014365, 0.7314653498898792, 0.10910554216399512, -0.03304086367806772, 0.28902697467296257, 0.09091333632900121, 0.18877707235489752, 1.0, 0.5505575417263495, 0.7125450788008277, 0.18527083113060513], [0.7081797042038879, 0.5515445145487108, 0.27088145649124407, 0.6494803977436282, 0.2625082861211553, 0.774676120092675, -0.21327083238830674, -0.22634414676739664, 0.07099929864086255, 0.05339973822519031, 0.051944955676605335, 0.18934225465700003, 0.4307377671666122, -0.00921800456465128, 0.18932559648652522, -0.06750821457986841, 0.21876628315937577, 0.3376433443142825, 0.7454016444966366, 0.5870276161673259, 0.25700425433459356, 0.34325769522515864, 0.4783713009460151, 0.29026084720808115, 0.4747895955696366, 0.5505575417263495, 1.0, 0.7620125297807734, 0.7936641770581633], [0.7074255936423306, 0.743562328202128, 0.1727549358614689, 0.42152246707581625, 0.22047445382714165, 0.7425551525519728, -0.02239459922839327, -0.056950794404844414, -0.37924789626886796, 0.46568587810898643, 0.005766113768165181, 0.07928315017210154, 0.21512361833951835, -0.31185331035863634, 0.5683007445901876, 0.06745984852914637, 0.5730718642872631, 0.20691080310737325, 0.7051133322269194, 0.6917520040189928, 0.36806466338556426, 0.18198110723581581, 0.5918484190162343, 0.0253739490201519, 0.5557182393486874, 0.7125450788008277, 0.7620125297807734, 1.0, 0.5035404396829704], [0.42738765533758294, 0.26361990820863135, 0.33350753852969284, 0.4227676770161107, 0.04710256977243261, 0.6451471839461541, -0.0007505817066816492, -0.3954874001759781, 0.12913721339145823, 0.04889946126191775, 0.27122596351005995, 0.4810623190843196, 0.30908392840111626, 0.15820739992942315, 0.21317688246413605, 0.05545288611637026, 0.19489234310008588, 0.48991601324661893, 0.7479866733993161, 0.2636768664641254, 0.38911646959084495, 0.3868015505041946, 0.5045152984726908, -0.009159134390558692, 0.3707478858075938, 0.18527083113060513, 0.7936641770581633, 0.5035404396829704, 1.0]]}, {"name": 1, "matrix": [[1.11, 0.7753261608576086, -0.16061253741587744, 0.4906282948004409, 0.07893376033941696, 0.5803682685709018, -0.13491993299928698, 0.17338871344639378, -0.11402725609557242, -0.016500055008814605, 0.05531837644235961, 0.024094727708985512, 0.3101141692059689, 0.0967379472683581, 0.13257130131567543, -0.05066927619101196, 0.17664207882589558, 0.13715419639931478, 0.6115032069752985, 0.5694429286850435, 0.04216591868938862, 0.23036158083129374, 0.4542806662646582, 0.36627494066250676, 0.3042306597644048, 0.7464638193101054, 0.7789976746242767, 0.7710938970701404, 0.4017443960173279], [0.8614735120640097, 0.98, 0.01274660774931653, 0.5514312807332966, 0.22236477362738336, 0.6913067853287519, 0.06350862799249286, 0.1783452874029913, -0.30505353193370743, 0.237940309938819, 0.11259200699729818, -0.13847616005406982, 0.33082078789151625, -0.15463011692709372, 0.46390486334722203, 0.027389199719428277, 0.15203743962131674, 0.15940721096138608, 0.7048223928196999, 0.483086518555497, -0.21792115191285913, 0.26623034931181033, 0.4686623871255013, 0.13683365864761277, 0.4288385983184268, 0.7346964852382243, 0.5570599596941979, 0.8179185610223408, 0.24516651463402717], [-0.13243489927274105, 0.010794424580502286, 0.93, 0.060125097166473476, 0.2613469974050635, 0.09591020354035427, 0.20261894764369526, -0.08800395669652136, -0.10572884690391471, 0.18548393742940394, 0.017945975241580484, 0.47861696027358, -0.193502276342649, -0.077396473059543, 0.1210092861542474, 0.15438026742444436, 0.2026393852079397, 0.5327286438154748, 0.2693064742086853, 0.12961206513261675, 0.1368954539471992, 0.11355195008246514, 0.09210262728544583, -0.31797339637666605, 0.1554375117560588, 0.18932167763133098, 0.2898431584456312, 0.16238963970978076, 0.29015155852083274], [0.4739023302049713, 0.5132132711775236, 0.05113442843129987, 1.07, 0.2724571043922295, 0.6879459417158086, -0.4104698219700637, 0.13218453188363208, 0.09801040797013777, 0.03393919498609536, -0.07853074906760357, -0.24541756579586835, 0.2293232725967069, 0.29003826618019607, 0.03596855734802762, -0.14739819089839928, -0.06490365645408158, 0.05767811337033287, 0.6276341563898197, 0.2636061592601209, -0.20315172360711703, 0.2593418551129641, 0.31012021026429654, 0.5159875941478215, 0.3872715986554604, 0.36631256514580907, 0.6105115738790104, 0.39201589438050916, 0.4016292931653051], [0.078046864155828, 0.22018472682711487, 0.2662780728278005, 0.2562715338342752, 1.01, 0.2593521256767325, -0.1895177021471841, -0.07126850763351632, -0.15100604677327834, 0.09932172277362597, -0.02170904775050423, -0.2909742182280943, 0.20250935965407924, -0.1272498484542577, 0.014943639883807404, -0.2675536079233103, 0.2861790355136771, -0.07489411014941562, 0.34089150450578076, 0.3086874455378602, 0.07730021411839497, 0.12272278958363422, -0.01698665391643637, 0.15814913325957974, 0.34240775143446023, 0.4217980944451204, 0.25463303753752065, 0.22047445382714165, 0.04757359547015694], [0.5620408495633997, 0.8449305154018079, 0.10390272050205047, 0.7403608706084415, 0.25662210330118795, 1.08, -0.029309684165997926, -0.19335988566282167, -0.1085015758783896, 0.17142523568165607, 0.15723407450196122, -0.030776801735828713, 0.5409733535499891, -0.1576622832521122, 0.42214528275118746, 0.03960317945363789, 0.12548804494176755, 0.280663644808629, 0.7008099383121515, 0.43251788298436195, 0.015274170598507452, 0.3496254763567864, 0.4587260539919349, 0.10135012877903439, 0.562250175395798, 0.5688301193496472, 0.7436890752889679, 0.6980018433988544, 0.5870839373910003], [-0.13621724004735705, 0.06830173199192628, 0.18784464937800915, -0.4012457810269162, -0.20467911831895885, -0.025364149759036666, 0.88, 0.022823310515576165, -0.01578201395197245, 0.08160411792035062, 0.6776898718485422, 0.6098121889057018, 0.07335954029702835, -0.015746722020364038, 0.462944055163664, 0.036415717296323626, 0.11374330723864673, 0.3427070641456071, 0.07114261358959456, -0.02839524567052353, -0.07152873374494921, -0.2719719453789654, 0.2715042651454449, -0.4951662011049976, -0.12004568758968026, 0.02921193415178279, -0.2090054157405406, -0.021050923274689673, -0.0006830293530803008], [0.1702645924833957, 0.18847854236907036, -0.08437492755439678, 0.15978350007911568, -0.07126850763351632, -0.19335988566282167, 0.023884859841882034, 1.0, -0.1771877097311289, 0.017282805905166, 0.2282641929677226, -0.05619579907148107, 0.18221903809245382, 0.2755714185472694, 0.11737607138196385, 0.3196373617471253, -0.13132950361043008, -0.2222066437298687, 0.04587754635202857, -0.09984144119025172, -0.4266521338109553, -0.2639020987508249, -0.1335377686559748, -0.04104439347629793, 0.056269831749088166, 0.16407224365159895, -0.2557688858471582, -0.051825222908408415, -0.36780328216365965], [-0.11731650386756008, -0.34240702563987574, -0.12065527234917325, 0.09801040797013777, -0.13117696992426198, -0.09702544766048302, -0.018300420433670184, -0.16537519574905366, 1.14, -0.34431115944595, 0.16730340983238554, 0.07673641656483775, 0.2939819938137157, 0.3690248122852291, -0.3463585037960505, -0.19797257865134668, -0.4637727580539239, -0.29536355592801056, -0.15392574228525036, -0.2663367403257078, -0.34083932868326106, 0.10260408840437228, -0.21108165737840978, 0.5099851023205165, -0.14891506343159147, -0.43227898259424485, 0.07951921447776605, -0.4171726858957548, 0.1097666313827395], [-0.014803787671459831, 0.2602472139955833, 0.19524624992568837, 0.03544760365214404, 0.13320795760227483, 0.1338319822426964, 0.0782389996555939, 0.015362494137925333, -0.33648590582217835, 0.96, -0.011242152752268602, -0.011473748878205566, -0.14723800666766318, -0.2337067129959757, 0.7443244673880272, 0.08498075609177026, 0.7009365819626638, -0.008015185774291124, 0.24018068331990527, -0.004862798723823233, 0.29784076762527645, 0.025462461123696233, 0.46357315719911313, -0.24691400623450907, 0.3476609509380879, -0.03950707181463061, 0.05606972513644983, 0.40980357273590806, 0.0435205205231068], [0.052245133306672964, 0.11955646103836817, 0.0206187800647946, -0.07535778950931656, -0.018124067388035642, 0.1557915600569891, 0.6201501657481943, 0.28598617279864097, 0.17670247780049705, -0.010413783602101443, 0.87, 0.5854166153087769, 0.4961707904430858, 0.38849663756214947, 0.43791175331920434, 0.219632346728487, -0.002926833925718333, 0.2025525855004824, 0.29164988038865347, -0.061352957977619506, -0.18557906141339894, -0.007085821674231432, 0.3064978597075168, -0.2187095577014194, 0.09141968697963976, -0.043373922840164225, 0.05610055213073377, 0.005823774905846834, 0.29834855986106595], [0.021174154653350905, -0.12437210671522936, 0.4194066146727248, -0.28872654799513925, -0.2909742182280943, -0.03351251744568015, 0.5911444688371599, -0.055192302659490336, 0.07760842129852909, -0.013715745785441139, 0.5115290813377662, 0.86, 0.11215160307685398, 0.15365891945747734, 0.28540407774556315, 0.22522913935691466, 0.1336516525191015, 0.5447529940679025, 0.279978363666863, 0.1297341842804784, 0.22503953189757503, 0.10145351574166288, 0.43395698522743575, -0.38245209071136127, -0.027600844240755765, -0.03279443546024505, 0.18744883211043004, 0.06976917215144936, 0.514736681420222], [0.39767581698177196, 0.38082858141000125, -0.1843748104774297, 0.27362435934834345, 0.1684591133405615, 0.48248974776080106, 0.06196388355185889, 0.15667431312622196, 0.32732015806063197, -0.1347071124831812, 0.4603646509265745, 0.12059312158801504, 1.09, 0.12450636387366616, 0.23499049727986226, 0.12281171575578517, -0.26854746565639426, -0.026876537447581252, 0.4440706513247233, 0.2223303751616928, -0.371688069608969, 0.2560536478388322, 0.21675288989974345, 0.10383481447082171, 0.5162728581759211, 0.131717242247505, 0.4178156341516138, 0.23018227162328464, 0.29362973198106046], [0.09571965308658592, -0.15614609846559463, -0.09146855907036901, 0.28735272667852757, -0.11885974855617479, -0.19934311675554417, -0.014127900130420071, 0.31941232604342595, 0.3795683783505214, -0.23165665411004607, 0.36650626185108437, 0.1505546988623768, 0.13557359621799203, 0.95, -0.18986025342451254, -0.1451200980418998, -0.36357399697449627, 0.042758730791624636, 0.11587204721814624, -0.21627076137191967, -0.18602746262380582, -0.07164490335899876, 0.019738115098176374, 0.29176377220021893, 0.03990385687285309, -0.31711656551642287, -0.009955444929823384, -0.30873477725505, 0.17719228792095396], [0.15850916461656844, 0.4307688016795633, 0.15660025267020256, 0.034910658602497396, 0.014638667641280722, 0.4063641506857225, 0.39617327797659707, 0.13847738758546296, -0.34259373745044125, 0.7646242255895186, 0.3753529314164608, 0.2885403862922177, 0.2484185256958544, -0.23526161837385248, 1.01, 0.17430173282392109, 0.5667702167814118, 0.25132085646572627, 0.43649900282520404, 0.27455376493212325, 0.12535410907881014, 0.0198427795132302, 0.6142745862703334, -0.5087072770779227, 0.5370004713142098, 0.21188057648069786, 0.18743234052165997, 0.505787662685267, 0.1875956565684397], [-0.06180538084837723, 0.026465968268211595, 0.12840975514743502, -0.14450803029254833, -0.28833447067463536, 0.03798672314940777, 0.034745271548785844, 0.27353581918744374, -0.20767711682053033, 0.10345483350302467, 0.22878369450884062, 0.19765006106831287, 0.11521511478120053, -0.16680471039298828, 0.17430173282392109, 1.09, 0.021980120312257875, 0.11969970293638361, 0.08486633655777713, -0.021509102157104994, -0.07518280312387243, -0.050859126925602675, 0.034911283712604955, -0.2237013565111725, 0.02556336230005676, 0.05832847141964619, -0.07155870745466052, 0.06611065155856344, 0.05101665522706064], [0.153194015264936, 0.1317657810051412, 0.1694802130830041, -0.06978887790761461, 0.30591552072151695, 0.10843141747395448, 0.11274555892953579, -0.13764342205323923, -0.4388387388037129, 0.6470183833501513, -0.003307322336061716, 0.14780300396230048, -0.29623277139416687, -0.38415365718059985, 0.6361706514893398, 0.022189454791422234, 1.04, 0.1576505441784136, 0.3997061044386238, 0.3380453230449507, 0.6300468120524383, -0.10680752228871064, 0.3934270032566339, -0.2699787541893911, 0.26264696064450993, 0.35290678781216667, 0.24939356280168837, 0.4985725219299189, 0.22022834770309702], [0.16664972250669427, 0.13911902047539149, 0.48690252391736943, 0.07049547189707352, -0.060851464496400186, 0.2893439637202361, 0.3690691460029615, -0.23331697591636213, -0.2811633849699331, -0.009489242928183745, 0.27165876173005876, 0.5322299367330081, -0.028071050223029307, 0.03863288834681875, 0.24901516053484807, 0.1301083727569387, 0.15623026900563508, 1.13, 0.4583083512974067, 0.37032329566594485, 0.29973152961926874, 0.15896538105338398, 0.4003633121616632, -0.38219259335951417, 0.02107540453209692, 0.2802853336859359, 0.327514043984854, 0.20691080310737325, 0.5585042551011455], [0.7626613030815521, 0.5730798894889149, 0.25346491690229206, 0.5762822708670162, 0.35439215814957403, 0.7837014363920835, 0.08374078474608525, 0.057601808197546976, -0.18090241876823238, 0.19383002513536218, 0.2949268453368406, 0.21612364914635043, 0.33403544568673876, 0.13359365443974508, 0.47391320306736434, 0.07465094419434098, 0.34664777199101887, 0.3698628799943985, 1.04, 0.4535843386293059, 0.1926432183114601, 0.21751196254423502, 0.5766017213434549, -0.015312879863456386, 0.6061767418872325, 0.5821113438194653, 0.7379476280516702, 0.6628065322933042, 0.8227853407392478], [0.625149302143363, 0.5014898145004684, 0.12183534122465974, 0.21373472372442232, 0.2595159940362542, 0.5582498257123741, -0.03317760283608539, -0.09391026646607833, -0.28617032737123926, -0.005287703466681574, -0.06558419645883465, 0.14089411411105718, 0.22435156039043544, -0.2315369327628787, 0.26883389482937065, -0.017167815483193894, 0.37560591449438974, 0.37032329566594485, 0.5029846131334877, 0.92, 0.2706352819205393, 0.22550007472495814, 0.39398962471705734, 0.08910979672006303, 0.4403042556432918, 0.738780003388778, 0.5459356830356131, 0.6433293637376634, 0.2531297918055604], [0.040291877858749124, -0.20570127423550252, 0.1623643756117944, -0.15461104628506253, 0.07730021411839497, 0.015132743092965716, -0.0722440210823987, -0.4605903717277358, -0.4014329871158408, 0.29503094906277383, -0.15801781466883474, 0.23140857525316677, -0.41104327697933035, -0.20033726744102168, 0.13803036730026283, -0.08922794216899146, 0.7517604007443867, 0.25068455204520657, 0.17257621640401635, 0.27639347940821035, 1.04, -0.07855014644663891, 0.25931353964695747, -0.23273975695728663, 0.027640710788185016, 0.11237870842891498, 0.2595742968779395, 0.3533420768501417, 0.4397016106376547], [0.25624490452020315, 0.27130140358441623, 0.1097668850797163, 0.2229855202840439, 0.09861652734399179, 0.3708148991662886, -0.2879702951071399, -0.32456924788894553, 0.08428192976073437, 0.03189802822089417, -0.006063828163524975, 0.10596256088573677, 0.2814054941595087, -0.07101643929444613, 0.02243096814539066, -0.048547348428984366, -0.09917841355380275, 0.17119348728825967, 0.1727898767874764, 0.23080595883613364, -0.07509739275667676, 1.14, 0.3295417519639727, 0.18052008570952874, 0.2353015775787467, -0.03138882049416433, 0.29863419484588805, 0.17470186294638318, 0.33264933343360736], [0.5900427044586939, 0.4584740743619034, 0.09666216328967582, 0.33352550915216794, -0.018668500838855812, 0.5061804733704109, 0.2715042651454449, -0.1254445705556127, -0.22374655682111438, 0.4484566412034898, 0.38312232463439605, 0.3543318503233191, 0.17994579538846625, 0.020734989598084275, 0.5915236756677283, 0.03840241208386545, 0.4250820494956734, 0.4575580710419009, 0.4602697951074948, 0.36507295501305315, 0.21259037935020839, 0.314895451876685, 1.14, -0.10094628803097755, 0.1718619251291303, 0.2485631982187478, 0.4066156058041128, 0.5149081245441238, 0.5549668283199599], [0.35619397899289645, 0.1223026506496362, -0.2789240319093562, 0.42349925180057046, 0.1563101898495846, 0.08397582098834278, -0.5114903615809865, -0.03960423931923485, 0.4538867410652597, -0.2706557376032118, -0.2662551137234671, -0.4615801094792291, 0.1140146982424709, 0.24583799324277708, -0.4935971599369943, -0.2658098471485697, -0.25016379975347247, -0.3664320740457198, -0.018475322443952814, 0.1013037689028085, -0.2521347367037272, 0.1621337806835582, -0.11356457403484976, 0.88, -0.029025612177556996, 0.09818640323532131, 0.24962432859894979, 0.022582814627935193, -0.009159134390558692], [0.2935558997726713, 0.3705498567994173, 0.1437379140970006, 0.34271822889863757, 0.39481710114381635, 0.5885235480778447, -0.14222804290516466, 0.056269831749088166, -0.16997375927040237, 0.4326447389451761, 0.0905960861960394, -0.024986027417947324, 0.4675678715555511, 0.038986526829798994, 0.48558553257135995, 0.02487862938130524, 0.23499991215561417, 0.023443427513231405, 0.4949516516326944, 0.41650402560851923, 0.03214734841669344, 0.26374462541793586, 0.17020940661827327, -0.031027378534629894, 0.99, 0.20010369669619138, 0.4083190521898875, 0.5446038745617136, 0.3707478858075938], [0.6971690387896267, 0.654680036350893, 0.18578295468495096, 0.4650934815896227, 0.39519821461524796, 0.5512374352460498, 0.030346378196512216, 0.15223197864581345, -0.43227898259424485, -0.03188290006092997, -0.04550009552840757, -0.03209668151428239, 0.1305198127725277, -0.3108985936435518, 0.18947013089139328, 0.06744229507896592, 0.29885800048958255, 0.24099299718790748, 0.5706973959014365, 0.7022067358942841, 0.11456081927219489, -0.035353724135532456, 0.30636859315334036, 0.09727726987203131, 0.18500153090779956, 0.98, 0.5340408154745591, 0.8051759390449352, 0.1908289560645233], [0.6090345456153435, 0.47984372765737837, 0.23566686714738233, 0.623501181833883, 0.2283822089254051, 0.7049552692843343, -0.19407645747335914, -0.19918284915530904, 0.06034940384473316, 0.05873971204770935, 0.046750460108944805, 0.19123567720357001, 0.46519678853994123, -0.00848056419947918, 0.21583117999463874, -0.07020854316306316, 0.2275169344857508, 0.3241376105417112, 0.7826717267214685, 0.5107140260655736, 0.2235937012710964, 0.3672857338909198, 0.5166410050216963, 0.3192869319288893, 0.5270164510822967, 0.48999621213645106, 1.07, 0.8610741586522739, 0.8650939529933981], [0.7427968733244471, 0.7212554583560641, 0.16584473842701014, 0.4383833657588489, 0.20063175298269892, 0.6460229827202163, -0.023290383197529, -0.060367842069135084, -0.4209651648584435, 0.48897017201443577, 0.006227402869618396, 0.07294049815833342, 0.23448474399007502, -0.32744597587656815, 0.5967157818196971, 0.0688090454997293, 0.6533019252874799, 0.2358783155424055, 0.7262667321937271, 0.7055870440993727, 0.34966143021628604, 0.1656028075845924, 0.6391962925375331, 0.027657604431965573, 0.522375144987766, 0.7837995866809105, 0.7924930309720043, 0.96, 0.48843422649248125], [0.3974705194639522, 0.2847095008653219, 0.29682170929142665, 0.477727475028205, 0.051812826749675876, 0.6774045431434619, -0.0007430758896148327, -0.3401191641513412, 0.1381768183288603, 0.05574538583858623, 0.30377307913126717, 0.5339791741835949, 0.2750846962769935, 0.17719228792095396, 0.23875810835983238, 0.059334588144516184, 0.20463696025509018, 0.5144118139089499, 0.7928658738032751, 0.25049302314091915, 0.39689879898266184, 0.3558574264638591, 0.5650571342894137, -0.008792769014936344, 0.3855778012398976, 0.20009249762105355, 0.8174741023699083, 0.4280093737305248, 1.07]]}, {"name": 2, "matrix": [[0.98, 0.8030409982167604, -0.11001620779268323, 0.5769361177630337, 0.1310577588879047, 0.5226744959667092, -0.04328101861860786, 0.17736810252200785, -0.08266712700025461, 0.01171934798142461, 0.07354792783617912, 0.030668320817486473, 0.3048303155172999, 0.031249148005262805, 0.18518589829928536, -0.05623795424920079, 0.19962865934411458, 0.1755549335895946, 0.5527254433240728, 0.5252941194017627, 0.04579670980623758, 0.22313971557046003, 0.39918226642930205, 0.3883716697600211, 0.26910349332619315, 0.6344195882490432, 0.7452118249859518, 0.7013803317943098, 0.36295010993916227], [0.712130696531844, 1.11, -0.05166896703563183, 0.5338633969385097, 0.28705008216549976, 0.7423712513733083, 0.13398655931772224, 0.17929586534258396, -0.18218507663819028, 0.28722931514525185, 0.12118125223624658, -0.1881026442485227, 0.31155059737306506, -0.1687915359218058, 0.39840364230564546, -0.000189195560479416, 0.13994015165576898, 0.10951355831343913, 0.5868031885462518, 0.3814373558210727, -0.18708378667587572, 0.16126538476572017, 0.5271973661044997, 0.17829428682145518, 0.4247952209137168, 0.6238120103384635, 0.6056646709921548, 0.6618987507486211, 0.27465645554733037], [-0.09724646938817534, -0.0563191740688387, 0.85, 0.13555904685886386, 0.17039042057276424, 0.19419001826305593, 0.17879422899608408, -0.08333070291703765, -0.2039697027874792, 0.10139158396730619, -0.024033855439866, 0.5565906083916584, -0.1421554660665132, -0.053494479088893473, 0.17422649068773902, 0.15247588142847235, 0.2048514897375042, 0.5296075344709934, 0.3676894064138915, 0.1285995674257135, 0.18806687262699698, 0.18705283372888462, -0.005533392946897259, -0.26484177913952567, 0.065096194824217, 0.06594951589293149, 0.21076739132617106, 0.08396078140285242, 0.25480712858257076], [0.4992716403718561, 0.4280526335813276, 0.12829695506285327, 1.0, 0.22928055523200838, 0.5912431947342023, -0.44223607991930153, 0.1116259236912203, 0.019117043658694533, -0.009584066249882754, -0.13821806567510286, -0.2439221078511512, 0.19297771099432204, 0.2650911143513384, 0.11919682912095281, -0.068940102585418, 0.03476426479114883, 0.11625908356997908, 0.6092312546164274, 0.31804120634205735, -0.0841602818251969, 0.28980558658708794, 0.20666702209613988, 0.4448653227168267, 0.3093012780882569, 0.3601061027947287, 0.7170223672403094, 0.39596746704765445, 0.39954761661004184], [0.1526755335498271, 0.28420800214405917, 0.14723055758229145, 0.2338207642465036, 0.99, 0.24629950864194222, -0.07054904307676349, -0.023719901772788494, -0.05179762387340082, 0.21523416920496316, 0.03774609829071804, -0.3292188439639788, 0.1656264582590848, -0.19809291121878328, 0.03232281174182488, -0.2708558469033821, 0.32644607918996155, -0.06566236037865406, 0.2064897452892821, 0.31054352074514036, 0.0298772539873041, 0.033491070332134415, 0.016647953910363143, 0.2241620938443747, 0.3727816123857138, 0.3890731971223659, 0.22402795864795674, 0.24641033442971655, 0.05924569853763773], [0.6668605638195946, 0.6562031596960493, 0.18194380089511547, 0.672793980214782, 0.22668273361736277, 1.11, -0.015046588331522495, -0.198489620939269, -0.1733246834927044, 0.0722587208160375, 0.08276512926934321, 0.020255283403528435, 0.35717291244123134, -0.13600266484817067, 0.48958804014222446, 0.08395196541369468, 0.19880777364140137, 0.33505147383667866, 0.8063054135908028, 0.5124843387884468, 0.09948120464664018, 0.3778012963972558, 0.3793878119147516, 0.08992718757245201, 0.46030501334321233, 0.4810303831372238, 0.7253202106837132, 0.7197991422741777, 0.6080694279488884], [-0.044461410035478974, 0.11123412471659959, 0.15644495037157358, -0.41789280946502805, -0.07703631140566129, -0.015046588331522495, 0.92, 0.07903179795722527, 0.04161577002308386, 0.15884367134513733, 0.5600837345840312, 0.4895038012195785, 0.09098321795861833, -0.08835224640653078, 0.4184352337957101, -0.014708659148923973, 0.13428955271393198, 0.32080280181088555, 0.024467022958177757, 0.02066971909847948, -0.09047212401886517, -0.2655709681489055, 0.2029922510430848, -0.37819408022617573, -0.07279736426920791, 0.08257607665077714, -0.18223387880336261, 0.04399184160596839, -0.0011995525681010313], [0.18954042328332213, 0.20383108902104283, -0.08638871036353443, 0.09667602319686043, -0.026298151965482894, -0.22302204599917866, 0.06322543836578022, 0.87, -0.10042211142343097, 0.032673496594435754, 0.28261832520146324, -0.00891618467755201, 0.28130422523321297, 0.26246696455271507, 0.11094469828376854, 0.18224662234721126, -0.12300894211929851, -0.16219645685440576, 0.0011452031391380204, -0.10338791199573227, -0.54615267797372, -0.30490183517160147, -0.16687495117802278, 0.011100042905947244, 0.02696092525096454, 0.1462108365425256, -0.2656389022573289, -0.05669088930616351, -0.39324456028043503], [-0.10403054184301704, -0.1929018458522015, -0.1789545505588261, 0.022268204701336492, -0.058739573464681345, -0.15860843678105968, 0.047560880026381556, -0.11965187744068372, 0.97, -0.2690002564271957, 0.24738102935826004, 0.026763229127139347, 0.2558955578585072, 0.2875761751031113, -0.32146838832305763, -0.2453892836058141, -0.45712140955983593, -0.3057857930989307, -0.22626806406687902, -0.24763682989583313, -0.4546671873993133, -0.0025824166930111976, -0.13110264507134156, 0.5401818261175174, -0.07420264748022525, -0.29910535255227144, 0.03821394631205318, -0.23311944660625084, 0.116505986895171], [0.011074246257676465, 0.28722931514525185, 0.09106466337