{"stateborders": [5, 16, 28, 39, 48, 61], "times": [{"name": 0, "matrix": [[1.0, 0.8042926815297758, 0.8857722411970114, 0.8645605619921247, 0.8284276546275987, 0.8685124413309329, 0.6348488669909157, 0.536578239865815, 0.060007754300476134, -0.631571155836255, 0.033262471309259, 0.689700512777317, -0.02207110170043338, 0.713785493639281, 0.8075375899962116, 0.15865063584162098, 0.8613808380996721, 0.9459087130049181, 0.7768968433019396, 0.7549249036273534, 0.8322084034152478, 0.7990290355285556, -0.7064105075194215, 0.3290719360773579, 0.7032643048751793, 0.7461790805963628, 0.2504877348021871, 0.07573795854844817, 0.385620924250685], [0.8042926815297758, 1.0, 0.9275744064409734, 0.9544840152342943, 0.961361067103086, 0.9515934792672195, 0.689285221828243, 0.8517916551943822, 0.11572320073322011, -0.7085217631044922, -0.03722970867180982, 0.8565225408145536, -0.28282486387024625, 0.9154917486597697, 0.8599269785327317, 0.10749564070708098, 0.9571018950193567, 0.8252941883899739, 0.9528224849615403, 0.7694582472994965, 0.9631095559068931, 0.9532513738569185, -0.94063374723991, 0.1930270964666516, 0.5777568507770052, 0.4910408189555376, 0.26145918312173405, -0.17508831202845063, 0.44916897098523], [0.8857722411970114, 0.9275744064409734, 1.0, 0.966930053371711, 0.9353536514663987, 0.9620484283745451, 0.6164768889465674, 0.7447132466180669, -0.05409961652584327, -0.7155374731979707, 0.0216258231143224, 0.7758875961138593, -0.07624689567476792, 0.8935000604959631, 0.8663889012618863, 0.3909144692352686, 0.9107448767383725, 0.9331130729194997, 0.89826029021224, 0.8535863915347245, 0.9783698682423517, 0.9193040339981331, -0.7632763575991673, 0.19957760639008448, 0.6493191836889513, 0.6231627177478947, 0.41629599514920257, -0.1308925600388253, 0.564429557654891], [0.8645605619921247, 0.9544840152342943, 0.966930053371711, 1.0, 0.9605507618334741, 0.9849408317981966, 0.5904592275302073, 0.6966034040919634, 0.05582997191768576, -0.7163370977409869, -0.16102732535057765, 0.7656424637264948, -0.3190406336048218, 0.8570090047844118, 0.8779344557754505, 0.1941404510463006, 0.9560603164536562, 0.8843709942717256, 0.8847657561292894, 0.8985624045529697, 0.9873458182856667, 0.8947288739139869, -0.8291317041057232, 0.3879890438183742, 0.6707285426202445, 0.533916918582817, 0.447143896625109, -0.22960963668269463, 0.5872755372766343], [0.8284276546275987, 0.961361067103086, 0.9353536514663987, 0.9605507618334741, 1.0, 0.9897755834779853, 0.7790786344273078, 0.7229446108997313, 0.27370489294929856, -0.5434526404232073, 0.04300766060352825, 0.9099613332471825, -0.2357380726764669, 0.8102192228989784, 0.961190216264558, 0.20954456862719942, 0.9846962605221321, 0.9017827895973729, 0.9646374597487545, 0.7490765427154716, 0.9751091703055267, 0.9636425190919871, -0.8583162051554784, 0.30177856054741387, 0.4665912687139684, 0.6487947390940826, 0.20561949305400945, -0.011146067116483343, 0.3591290364715271], [0.8685124413309329, 0.9515934792672195, 0.9620484283745451, 0.9849408317981966, 0.9897755834779853, 1.0, 0.7082706829576998, 0.6829121906587439, 0.1891414469718595, -0.6004467724664482, -0.028943202816819096, 0.8510598569726222, -0.2451209388391592, 0.8145604279132656, 0.9459297094425514, 0.23720584572905332, 0.979672963244776, 0.9227988944655877, 0.931269864899724, 0.819933856953345, 0.9881009928113392, 0.9371902538477812, -0.8235637483749045, 0.357294125284018, 0.5542816331878503, 0.6447205525542665, 0.3112883726841913, -0.07216726924986251, 0.4519023778275377], [0.6348488669909157, 0.689285221828243, 0.6164768889465674, 0.5904592275302073, 0.7790786344273078, 0.7082706829576998, 1.0, 0.5596136899604276, 0.6318876306167347, -0.05531501754122273, 0.5376885840147702, 0.9532652756835907, 0.13761979620756698, 0.477511464138397, 0.8611969005165101, 0.1570763995876855, 0.7693746853411971, 0.7531137936999112, 0.8539076470475693, 0.19939138842873677, 0.6461982234576958, 0.837131094020818, -0.6806745635525239, 0.0008397922041594122, -0.015457183697570993, 0.8185504464684474, -0.4344490321573471, 0.5696073064295034, -0.28299953165851793], [0.536578239865815, 0.8517916551943822, 0.7447132466180669, 0.6966034040919634, 0.7229446108997313, 0.6829121906587439, 0.5596136899604276, 1.0, -0.1318046695472336, -0.7031335912925738, 0.17246406467040545, 0.72756101038134, -0.017587124309989804, 0.9344087924022295, 0.5724832516460558, 0.18510012024109976, 0.6880060173069799, 0.571990906699962, 0.8293460378434374, 0.5043808732414274, 0.7490189062022593, 0.8326819749239698, -0.8404448902024596, -0.3032715679962011, 0.42977241531910704, 0.2565098600809965, 0.12913051744977824, -0.19992608730818975, 0.3516960652125594], [0.060007754300476134, 0.11572320073322011, -0.05409961652584327, 0.05582997191768576, 0.27370489294929856, 0.1891414469718595, 0.6318876306167347, -0.1318046695472336, 1.0, 0.5497567877796787, 0.24958045255912298, 0.4868304018786757, -0.21021119447734785, -0.25761988428927657, 0.4419734330997284, -0.307474992394978, 0.3080652839733038, 0.15508410778238563, 0.27109658164060135, -0.2636111541911145, 0.069025764780876, 0.22148897655207056, -0.223419226987529, 0.3268980658622237, -0.483967857739812, 0.41562527158876045, -0.667450259810507, 0.61292051371229, -0.6635727109734123], [-0.631571155836255, -0.7085217631044922, -0.7155374731979707, -0.7163370977409869, -0.5434526404232073, -0.6004467724664482, -0.05531501754122273, -0.7031335912925738, 0.5497567877796787, 1.0, 0.4017123711831357, -0.2749276828538013, 0.2721773867102867, -0.8574660111540009, -0.3306330876325337, -0.024209347655297277, -0.563493838896055, -0.5011094894324412, -0.5045071200319484, -0.8262581721928683, -0.6701265459716573, -0.5322520152326129, 0.6612435592439635, -0.10555734971818498, -0.9153808519165595, -0.012559313954244066, -0.6785179527849678, 0.6449054517837576, -0.825696112423509], [0.033262471309259, -0.03722970867180982, 0.0216258231143224, -0.16102732535057765, 0.04300766060352825, -0.028943202816819096, 0.5376885840147702, 0.17246406467040545, 0.24958045255912298, 0.4017123711831357, 1.0, 0.38387056153822957, 0.832732919115357, -0.0054574663050590555, 0.17086068359999196, 0.47419950285937046, -0.03729532175162878, 0.19377652995234868, 0.2444246337138318, -0.46657360697871947, -0.0378515595663923, 0.24960761442368087, 0.08688121027976342, -0.681417883754709, -0.5361918041430089, 0.5712068882757246, -0.6744092874808525, 0.8220866725029392, -0.6132166889681857], [0.689700512777317, 0.8565225408145536, 0.7758875961138593, 0.7656424637264948, 0.9099613332471825, 0.8510598569726222, 0.9532652756835907, 0.72756101038134, 0.4868304018786757, -0.2749276828538013, 0.38387056153822957, 1.0, -0.011081109688757699, 0.6821542296644968, 0.9269492945836308, 0.20687954987560797, 0.8844231085963804, 0.8114335144828035, 0.964830645426391, 0.41403629562668626, 0.8220233293810395, 0.9518334517288689, -0.8107167349266178, 0.0363833330152845, 0.14293991211453103, 0.7324391175221453, -0.19685496031347915, 0.31577386255020673, -0.024382836421561586], [-0.02207110170043338, -0.28282486387024625, -0.07624689567476792, -0.3190406336048218, -0.2357380726764669, -0.2451209388391592, 0.13761979620756698, -0.017587124309989804, -0.21021119447734785, 0.2721773867102867, 0.832732919115357, -0.011081109688757699, 1.0, -0.1017639434599073, -0.12443240041818324, 0.6277112830167061, -0.3019477356640245, 0.07695447592729593, -0.07166181033186128, -0.41539670536438433, -0.22694677907356497, -0.03843809629536383, 0.38572773310114844, -0.720261607963278, -0.3073958859411212, 0.3957910897420323, -0.37814618606678535, 0.6244604434515229, -0.3739566385369233], [0.713785493639281, 0.9154917486597697, 0.8935000604959631, 0.8570090047844118, 0.8102192228989784, 0.8145604279132656, 0.477511464138397, 0.9344087924022295, -0.25761988428927657, -0.8574660111540009, -0.0054574663050590555, 0.6821542296644968, -0.1017639434599073, 1.0, 0.6456026024347812, 0.24768690255678272, 0.7781260631107724, 0.7168730553815297, 0.8408678652147822, 0.7620585725731255, 0.8782276071459273, 0.8582498588291714, -0.8303311586103874, -0.07110406326245072, 0.6605132881444354, 0.32613572314537087, 0.4111516804785719, -0.3333763994386028, 0.6083387159080955], [0.8075375899962116, 0.8599269785327317, 0.8663889012618863, 0.8779344557754505, 0.961190216264558, 0.9459297094425514, 0.8611969005165101, 0.5724832516460558, 0.4419734330997284, -0.3306330876325337, 0.17086068359999196, 0.9269492945836308, -0.12443240041818324, 0.6456026024347812, 1.0, 0.27465494121684764, 0.9504801809254264, 0.9194467490778968, 0.9243506475737896, 0.6208793798389747, 0.9010008080631898, 0.920638459213688, -0.7453163424374593, 0.3294964441731347, 0.313758106704567, 0.7862932341514942, 0.044881465443133386, 0.21440312202516595, 0.16750152766780002], [0.15865063584162098, 0.10749564070708098, 0.3909144692352686, 0.1941404510463006, 0.20954456862719942, 0.23720584572905332, 0.1570763995876855, 0.18510012024109976, -0.307474992394978, -0.024209347655297277, 0.47419950285937046, 0.20687954987560797, 0.6277112830167061, 0.24768690255678272, 0.27465494121684764, 1.0, 0.08941986753990319, 0.3880645468898984, 0.24514023658746775, 0.17575297039293714, 0.2941127185409404, 0.2845194783095581, 0.18626047104601845, -0.3513143898426856, -0.047938528615746406, 0.4208527054421161, 0.22165477058571173, 0.1806885335328977, 0.20517479021729007], [0.8613808380996721, 0.9571018950193567, 0.9107448767383725, 0.9560603164536562, 0.9846962605221321, 0.979672963244776, 0.7693746853411971, 0.6880060173069799, 0.3080652839733038, -0.563493838896055, -0.03729532175162878, 0.8844231085963804, -0.3019477356640245, 0.7781260631107724, 0.9504801809254264, 0.08941986753990319, 1.0, 0.8942111058808969, 0.9370763877618896, 0.7514544423133475, 0.9502445455738096, 0.9334979504774328, -0.8913381094410633, 0.37789814437017155, 0.5296285293744973, 0.6315187944468166, 0.18377060258117575, -0.020108416484804527, 0.33846649724637223], [0.9459087130049181, 0.8252941883899739, 0.9331130729194997, 0.8843709942717256, 0.9017827895973729, 0.9227988944655877, 0.7531137936999112, 0.571990906699962, 0.15508410778238563, -0.5011094894324412, 0.19377652995234868, 0.8114335144828035, 0.07695447592729593, 0.7168730553815297, 0.9194467490778968, 0.3880645468898984, 0.8942111058808969, 1.0, 0.8646389208645249, 0.7158809276710348, 0.891396340924178, 0.8838702275099023, -0.6710839142936487, 0.2553541133532187, 0.5299890341612383, 0.8425745092831584, 0.19353120787457703, 0.18514807304750217, 0.3190995909351666], [0.7768968433019396, 0.9528224849615403, 0.89826029021224, 0.8847657561292894, 0.9646374597487545, 0.931269864899724, 0.8539076470475693, 0.8293460378434374, 0.27109658164060135, -0.5045071200319484, 0.2444246337138318, 0.964830645426391, -0.07166181033186128, 0.8408678652147822, 0.9243506475737896, 0.24514023658746775, 0.9370763877618896, 0.8646389208645249, 1.0, 0.6038910072445759, 0.9292313151943501, 0.997898873843561, -0.8747687919855817, 0.05657003675119601, 0.3555073702656986, 0.6675344598941401, 0.03685605714408818, 0.10168083719950884, 0.2232335129830679], [0.7549249036273534, 0.7694582472994965, 0.8535863915347245, 0.8985624045529697, 0.7490765427154716, 0.819933856953345, 0.19939138842873677, 0.5043808732414274, -0.2636111541911145, -0.8262581721928683, -0.46657360697871947, 0.41403629562668626, -0.41539670536438433, 0.7620585725731255, 0.6208793798389747, 0.17575297039293714, 0.7514544423133475, 0.7158809276710348, 0.6038910072445759, 1.0, 0.8444191711659934, 0.6274421656104823, -0.6165449457184822, 0.5139692826674382, 0.8502616170143488, 0.2668257603688469, 0.776953669625066, -0.5324997209436265, 0.8577358406040327], [0.8322084034152478, 0.9631095559068931, 0.9783698682423517, 0.9873458182856667, 0.9751091703055267, 0.9881009928113392, 0.6461982234576958, 0.7490189062022593, 0.069025764780876, -0.6701265459716573, -0.0378515595663923, 0.8220233293810395, -0.22694677907356497, 0.8782276071459273, 0.9010008080631898, 0.2941127185409404, 0.9502445455738096, 0.891396340924178, 0.9292313151943501, 0.8444191711659934, 1.0, 0.9392594526261084, -0.8195094913257964, 0.27134690313633375, 0.5789346022172446, 0.5735767587637217, 0.3861401780396551, -0.1649611668135296, 0.5345176382432899], [0.7990290355285556, 0.9532513738569185, 0.9193040339981331, 0.8947288739139869, 0.9636425190919871, 0.9371902538477812, 0.837131094020818, 0.8326819749239698, 0.22148897655207056, -0.5322520152326129, 0.24960761442368087, 0.9518334517288689, -0.03843809629536383, 0.8582498588291714, 0.920638459213688, 0.2845194783095581, 0.9334979504774328, 0.8838702275099023, 0.997898873843561, 0.6274421656104823, 0.9392594526261084, 1.0, -0.8603359771765572, 0.04383975769036743, 0.3868107941906524, 0.6811733161432252, 0.07209832308423608, 0.09220601950521828, 0.2575699245245569], [-0.7064105075194215, -0.94063374723991, -0.7632763575991673, -0.8291317041057232, -0.8583162051554784, -0.8235637483749045, -0.6806745635525239, -0.8404448902024596, -0.223419226987529, 0.6612435592439635, 0.08688121027976342, -0.8107167349266178, 0.38572773310114844, -0.8303311586103874, -0.7453163424374593, 0.18626047104601845, -0.8913381094410633, -0.6710839142936487, -0.8747687919855817, -0.6165449457184822, -0.8195094913257964, -0.8603359771765572, 1.0, -0.17559374230780592, -0.5302636579235911, -0.3508032222838595, -0.08123196550456434, 0.1630529774062233, -0.2883669008758068], [0.3290719360773579, 0.1930270964666516, 0.19957760639008448, 0.3879890438183742, 0.30177856054741387, 0.357294125284018, 0.0008397922041594122, -0.3032715679962011, 0.3268980658622237, -0.10555734971818498, -0.681417883754709, 0.0363833330152845, -0.720261607963278, -0.07110406326245072, 0.3294964441731347, -0.3513143898426856, 0.37789814437017155, 0.2553541133532187, 0.05657003675119601, 0.5139692826674382, 0.27134690313633375, 0.04383975769036743, -0.17559374230780592, 1.0, 0.3747746086306178, 0.09041436780847305, 0.3900049456861503, -0.24699523591583497, 0.31371246902433964], [0.7032643048751793, 0.5777568507770052, 0.6493191836889513, 0.6707285426202445, 0.4665912687139684, 0.5542816331878503, -0.015457183697570993, 0.42977241531910704, -0.483967857739812, -0.9153808519165595, -0.5361918041430089, 0.14293991211453103, -0.3073958859411212, 0.6605132881444354, 0.313758106704567, -0.047938528615746406, 0.5296285293744973, 0.5299890341612383, 0.3555073702656986, 0.8502616170143488, 0.5789346022172446, 0.3868107941906524, -0.5302636579235911, 0.3747746086306178, 1.0, 0.08273151355512634, 0.7106840062613431, -0.5735345620824248, 0.8019736452682601], [0.7461790805963628, 0.4910408189555376, 0.6231627177478947, 0.533916918582817, 0.6487947390940826, 0.6447205525542665, 0.8185504464684474, 0.2565098600809965, 0.41562527158876045, -0.012559313954244066, 0.5712068882757246, 0.7324391175221453, 0.3957910897420323, 0.32613572314537087, 0.7862932341514942, 0.4208527054421161, 0.6315187944468166, 0.8425745092831584, 0.6675344598941401, 0.2668257603688469, 0.5735767587637217, 0.6811733161432252, -0.3508032222838595, 0.09041436780847305, 0.08273151355512634, 1.0, -0.24131702484732245, 0.6651268666431336, -0.16677948618137034], [0.2504877348021871, 0.26145918312173405, 0.41629599514920257, 0.447143896625109, 0.20561949305400945, 0.3112883726841913, -0.4344490321573471, 0.12913051744977824, -0.667450259810507, -0.6785179527849678, -0.6744092874808525, -0.19685496031347915, -0.37814618606678535, 0.4111516804785719, 0.044881465443133386, 0.22165477058571173, 0.18377060258117575, 0.19353120787457703, 0.03685605714408818, 0.776953669625066, 0.3861401780396551, 0.07209832308423608, -0.08123196550456434, 0.3900049456861503, 0.7106840062613431, -0.24131702484732245, 1.0, -0.8191585168786348, 0.9711860243241875], [0.07573795854844817, -0.17508831202845063, -0.1308925600388253, -0.22960963668269463, -0.011146067116483343, -0.07216726924986251, 0.5696073064295034, -0.19992608730818975, 0.61292051371229, 0.6449054517837576, 0.8220866725029392, 0.31577386255020673, 0.6244604434515229, -0.3333763994386028, 0.21440312202516595, 0.1806885335328977, -0.020108416484804527, 0.18514807304750217, 0.10168083719950884, -0.5324997209436265, -0.1649611668135296, 0.09220601950521828, 0.1630529774062233, -0.24699523591583497, -0.5735345620824248, 0.6651268666431336, -0.8191585168786348, 1.0, -0.82218958929401], [0.385620924250685, 0.44916897098523, 0.564429557654891, 0.5872755372766343, 0.3591290364715271, 0.4519023778275377, -0.28299953165851793, 0.3516960652125594, -0.6635727109734123, -0.825696112423509, -0.6132166889681857, -0.024382836421561586, -0.3739566385369233, 0.6083387159080955, 0.16750152766780002, 0.20517479021729007, 0.33846649724637223, 0.3190995909351666, 0.2232335129830679, 0.8577358406040327, 0.5345176382432899, 0.2575699245245569, -0.2883669008758068, 0.31371246902433964, 0.8019736452682601, -0.16677948618137034, 0.9711860243241875, -0.82218958929401, 1.0]]}, {"name": 1, "matrix": [[1.06, 0.8525502424215624, 0.9389185756688321, 0.8386237451323609, 0.8864175904515307, 0.7816611971978396, 0.7173792196997346, 0.5043835454738661, 0.06840883990254279, -0.6252554442778925, 0.030268848891425695, 0.6759065025217706, -0.02251252373444205, 0.7637504781940307, 0.912517476695719, 0.13643954682379403, 0.9561327302906362, 1.0594177585655082, 0.7225140642708039, 0.7775726507361741, 0.7905979832444854, 0.7750581644626989, -0.7205387176698099, 0.32249049735581076, 0.7806233784114491, 0.7088701265665447, 0.2504877348021871, 0.06967892186457232, 0.4203268074332467], [0.8203785351603714, 1.14, 0.8069897336036469, 1.0785669372147524, 0.9132930137479317, 0.8754660009258419, 0.6754995173916781, 0.7240229069152249, 0.11919489675521672, -0.7793739394149415, -0.03722970867180982, 0.9164791186715724, -0.30545085297986596, 0.9521114186061604, 0.9717174857419867, 0.11609529196364747, 0.9762439329197439, 0.8748118396933724, 0.9337660352623095, 0.661734092677567, 1.0594205114975825, 1.0104464562883337, -0.7995386851539235, 0.19881790936065113, 0.5604241452536951, 0.4272055124913177, 0.27191755044660343, -0.1978497925921492, 0.4851024886640484], [0.9389185756688321, 0.8626441979901054, 1.07, 0.8508984469671057, 0.8137576767757668, 1.0678737554957451, 0.5240053556045823, 0.7149247167533442, -0.04977164720377581, -0.7584697215898489, 0.02054453195860628, 0.8301997278418295, -0.07777183358826327, 0.8488250574711649, 0.9703555694133127, 0.4026419033123267, 0.892529979203605, 0.9517753343778897, 0.8263994669952608, 0.7938353441272938, 0.9881535669247753, 0.8549527516182638, -0.7861746483271423, 0.22552269522079543, 0.7142511020578465, 0.6917106167001631, 0.41629599514920257, -0.11649437843455451, 0.5136308974659508], [0.8472693507522822, 0.8113114129491501, 0.9765993539054282, 1.09, 0.9605507618334741, 1.0637360983420523, 0.6140775966314156, 0.7035694381328831, 0.05917977023274691, -0.7808074365376757, -0.16585814511109498, 0.8575195593736743, -0.28713657024433964, 0.7884482844016588, 0.9130518340064685, 0.18055061947305956, 0.8126512689856077, 0.9993392235270498, 0.9466993590583398, 0.8536342843253212, 0.9675989019199533, 1.0110436275228052, -0.8788796063520666, 0.3841091533801904, 0.6841431134726494, 0.5285777493969888, 0.42031526282760245, -0.22501744394904072, 0.5637845157855689], [0.8201433780813228, 0.8171569070376231, 0.8324647498050949, 0.816468147558453, 1.01, 0.9699800718084256, 0.8803588569028578, 0.6361912575917635, 0.23538620793639675, -0.5597562196359035, 0.04515804363370467, 0.8280648132549361, -0.20037736177499688, 0.8993433374178661, 1.0476973357283683, 0.1843992203919355, 1.1127067743900092, 0.8927649617013992, 0.8681737137738791, 0.7041319501525433, 1.0433668122269135, 1.0214610702375064, -0.798234070794595, 0.27461849009814665, 0.4106003164682922, 0.7006983182216092, 0.17683276402644812, -0.012149213156966845, 0.34476387501266603], [0.8858826901575515, 0.8469181965478254, 0.8466026169695997, 0.8864467486183769, 0.9996733393127651, 1.05, 0.7153533897872768, 0.5873044839665197, 0.16833588780495495, -0.6785048528870864, -0.027206610647809947, 0.8851022512515271, -0.23286489189720122, 0.7819780107967349, 0.8797146297815729, 0.22534555344260063, 0.862112207655403, 0.9412548723548995, 0.7915793851647653, 0.9183259197877465, 0.9979820027394526, 0.8153555208475697, -0.930627035663642, 0.30727294774425545, 0.4822250208734297, 0.5738012917732972, 0.35486874485997805, -0.061342178862383134, 0.5016116393885669], [0.6665913103404615, 0.6203566996454187, 0.5609939689413763, 0.6672189271091342, 0.7790786344273078, 0.6586917351506608, 0.96, 0.6211711958560747, 0.6761197647599062, -0.06084651929534501, 0.46778906809285004, 1.0009285394677703, 0.1183530247385076, 0.5348128398350047, 0.8095250864855195, 0.15393487159593178, 0.815537166461669, 0.7757072075109085, 0.8453685705770936, 0.2273061828087599, 0.6978940813343115, 0.7617892955589444, -0.741935274272251, 0.0007810067498682533, -0.015302611860595283, 0.8594779687918699, -0.4083820902279062, 0.5468230141723233, -0.2462095925429106], [0.536578239865815, 0.9284529041618766, 0.6404533920915375, 0.7175015062147223, 0.6867973803547447, 0.7512034097246183, 0.5484214161612191, 1.05, -0.13839490302459528, -0.6117262244245392, 0.15349301755666087, 0.6184268588241391, -0.018818223011689093, 0.9717851440983187, 0.4980604289320686, 0.17769611543145575, 0.7086461978261893, 0.5090719069629662, 0.9205741020062156, 0.4287237422552133, 0.7639992843263045, 0.8909697131686477, -0.7143781566720906, -0.34572958751566923, 0.44696331193187133, 0.2642051558834264, 0.13687834849676495, -0.18393200032353457, 0.3587299865168106], [0.05880759921446661, 0.1029936486525659, -0.0595095781784276, 0.05862147051357005, 0.23538620793639675, 0.20616417719932686, 0.7203518989030775, -0.1502573232838463, 1.0, 0.6267227380688337, 0.26954688876385285, 0.501435313935036, -0.18708796308483958, -0.24989128776059827, 0.4684918390857121, -0.3136244922428776, 0.32654920101170204, 0.13647401484849936, 0.2385649918437292, -0.24515837339773652, 0.06488421889402345, 0.19269540960030138, -0.254697918765783, 0.3268980658622237, -0.4307313933884327, 0.41146901887287285, -0.7341952857915578, 0.5945328983009213, -0.7232942549610195], [-0.713675406094968, -0.729777415997627, -0.6797605995380721, -0.659030129921708, -0.5434526404232073, -0.6184601756404416, -0.04701776491003932, -0.7101649272054995, 0.4837859732461173, 1.07, 0.4177808660304611, -0.26393057553964927, 0.23679432643794943, -0.9775112527155609, -0.294263447992955, -0.02348306722563836, -0.6142082843966999, -0.43095416091189936, -0.43387612322747565, -0.8675710808025118, -0.6969316078105237, -0.5269294950802867, 0.707530608391041, -0.10872407020973053, -0.8970732348782283, -0.014066431628753356, -0.6785179527849678, 0.6513545063015952, -0.9000087625416249], [0.03359509602235159, -0.04058038245227271, 0.020112015496319833, -0.18196087764615274, 0.03784674133110486, -0.027206610647809947, 0.4624121822527023, 0.15521765820336492, 0.27953010686621776, 0.3735925052003162, 0.94, 0.42993502892281715, 0.9076788818357392, -0.0055666156311602365, 0.1571918289119926, 0.5073934680595265, -0.03170102348888446, 0.2034653564499661, 0.2566458653995234, -0.5038994955370171, -0.032930856822761305, 0.2620879951448649, 0.08514358607416815, -0.6405328107294265, -0.5201060500187187, 0.5883430949239964, -0.6339447302320013, 0.7727614721527628, -0.5518950200713671], [0.7586705640550488, 0.9164791186715724, 0.6672633326579189, 0.8498631347364093, 1.0282563065693162, 0.9021234483909796, 1.0009285394677703, 0.6984585699660864, 0.5111719219726095, -0.26118129871111123, 0.376193150307465, 1.04, -0.01063786530120739, 0.6685111450712068, 0.9825662522586488, 0.20067316337933971, 0.9198000329402356, 0.7789761739034914, 0.9937755647891827, 0.42645738449548687, 0.7727019296181771, 0.8090584339695386, -0.8350382369744164, 0.03893016632635442, 0.15866330244712945, 0.8130074204495814, -0.19685496031347915, 0.31261612392470467, -0.02657729169950213], [-0.01920185847937704, -0.29413785842505613, -0.07014714402078649, -0.3126598209327254, -0.20037736177499688, -0.23041368250880964, 0.12110542066265895, -0.01688363933759021, -0.18288373919529263, 0.23951610030505227, 0.8826968942622784, -0.009862187622994352, 1.11, -0.09565810685231285, -0.1194551044014559, 0.6967595241485438, -0.31100616773394524, 0.08772810255711735, -0.066645483608631, -0.3821649689352336, -0.2496414569809215, -0.03843809629536383, 0.38187045577013695, -0.8210982330781368, -0.26128650304995304, 0.42745437692139493, -0.336550105599439, 0.6556834656240991, -0.41135230239061565], [0.7708883331304235, 0.9429565011195628, 0.9113700617058824, 0.9169996351193207, 0.8750367607308968, 0.8064148236341329, 0.5443630691177725, 0.9624410561742964, -0.21897690164588507, -0.7888687302616808, -0.006057787598615552, 0.7708342795208813, -0.09260518854851565, 1.13, 0.5745863161669552, 0.27988619988916447, 0.7158759780619106, 0.7097043248277144, 0.8576852225190779, 0.6706115438643504, 0.9836149200034386, 0.806754867299421, -0.8386344701964913, -0.06968198199720171, 0.7331697498403233, 0.3098289369881023, 0.4522668485264292, -0.3633802753880771, 0.6874227489761479], [0.7994622140962495, 0.8341291691767497, 0.9443639023754561, 0.992065935026259, 0.9996378249151404, 0.9270111152537004, 0.8439729625061799, 0.5953825817118981, 0.4463931674307257, -0.28103812448765364, 0.16402625625599226, 1.0289137169878304, -0.1269210484265469, 0.5939543942399987, 1.13, 0.29937388592636394, 0.902956171879155, 1.0481692939488023, 0.8504025957678865, 0.589835410847026, 0.9100108161438217, 1.0311150743193307, -0.6484252179205896, 0.34597126638179143, 0.28865745816820165, 0.8727854899081586, 0.04757435336972139, 0.18224265372139106, 0.15410140545437603], [0.1618236485584534, 0.09352120741516046, 0.4456424949282062, 0.21355449615093067, 0.18649466607820747, 0.22534555344260063, 0.13665646764128636, 0.20546113346762074, -0.33207299178657623, -0.023967254178744304, 0.5168774581167138, 0.21101714087312012, 0.5398317033943673, 0.2823630689147323, 0.2691618423925107, 0.85, 0.08047788078591288, 0.43075164704778723, 0.24268883422159307, 0.16169273276150217, 0.26764257387225576, 0.31012623135741835, 0.2048865181506203, -0.3618538215379662, -0.05369115204963598, 0.46714650304074895, 0.24825334305599717, 0.2041780428921744, 0.20107129441294427], [0.9044498800046558, 1.0623831034714861, 0.9471746718079074, 0.9656209196181927, 0.8369918214438122, 1.0776402595692538, 0.6770497231002535, 0.5985652350570725, 0.323468548171969, -0.51277939339541, -0.035803508881563625, 0.8755788775104166, -0.3351619865870672, 0.7470010205863414, 0.9219657754976636, 0.09567925826769642, 0.91, 0.849500550586852, 0.9370763877618896, 0.8040562532752819, 0.9502445455738096, 0.8588181144392382, -0.775464155213725, 0.3703401814827681, 0.593183952899437, 0.6946706738914983, 0.2039853688651051, -0.01990733231995648, 0.3012351825492713], [0.8229405803142787, 0.9325824328806704, 0.8584640270859398, 0.8932147042144428, 0.964907584869189, 0.8674309607976524, 0.8058317592589049, 0.617750179235959, 0.1705925185606242, -0.5061205843267655, 0.17827440755616078, 0.7952048441931474, 0.08618901303857145, 0.6810294026124531, 1.0481692939488023, 0.42299035610998925, 0.9389216611749418, 0.98, 0.8214069748212985, 0.7015633091176141, 0.9448801213796287, 0.9545798457106945, -0.6979272708653946, 0.22981870201789686, 0.593587718260587, 0.8678517445616531, 0.18385464748084818, 0.18144511158655213, 0.30633560729775994], [0.7069761274047651, 0.8384837867661555, 0.8443646727995056, 0.9820899893035113, 0.8585273391763915, 0.8474555770587489, 0.9734547176342289, 0.9454544831415186, 0.27109658164060135, -0.43387612322747565, 0.2322034020281402, 0.8490509679752241, -0.06091253878208209, 0.7735984359975997, 0.8411590892921486, 0.2181748105628463, 0.899593332251414, 0.8992244776991059, 1.01, 0.5314240863752268, 0.9292313151943501, 0.8881299977207693, -0.9447502953444282, 0.06222704042631562, 0.3839479598869545, 0.7009111828888471, 0.03611893600120642, 0.09049594510756287, 0.2232335129830679], [0.6869816623008916, 0.7386799174075166, 0.938945030688197, 0.7637780438700242, 0.6741688884439245, 0.7133424555494101, 0.21534269950303572, 0.5245561081710846, -0.28206393498449256, -0.8840962442463692, -0.3965875659319115, 0.38919411788908503, -0.46109034295446666, 0.8306438441047068, 0.6084617922421952, 0.15466261394578468, 0.71388172019768, 0.7874690204381384, 0.6823968381863706, 0.91, 0.8444191711659934, 0.6964608038276354, -0.6843648897475153, 0.4420135830939969, 0.7567328391427705, 0.22680189631351988, 0.7458755228400633, -0.4952247404775727, 0.9692414998825569], [0.7156992269371131, 1.0208961292613068, 1.095774252431434, 0.9972192764685234, 0.9068515283841398, 1.1264351318049266, 0.5751164188773493, 0.681607204644056, 0.07109653772430229, -0.6969316078105237, -0.03558046599240876, 0.9371065954943849, -0.2360246502365076, 0.9572680917890608, 0.8289207434181347, 0.3323473719512626, 0.9977567728525001, 0.9805359750165958, 0.9756928809540676, 0.7515330623377341, 0.97, 1.0707557759937636, -0.8277045862390544, 0.2550660889481537, 0.6194600243724517, 0.5047475477120751, 0.3513875620160862, -0.16826039014980018, 0.5345176382432899], [0.8150096162391268, 1.0867065661968869, 0.9560761953580584, 0.7694668315660287, 0.9925517946647467, 1.0121654741556039, 0.8706163377816507, 0.7910478761777713, 0.2524974332693604, -0.4843493338616778, 0.24711153827944407, 0.9518334517288689, -0.0411287630360393, 0.9612398418886721, 0.8193682287001823, 0.298745452225036, 0.9708378684965301, 0.8219993115842091, 1.0677517950126103, 0.6901863821715306, 0.9392594526261084, 0.86, -0.8173191783177293, 0.04953892619011519, 0.3365253909458676, 0.728855448273251, 0.07786618893097498, 0.09958250106563575, 0.24469142829832904], [-0.6145771415418967, -0.9970717720743046, -0.862502284087059, -0.7296358996130364, -0.8154003948977044, -0.7741499234724102, -0.7487420199077763, -0.9581071748308039, -0.19660891974902553, 0.562057025357369, 0.08427477397137052, -0.7134307267354236, 0.32786857313597617, -0.7971179122659718, -0.7304100155887101, 0.17135963336233698, -0.8556845850634207, -0.7180597882942041, -0.9010118557451491, -0.6042140468041125, -0.9096555353716341, -0.9377662151224474, 0.93, -0.17383780488472786, -0.5779873871367144, -0.3718514156208911, -0.07067180998897098, 0.16468350718028552, -0.3172035909633875], [0.33894409415967863, 0.18916655453731857, 0.1856071739427786, 0.42678794820021165, 0.30479634615288803, 0.357294125284018, 0.0009321693466169475, -0.3032715679962011, 0.32362908520360145, -0.11505751119282163, -0.7018604202673503, 0.03747483300574304, -0.8210982330781368, -0.06825990073195269, 0.3756259463573735, -0.3056435191631365, 0.35900323715166294, 0.2553541133532187, 0.04921593197354053, 0.4985502041874151, 0.27677384119906046, 0.03857898676752334, -0.16154624292318145, 0.9, 0.3710268625443116, 0.07685221263720209, 0.3822048467724273, -0.2099459505284597, 0.31998671840482645], [0.7243622340214347, 0.5257587342070748, 0.5584144979724981, 0.7042649697512567, 0.4525935306525493, 0.5099391025328223, -0.015302611860595283, 0.4512610360850624, -0.4307313933884327, -0.9611498945123875, -0.47184878764584787, 0.1400811138722404, -0.2889521327846539, 0.6010670922114363, 0.2698319717659276, -0.049856069760376265, 0.598480238193182, 0.4716902404035021, 0.3555073702656986, 0.8672668493546357, 0.6541961005054863, 0.4254918736097177, -0.49314520186893973, 0.3897655929758425, 1.06, 0.07859493787737001, 0.6964703261361163, -0.6366233639114915, 0.9062302191531338], [0.7312554989844355, 0.4419367370599838, 0.5795413275055421, 0.597986948812755, 0.6098670547484376, 0.7156398133352359, 0.7121388884275492, 0.23085887407289687, 0.35743773356633396, -0.011052196279734779, 0.5654948193929674, 0.6811683792955951, 0.43141228781881524, 0.3098289369881023, 0.8334708282005839, 0.39560154311558915, 0.6504643582802211, 0.8678517445616531, 0.7543139396803782, 0.27483053317991235, 0.5506336884131728, 0.7152319819503865, -0.3508032222838595, 0.08679779309613413, 0.07942225301292129, 1.08, -0.2292511736049563, 0.611916717311683, -0.18345743479950738], [0.273031630934384, 0.24054244847199532, 0.4371107949066627, 0.40690094592884923, 0.20356329812346935, 0.35486874485997805, -0.39969310958475934, 0.11234355018130707, -0.6274032442218765, -0.6310216960900201, -0.6609211017312354, -0.1850436626946704, -0.3516759530421104, 0.35770196201635757, 0.049818426641878064, 0.24382024764428292, 0.19112142668442278, 0.17804871124461089, 0.037593178286969946, 0.7070278393588101, 0.3900015798200517, 0.07714520570013261, -0.08935516205502078, 0.3900049456861503, 0.8030729270753176, -0.27268823807747433, 1.04, -0.7618174206971304, 0.8255081206755593], [0.07649533813393265, -0.19609890947186473, -0.14659966724348433, -0.23879402215000242, -0.01136898845881301, -0.07288894194236113, 0.501254429657963, -0.2259164786582544, 0.6251789239865357, 0.5804149066053819, 0.9125162064782626, 0.34735124880522744, 0.6182158390170076, -0.3400439274273749, 0.18224265372139106, 0.18249541886822668, -0.02252142646298107, 0.1962569574303523, 0.11388253766344991, -0.46327475722095507, -0.1567131084728531, 0.09220601950521828, 0.14674767966560096, -0.25440509299331004, -0.579269907703249, 0.691731941308859, -0.8027753465410621, 0.93, -0.7646363180434294], [0.3509150410681234, 0.3862853150472978, 0.6434496957265757, 0.6401303356315314, 0.3268074231890897, 0.38411702115340707, -0.29148951760827346, 0.3798317504295642, -0.6370298025344758, -0.7678973845538635, -0.6929348585340498, -0.02121306768675858, -0.3627379393808156, 0.6935061361352288, 0.17420158877451203, 0.20107129441294427, 0.3147738424391262, 0.3286725786632216, 0.2500215345410361, 0.8234264069798714, 0.5558983437730215, 0.21893443584587335, -0.31431992195462943, 0.30116397026336605, 0.866131536889721, -0.17345066562862516, 1.1071520677295736, -0.8386333810798902, 0.9]]}, {"name": 2, "matrix": [[1.13, 0.6593853173083563, 0.8261546031423582, 0.773786871771233, 0.8172069011121291, 0.7917880729771907, 0.6676225793615929, 0.5486376803781609, 0.012230053099159706, -0.5461693412747991, 0.03966024329392556, 0.6242647620568026, -0.045175257448523985, 0.7173174995402847, 0.7173256739075932, 0.13482680267580008, 0.7038817066606609, 0.9526475004177527, 0.7728333718404041, 0.6244830932915517, 0.63907433711466, 0.6389294357264814, -0.6852296714828485, 0.27431192371445917, 0.5376353077103866, 0.8223114152869625, 0.24071447056973652, 0.04811392958472684, 0.38801344133288046], [0.6669644588866132, 1.04, 0.7199939777533833, 0.8282820728272949, 0.7161921639439671, 0.8336921114978743, 0.6523695369895731, 0.7434190560704644, 0.08784760570339596, -0.6742844104653334, -0.014667518661536198, 0.7648032786353242, -0.2729886696292137, 0.8916777251800483, 0.6611435805910549, 0.09946926422321767, 0.845019723791325, 0.6991620995424461, 0.7860138851012944, 0.5965896188594672, 0.886242366043083, 0.9637080835401558, -0.8789286196252367, 0.13942636718003723, 0.438261121235321, 0.529142640552214, 0.3230218552192019, -0.13724779778533225, 0.3553747855922624], [0.9208181514190868, 0.7448213562966034, 0.96, 0.8502858437568325, 0.8794155016099808, 0.9039692069516658, 0.5623610289102102, 0.6835695157609792, -0.09098652644000121, -0.6990514129013881, 0.003225529604675419, 0.6407386285279443, -0.08995686835272775, 0.7102513574369452, 0.7122873757611211, 0.30114115132621444, 0.7061539507444419, 0.7752164700209526, 0.7213581259835757, 0.691823903468003, 0.9526860311095856, 0.7038858943203025, -0.7042570053664279, 0.14151952428919454, 0.5423710288310932, 0.5689411559250217, 0.38841117062134406, -0.1292336984594327, 0.4739138071808716], [0.7334854721998146, 0.9035804430843218, 0.8323850891514256, 1.13, 0.7638438148753487, 0.7831898338407293, 0.5876229912724128, 0.6581650507600463, 0.024185615497026868, -0.6264736147123853, -0.15758534225064574, 0.6500759235220288, -0.32437037778427597, 0.6465032075965651, 0.7394108428779607, 0.15655687713975158, 0.7493031073066818, 0.8422570829695455, 0.9423250243879346, 0.7931307503948506, 0.9838604340858105, 0.7997728106912738, -0.657921411554676, 0.283048341049692, 0.5162590797536304, 0.4677040581061061, 0.43821147349025774, -0.18806048934441827, 0.477156947376378], [0.6463363672432293, 0.7731619951667826, 0.9296678159876941, 0.6988358306306381, 1.09, 0.7545020772175915, 0.6366554646418009, 0.6848997475997212, 0.2102151490588847, -0.5157386444808758, 0.0009945684751573628, 0.7661917091676443, -0.18358607196705168, 0.82010371670011, 0.9851394685773607, 0.1580740488956076, 0.7948219152335574, 0.6888598098159386, 0.7263969312171883, 0.7882273352270348, 0.8136068411611769, 0.739881836673102, -0.7980584973460674, 0.284270375901554, 0.38436538448193897, 0.5849404580540103, 0.18386894613617788, -0.05745938265771924, 0.3367951398195186], [0.7999508366161308, 0.9272697974823296, 0.7864532100479492, 1.017246565793131, 0.9688492582453163, 1.06, 0.6853480769304562, 0.6376229980489357, 0.16514752190288445, -0.4536055523979055, -0.009511107716295762, 0.9006379308482536, -0.2530642600682669, 0.7331122577223103, 0.8176256133203085, 0.23611741264048636, 0.7865685208017789, 0.7509596604062657, 0.7608498874021171, 0.6118150247745744, 0.935104781190461, 0.7775692443955933, -0.7085024420543841, 0.31051040047137624, 0.45418088358003106, 0.5516562751211065, 0.28952282205821106, -0.09154231393901086, 0.33622487933999445], [0.5960915887157079, 0.5980054089071087, 0.605619569595611, 0.4744112223116727, 0.6559480544794313, 0.6446343297860726, 1.01, 0.6015367182731655, 0.6231097816016871, 0.01430284133738153, 0.48690589864274814, 1.026150685955052, 0.09949274035306102, 0.45838098846463693, 0.7677016016427077, 0.1712128642065574, 0.7296348842404315, 0.7331274831077115, 0.7410907006280237, 0.10938667970975881, 0.5360230257834967, 0.8668751055394515, -0.6456459710046255, -0.025208617741428355, -0.06571002495293506, 0.7027074205968236, -0.36777245667875336, 0.5083137095585126, -0.30533542121119467], [0.5005115680642871, 0.857207687101658, 0.5911952568743604, 0.5796683015868297, 0.6783768928606762, 0.6314324835047713, 0.5796626557905048, 0.94, -0.05436531648770325, -0.5174541338922825, 0.22895523603409781, 0.7649883642956811, 0.05829483440783631, 1.0159647620154726, 0.5558436296569089, 0.17353925153580466, 0.6551747747496789, 0.530991545883254, 0.8284434749510169, 0.3806352447301909, 0.7165145588350101, 0.7994800338681936, -0.7892770654483156, -0.2047247963140516, 0.3556603058277921, 0.16902214303469779, 0.1111979997957398, -0.1870462607198137, 0.23052445012259298], [0.011772854852462147, 0.08523827088052281, -0.08825693064680118, 0.019969774263600165, 0.20172160768276814, 0.158044402681255, 0.5572039393168933, -0.043187400948175476, 1.06, 0.5749925055837792, 0.3289716099997474, 0.5239846430608007, -0.15093975640766297, -0.17424091169248077, 0.4736711216034818, -0.2629351339719662, 0.2741650345025464, 0.14005271031182745, 0.21835662496588726, -0.2406132165805748, 0.06479907299016788, 0.23090347130306468, -0.1952692170180141, 0.3015242656846958, -0.40371844690175746, 0.31573658805390054, -0.6827192826058893, 0.6329857123584411, -0.7241854521130814], [-0.6068548236386657, -0.5953141641946186, -0.7119968094365989, -0.5826204616825184, -0.4544627659286926, -0.5370272631837273, 0.011793570927314596, -0.5624501455350897, 0.5749925055837792, 1.08, 0.498365657653704, -0.18811991745041243, 0.2984501735132376, -0.7412207117667643, -0.25343223345143967, 0.024936100673234016, -0.5266292414779139, -0.36328856661649334, -0.4708892354078136, -0.8759379095405331, -0.509901674869117, -0.3605651074140635, 0.6205937073677426, -0.062071447927415285, -0.8221071446526614, -0.0328805251922493, -0.6219757928401777, 0.6313526723933108, -0.7771272930912231], [0.046757339462312246, -0.015482380809399319, 0.0025449132660741837, -0.1269437479241313, 0.001064891498653338, -0.009920187618071922, 0.4650224874677931, 0.18359617983866333, 0.27656905265465487, 0.3915730167279103, 0.94, 0.38584762220476887, 0.691369474032977, 0.01811760011140021, 0.12731686222481509, 0.4950411322354001, 0.01174178623