{"stateborders": [6, 17, 27, 38, 49, 62], "times": [{"name": 0, "matrix": [[1.0, 0.7531132041180185, 0.35111980783266944, 0.7270587770273488, 0.3667022536793112, 0.4294314718411666, 0.23637196288876006, 0.030257596850724294, 0.2369467927593753, 0.059753046442111345, 0.06326637395581108, 0.33094084908197086, 0.09669555971184826, 0.3730418468813909, 0.4580980635274921, 0.27727065467467926, 0.5355293383647541, 0.2300475125619548, 0.3638716247233577, 0.29141812922942206, 0.2739580715409248, 0.5707492931475231, 0.003138616248089434, 0.1809608154075635, 0.21853974950021304, 0.6657141773166257, 0.43086434952363883, 0.30317219829571695, 0.4460996217894543], [0.7531132041180185, 1.0, -0.23304788765327167, 0.828043968838433, 0.3885552292341733, -0.1038229875632751, 0.3687900797432804, 0.39321170716976817, 0.6889784085220676, 0.23748453345382003, -0.0024512190690053654, 0.3946662032664522, 0.27059642454315347, 0.4351043824734325, -0.05210637459019902, 0.2352132215381488, 0.41416258263343764, -0.28932112315024505, 0.6616390898983752, -0.3427550033788426, 0.49367877731481113, 0.20210918428444113, -0.3582789433090333, 0.5820484339791792, -0.07812182399094374, 0.8729553415760247, 0.5858257227627479, 0.6614604735378568, 0.4587230882781558], [0.35111980783266944, -0.23304788765327167, 1.0, -0.3018981431163394, 0.34076600246965405, 0.9592713749463672, 0.013460949631456314, -0.033422390791208255, -0.4392740497887977, -0.15302904863826752, 0.574094352180086, 0.41161663235761187, 0.23929358770074205, 0.3973130656742111, 0.8250191491614552, -0.0904555654979124, -0.09866535017971302, 0.9577263684564424, -0.07571697309827102, 0.9203195743487508, -0.4607043215106205, 0.8268397683852581, 0.6108575639816949, -0.6300971637585467, 0.30737928170144474, 0.04459357441100435, -0.2216983995656272, -0.1649233835469286, 0.14340603672860378], [0.7270587770273488, 0.828043968838433, -0.3018981431163394, 1.0, 0.29484291335763607, -0.14314432698264926, 0.46055805999483546, -0.12895546672809166, 0.6395688439834186, 0.3873306263005692, -0.28263355536067014, 0.08845174533653602, -0.1996899375449945, 0.03927882831115955, 0.08715874466578379, 0.1675024138081688, 0.8162430822693986, -0.32046591833223476, 0.509889315739459, -0.21509311957071167, 0.8031599446157234, 0.011373255408651667, -0.1340510842511441, 0.7417920925042476, -0.002699864277780235, 0.5249857066713853, 0.6330439940470254, 0.27075048742392754, 0.4361976124850165], [0.3667022536793112, 0.3885552292341733, 0.34076600246965405, 0.29484291335763607, 1.0, 0.5360122430783275, 0.865636264333563, 0.3630690050410363, 0.6722696011477903, 0.6404916893865297, 0.7452240999345555, 0.9172933806440784, 0.4726947550513605, 0.6985875286123123, 0.6317398030327823, -0.3980189496692268, 0.3066599742647687, 0.5138167572252563, 0.876537836381361, 0.294679418416671, 0.4098054486023275, 0.6191621271485692, 0.6172393944228013, 0.341014445479258, -0.09250790264909071, 0.5879689465964903, 0.3228059095907553, 0.3964523046034917, 0.5875246449651251], [0.4294314718411666, -0.1038229875632751, 0.9592713749463672, -0.14314432698264926, 0.5360122430783275, 1.0, 0.24543636087974177, -0.034997871148183785, -0.21835169179421476, 0.06486067864718653, 0.6606779363928733, 0.5428049005483453, 0.2213725191935262, 0.4685143086495443, 0.9169367024352397, -0.21875188745236204, 0.03662779869699116, 0.9554220909947916, 0.15238685407436506, 0.905532545745001, -0.263846724707658, 0.8737500704568125, 0.7182088611921318, -0.4252683908506399, 0.16089557094940438, 0.17064586268004267, -0.06239146221113065, -0.09785610530568961, 0.32212934117156106], [0.23637196288876006, 0.3687900797432804, 0.013460949631456314, 0.46055805999483546, 0.865636264333563, 0.24543636087974177, 1.0, 0.16315824032435206, 0.8120844026153228, 0.9186068375803144, 0.5375448326043807, 0.6364713699422601, 0.23000781960361041, 0.2983367915745602, 0.4985321340715726, -0.28705792236797584, 0.4766768622614049, 0.2250987847586776, 0.872720324197855, 0.13743921238880186, 0.6706652192418621, 0.19965063158227467, 0.5977295999520628, 0.6959769904588615, -0.07459996930934601, 0.4426714585108005, 0.611752632546712, 0.3442296893521354, 0.7424994782480252], [0.030257596850724294, 0.39321170716976817, -0.033422390791208255, -0.12895546672809166, 0.3630690050410363, -0.034997871148183785, 0.16315824032435206, 1.0, 0.3856200426274886, 0.10820012798263709, 0.5819004279280088, 0.6356332326823194, 0.9418516909814925, 0.6078034366191934, -0.22158971667574598, 0.22456803790372967, -0.5368464568772168, -0.0026475752539335, 0.5086306894360746, -0.26968378757525985, -0.2694571549736114, 0.18389187488535558, -0.28107553583265343, 0.05100753760990994, 0.054984430981674104, 0.7017883903179204, 0.1935609432351105, 0.8785107262631291, 0.27387698642055086], [0.2369467927593753, 0.6889784085220676, -0.4392740497887977, 0.6395688439834186, 0.6722696011477903, -0.21835169179421476, 0.8120844026153228, 0.3856200426274886, 1.0, 0.7338684384587968, 0.2375613970127667, 0.5394550894901532, 0.2726704099913132, 0.35141656210962924, -0.020128317148376724, -0.17716786289665684, 0.4174816306492395, -0.28086324822036374, 0.9183286790519908, -0.42131308877353646, 0.7603608324206307, -0.03273130966536779, 0.044686166879013715, 0.8648397160646705, -0.27308913529642104, 0.639982482153652, 0.6111407106174658, 0.5850090243544799, 0.5540849929565956], [0.059753046442111345, 0.23748453345382003, -0.15302904863826752, 0.3873306263005692, 0.6404916893865297, 0.06486067864718653, 0.9186068375803144, 0.10820012798263709, 0.7338684384587968, 1.0, 0.44480118940082625, 0.38192894072739014, 0.15408894875655751, -0.031906641475963206, 0.3333730177544795, -0.08761208439000416, 0.35088629423261586, 0.051501556326616064, 0.7325826821060857, 0.07065599515448429, 0.5995988681915391, -0.11028084567988804, 0.5004038667036652, 0.7779281375223269, -0.007038660987018567, 0.31184398515960127, 0.758201144992421, 0.3599502601314263, 0.8107285255024108], [0.06326637395581108, -0.0024512190690053654, 0.574094352180086, -0.28263355536067014, 0.7452240999345555, 0.6606779363928733, 0.5375448326043807, 0.5819004279280088, 0.2375613970127667, 0.44480118940082625, 1.0, 0.8316666498535678, 0.73926396126334, 0.6052017351076148, 0.5690451247325877, -0.17824103388895068, -0.3351523629016972, 0.6962723239997936, 0.5645572929342604, 0.4862821145900632, -0.24376297936840458, 0.5843233861918482, 0.5777225009937379, -0.08992807803497496, 0.05788078912346096, 0.4477208771356706, 0.19453225866051171, 0.4605502920561788, 0.5625351548308837], [0.33094084908197086, 0.3946662032664522, 0.41161663235761187, 0.08845174533653602, 0.9172933806440784, 0.5428049005483453, 0.6364713699422601, 0.6356332326823194, 0.5394550894901532, 0.38192894072739014, 0.8316666498535678, 1.0, 0.7186426537347415, 0.8892376189714576, 0.4886633476841353, -0.31993404849943863, -0.011488157133234414, 0.5320437199800291, 0.8009482634262567, 0.2280788822791343, 0.09979515905410434, 0.7196837910692716, 0.413147609532081, 0.0942735401422795, -0.0955805573854437, 0.6931720771435353, 0.15405457144412268, 0.5458370653035634, 0.44957753862511174], [0.09669555971184826, 0.27059642454315347, 0.23929358770074205, -0.1996899375449945, 0.4726947550513605, 0.2213725191935262, 0.23000781960361041, 0.9418516909814925, 0.2726704099913132, 0.15408894875655751, 0.73926396126334, 0.7186426537347415, 1.0, 0.6184409679232558, 0.04878498373109682, 0.2605701583576651, -0.49575065262581425, 0.28908562793068926, 0.4761937864560338, 0.04124599804626759, -0.33818495391144665, 0.35011149372037886, -0.032163392103767154, -0.07557431125575666, 0.28408943213843585, 0.648628574949034, 0.1761256273106711, 0.8128127387344171, 0.34590427210992614], [0.3730418468813909, 0.4351043824734325, 0.3973130656742111, 0.03927882831115955, 0.6985875286123123, 0.4685143086495443, 0.2983367915745602, 0.6078034366191934, 0.35141656210962924, -0.031906641475963206, 0.6052017351076148, 0.8892376189714576, 0.6184409679232558, 1.0, 0.3105905422133862, -0.3795533170110809, -0.08936082811601885, 0.42504280741987005, 0.5965557505743855, 0.08267275636769911, -0.046992657790362415, 0.7920071844047742, 0.14337378107676807, -0.14267954645400682, -0.25582466662642755, 0.6565847682692598, -0.1389786695698453, 0.4208772970313166, 0.11839867635269148], [0.4580980635274921, -0.05210637459019902, 0.8250191491614552, 0.08715874466578379, 0.6317398030327823, 0.9169367024352397, 0.4985321340715726, -0.22158971667574598, -0.020128317148376724, 0.3333730177544795, 0.5690451247325877, 0.4886633476841353, 0.04878498373109682, 0.3105905422133862, 1.0, -0.2503467797488454, 0.35452028062929414, 0.8830210325382417, 0.2699452090181418, 0.892345070926331, 0.07627803847833697, 0.7307564747076888, 0.8674922175851608, -0.13336256423569298, 0.21248075439272487, 0.11070895166566154, 0.1293209587272162, -0.17598319999054726, 0.4603736421363369], [0.27727065467467926, 0.2352132215381488, -0.0904555654979124, 0.1675024138081688, -0.3980189496692268, -0.21875188745236204, -0.28705792236797584, 0.22456803790372967, -0.17716786289665684, -0.08761208439000416, -0.17824103388895068, -0.31993404849943863, 0.2605701583576651, -0.3795533170110809, -0.2503467797488454, 1.0, -0.13854228095267018, -0.22778541624080295, -0.2344717432213834, -0.018416572907233066, -0.24785866356077269, -0.30721165431130154, -0.4818621108643423, 0.048983411884897035, 0.738728300813368, 0.2203716310553527, 0.4415368764912723, 0.441052851761793, 0.2355099399598578], [0.5355293383647541, 0.41416258263343764, -0.09866535017971302, 0.8162430822693986, 0.3066599742647687, 0.03662779869699116, 0.4766768622614049, -0.5368464568772168, 0.4174816306492395, 0.35088629423261586, -0.3351523629016972, -0.011488157133234414, -0.49575065262581425, -0.08936082811601885, 0.35452028062929414, -0.13854228095267018, 1.0, -0.048973710669759, 0.29214517882211405, 0.07415154525268115, 0.8610762794630332, 0.07502630116684722, 0.2691234733399921, 0.5443489695986314, 0.05343176246966297, 0.06824972224677522, 0.3095515608182879, -0.23486314822133117, 0.1986684692688018], [0.2300475125619548, -0.28932112315024505, 0.9577263684564424, -0.32046591833223476, 0.5138167572252563, 0.9554220909947916, 0.2250987847586776, -0.0026475752539335, -0.28086324822036374, 0.051501556326616064, 0.6962723239997936, 0.5320437199800291, 0.28908562793068926, 0.42504280741987005, 0.8830210325382417, -0.22778541624080295, -0.048973710669759, 1.0, 0.0743706876853299, 0.917086820867152, -0.32667595941392097, 0.7991549193659447, 0.7818427163569797, -0.5085463138951547, 0.2833339306065811, 0.020060194084751588, -0.19059700417658537, -0.14989167347022153, 0.2090598893029222], [0.3638716247233577, 0.6616390898983752, -0.07571697309827102, 0.509889315739459, 0.876537836381361, 0.15238685407436506, 0.872720324197855, 0.5086306894360746, 0.9183286790519908, 0.7325826821060857, 0.5645572929342604, 0.8009482634262567, 0.4761937864560338, 0.5965557505743855, 0.2699452090181418, -0.2344717432213834, 0.29214517882211405, 0.0743706876853299, 1.0, -0.1188993141253228, 0.5597235250450839, 0.31090097805601596, 0.25540643681104686, 0.664476615461426, -0.2379818811631512, 0.7723825374190658, 0.5832635105012984, 0.6499780317967047, 0.6874866378062517], [0.29141812922942206, -0.3427550033788426, 0.9203195743487508, -0.21509311957071167, 0.294679418416671, 0.905532545745001, 0.13743921238880186, -0.26968378757525985, -0.42131308877353646, 0.07065599515448429, 0.4862821145900632, 0.2280788822791343, 0.04124599804626759, 0.08267275636769911, 0.892345070926331, -0.018416572907233066, 0.07415154525268115, 0.917086820867152, -0.1188993141253228, 1.0, -0.2947295106299889, 0.6201227895834601, 0.7548713957266383, -0.44931948353977597, 0.42572150940335207, -0.12500961901921223, -0.043022954083666166, -0.28375656102374114, 0.2737815116682336], [0.2739580715409248, 0.49367877731481113, -0.4607043215106205, 0.8031599446157234, 0.4098054486023275, -0.263846724707658, 0.6706652192418621, -0.2694571549736114, 0.7603608324206307, 0.5995988681915391, -0.24376297936840458, 0.09979515905410434, -0.33818495391144665, -0.046992657790362415, 0.07627803847833697, -0.24785866356077269, 0.8610762794630332, -0.32667595941392097, 0.5597235250450839, -0.2947295106299889, 1.0, -0.1699843851697793, 0.15604390986803798, 0.8406468295117235, -0.19171399191609087, 0.18696680799414425, 0.44790508162097425, 0.018062228192824697, 0.2912853278224189], [0.5707492931475231, 0.20210918428444113, 0.8268397683852581, 0.011373255408651667, 0.6191621271485692, 0.8737500704568125, 0.19965063158227467, 0.18389187488535558, -0.03273130966536779, -0.11028084567988804, 0.5843233861918482, 0.7196837910692716, 0.35011149372037886, 0.7920071844047742, 0.7307564747076888, -0.30721165431130154, 0.07502630116684722, 0.7991549193659447, 0.31090097805601596, 0.6201227895834601, -0.1699843851697793, 1.0, 0.4558473677300836, -0.39664014018401034, -0.010243732775486795, 0.42191483115488476, -0.18297651077447655, 0.07174372256041608, 0.15762742195924992], [0.003138616248089434, -0.3582789433090333, 0.6108575639816949, -0.1340510842511441, 0.6172393944228013, 0.7182088611921318, 0.5977295999520628, -0.28107553583265343, 0.044686166879013715, 0.5004038667036652, 0.5777225009937379, 0.413147609532081, -0.032163392103767154, 0.14337378107676807, 0.8674922175851608, -0.4818621108643423, 0.2691234733399921, 0.7818427163569797, 0.25540643681104686, 0.7548713957266383, 0.15604390986803798, 0.4558473677300836, 1.0, -0.043946854210633074, 0.07739419489615083, -0.17922829699908457, 0.02212556954407375, -0.31764213417615017, 0.35080903577428796], [0.1809608154075635, 0.5820484339791792, -0.6300971637585467, 0.7417920925042476, 0.341014445479258, -0.4252683908506399, 0.6959769904588615, 0.05100753760990994, 0.8648397160646705, 0.7779281375223269, -0.08992807803497496, 0.0942735401422795, -0.07557431125575666, -0.14267954645400682, -0.13336256423569298, 0.048983411884897035, 0.5443489695986314, -0.5085463138951547, 0.664476615461426, -0.44931948353977597, 0.8406468295117235, -0.39664014018401034, -0.043946854210633074, 1.0, -0.16044426651042995, 0.3919073585457564, 0.7794673586126915, 0.4004905992701149, 0.580733347476352], [0.21853974950021304, -0.07812182399094374, 0.30737928170144474, -0.002699864277780235, -0.09250790264909071, 0.16089557094940438, -0.07459996930934601, 0.054984430981674104, -0.27308913529642104, -0.007038660987018567, 0.05788078912346096, -0.0955805573854437, 0.28408943213843585, -0.25582466662642755, 0.21248075439272487, 0.738728300813368, 0.05343176246966297, 0.2833339306065811, -0.2379818811631512, 0.42572150940335207, -0.19171399191609087, -0.010243732775486795, 0.07739419489615083, -0.16044426651042995, 1.0, -0.024841767410582204, 0.17428525815791, 0.14788663615080108, 0.14524119580148034], [0.6657141773166257, 0.8729553415760247, 0.04459357441100435, 0.5249857066713853, 0.5879689465964903, 0.17064586268004267, 0.4426714585108005, 0.7017883903179204, 0.639982482153652, 0.31184398515960127, 0.4477208771356706, 0.6931720771435353, 0.648628574949034, 0.6565847682692598, 0.11070895166566154, 0.2203716310553527, 0.06824972224677522, 0.020060194084751588, 0.7723825374190658, -0.12500961901921223, 0.18696680799414425, 0.42191483115488476, -0.17922829699908457, 0.3919073585457564, -0.024841767410582204, 1.0, 0.5730299797061802, 0.8645694743578382, 0.6144687839174671], [0.43086434952363883, 0.5858257227627479, -0.2216983995656272, 0.6330439940470254, 0.3228059095907553, -0.06239146221113065, 0.611752632546712, 0.1935609432351105, 0.6111407106174658, 0.758201144992421, 0.19453225866051171, 0.15405457144412268, 0.1761256273106711, -0.1389786695698453, 0.1293209587272162, 0.4415368764912723, 0.3095515608182879, -0.19059700417658537, 0.5832635105012984, -0.043022954083666166, 0.44790508162097425, -0.18297651077447655, 0.02212556954407375, 0.7794673586126915, 0.17428525815791, 0.5730299797061802, 1.0, 0.5949396059905121, 0.9028079304882843], [0.30317219829571695, 0.6614604735378568, -0.1649233835469286, 0.27075048742392754, 0.3964523046034917, -0.09785610530568961, 0.3442296893521354, 0.8785107262631291, 0.5850090243544799, 0.3599502601314263, 0.4605502920561788, 0.5458370653035634, 0.8128127387344171, 0.4208772970313166, -0.17598319999054726, 0.441052851761793, -0.23486314822133117, -0.14989167347022153, 0.6499780317967047, -0.28375656102374114, 0.018062228192824697, 0.07174372256041608, -0.31764213417615017, 0.4004905992701149, 0.14788663615080108, 0.8645694743578382, 0.5949396059905121, 1.0, 0.5723580305531226], [0.4460996217894543, 0.4587230882781558, 0.14340603672860378, 0.4361976124850165, 0.5875246449651251, 0.32212934117156106, 0.7424994782480252, 0.27387698642055086, 0.5540849929565956, 0.8107285255024108, 0.5625351548308837, 0.44957753862511174, 0.34590427210992614, 0.11839867635269148, 0.4603736421363369, 0.2355099399598578, 0.1986684692688018, 0.2090598893029222, 0.6874866378062517, 0.2737815116682336, 0.2912853278224189, 0.15762742195924992, 0.35080903577428796, 0.580733347476352, 0.14524119580148034, 0.6144687839174671, 0.9028079304882843, 0.5723580305531226, 1.0]]}, {"name": 1, "matrix": [[0.92, 0.7154575439121176, 0.31951902512772923, 0.6325411360137935, 0.3850373663632768, 0.38648832465704996, 0.26946403769318644, 0.03086274878773878, 0.24879413239734408, 0.058557985513269115, 0.06896034761183409, 0.29122794719213435, 0.11023293807150701, 0.41780686850715787, 0.4351931603511175, 0.2550890023007049, 0.5515952185156968, 0.25075178869253073, 0.38934263845399275, 0.25644795372189144, 0.2684789101101063, 0.5650418002160479, 0.00354663636034106, 0.1646743420208828, 0.23820832695523222, 0.6856856026361245, 0.46964214098076634, 0.26072809053431656, 0.5040925726220833], [0.7305198079944779, 0.9, -0.24236980315940254, 0.7038373735126681, 0.3302719448490473, -0.11628174607086812, 0.3835416829330116, 0.3774832388829774, 0.7303171130333916, 0.22323546144659082, -0.0022551215434849364, 0.3433595968418134, 0.26789046029772196, 0.48296586454551016, -0.058359139541022904, 0.24697388261505626, 0.45972046672311584, -0.25460258837221567, 0.6219407445044727, -0.3324723532774773, 0.5084891406342554, 0.17987717401315262, -0.3152854701119493, 0.6344327930373054, -0.07577816927121542, 0.846766681328744, 0.6561248094942778, 0.6085436356548283, 0.40826354856755864], [0.3616534020676495, -0.21673453551754265, 0.94, -0.28680323596052243, 0.31691238229677826, 1.0072349436936856, 0.012249464164625246, -0.030414375619999514, -0.44805953078457367, -0.14996846766550218, 0.5511305780928825, 0.415732798681188, 0.26800881822483114, 0.40525932698769535, 0.717766659770466, -0.08864645418795414, -0.10655857819409006, 0.8906855226644915, -0.06890244551942663, 0.8558972041443382, -0.4238479757897709, 0.8929869498560787, 0.5192289293844407, -0.6300971637585467, 0.29815790325040137, 0.04058015271401396, -0.1973115756134082, -0.15008027902770502, 0.15774664040146416], [0.6325411360137935, 0.7452395719545897, -0.27774629166703224, 0.99, 0.2977913424912124, -0.1374185539033433, 0.4697692211947322, -0.123797248058968, 0.7163171052614289, 0.3873306263005692, -0.31089691089673716, 0.09022078024326674, -0.17373024566414522, 0.03652931032937839, 0.07669969530588973, 0.14237705173694348, 0.7346187740424587, -0.3012379632323007, 0.5659771404707995, -0.20003660120076186, 0.8272547429541951, 0.01125952285456515, -0.1434346601487242, 0.7492100134292901, -0.0027808602061136422, 0.49348656427110216, 0.5950613544042038, 0.23555292405881695, 0.39257785123651484], [0.37770332128969053, 0.4390674090346158, 0.29646642214859903, 0.285997625956907, 1.14, 0.5628128552322439, 0.9002617149069055, 0.41389866574678136, 0.6588242091248345, 0.6148720218110685, 0.7005106539384821, 1.0181956525149272, 0.43015222709673806, 0.6007852746065886, 0.5938354148508154, -0.3462764862122273, 0.3403925714338933, 0.5086785896530037, 0.7538225392879704, 0.2593178882066705, 0.3811190672001646, 0.6686950973204548, 0.6913081217535375, 0.3751158900271839, -0.09713329778154525, 0.4997736046070168, 0.3454023232621082, 0.34094898195900286, 0.6169008772133814], [0.3821940099386383, -0.11420528631960261, 1.0360130849420766, -0.1359871106335168, 0.48241101877049475, 0.98, 0.2184383611829702, -0.032897998879292754, -0.207434107204504, 0.05642879042305228, 0.5880033633896573, 0.5265207535318949, 0.20144899246610887, 0.4497737363035625, 0.8985979683865349, -0.190314142083555, 0.03186618486638231, 0.9267594282649478, 0.14019590574841587, 0.8059239657130509, -0.25856979021350485, 0.8213250662294037, 0.6463879750729187, -0.480553281661223, 0.13676123530699372, 0.14846190053163713, -0.06800669381013241, -0.08611337266900686, 0.28991640705440497], [0.24346312177542287, 0.36510217894584757, 0.013326340135141751, 0.4559524793948871, 0.8050417258302136, 0.22334708840056502, 1.04, 0.1435792514854298, 0.6902717422230243, 0.9461650427077238, 0.5321693842783368, 0.5982830877457245, 0.21620735042739378, 0.2834199519958322, 0.4287376353015524, -0.30715197693373414, 0.40517533292219415, 0.2453576753869586, 0.8639931209558764, 0.14018799663657788, 0.6103053495100945, 0.2276017200037931, 0.5857750079530215, 0.6402988312221526, -0.0693779714576918, 0.4293913147554764, 0.6729278958013832, 0.3235759079910072, 0.6756745252057029], [0.03449366040982569, 0.40107594131316354, -0.0344250625149445, -0.12895546672809166, 0.3957452154947296, -0.030098169187438056, 0.16152665792110854, 1.01, 0.4010448443325882, 0.11469213566159532, 0.6284524621622495, 0.5593572447604411, 1.0360368600796417, 0.5834912991544257, -0.21051023084195866, 0.22905939866180428, -0.5636887797210777, -0.00227691471838281, 0.5035443825417139, -0.23462489519047608, -0.25059515412545863, 0.15630809365255224, -0.24172496081608194, 0.044886633096720745, 0.05388474236204062, 0.7509135776401749, 0.166462411182195, 0.9751469061520733, 0.30400345492681147], [0.2179910493386253, 0.6614192721811849, -0.42170308779724575, 0.7291084821410971, 0.5915972490100555, -0.1877824549430247, 0.6983925862491775, 0.439606848595337, 0.95, 0.7265297540742088, 0.2684443786244264, 0.48011502964623637, 0.2944840427906183, 0.3268174027619552, -0.019524467633925423, -0.18071122015458999, 0.4508801611011787, -0.2977150431135856, 0.7805793771941921, -0.4002474343348596, 0.7983788740416623, -0.028803552505523654, 0.03887696518474193, 0.7956525387794968, -0.25943467853159996, 0.639982482153652, 0.6783661887853871, 0.5206580316754871, 0.515299043449634], [0.05557033319116356, 0.2636078321337403, -0.16680166301571162, 0.41831707640461474, 0.582847437341742, 0.07069813972543332, 0.955351111083527, 0.10170812030367886, 0.6898363321512689, 0.87, 0.5070733559169419, 0.4124832559855814, 0.1433027223435985, -0.03126850864644394, 0.31003690651166593, -0.09024044692170428, 0.31930652775168045, 0.05304660301641455, 0.8278184307798767, 0.08054783447611208, 0.6475667776468622, -0.10256118648229588, 0.4503634800332987, 0.6612389168939778, -0.0063347948883167105, 0.26506738738566105, 0.758201144992421, 0.3383532445235407, 0.7620848139722661], [0.06642969265360164, -0.0025737800224556336, 0.5798352957018869, -0.32220225311116396, 0.6408927259437177, 0.6144304808453722, 0.5966747641908626, 0.5528054065316084, 0.23993701098289438, 0.46704124887086756, 0.97, 0.8815666488447819, 0.6727302047496395, 0.6838779606716047, 0.603187832216543, -0.16932898219450315, -0.38207369370793476, 0.6753841542797997, 0.5024559907114917, 0.4571051877146594, -0.21207379205051197, 0.6252260232252776, 0.6181630760632996, -0.09442448193672372, 0.05614436544975713, 0.4432436683643139, 0.18869629090069637, 0.5158163271029204, 0.5400337486376483], [0.2812997217196752, 0.4420261476584265, 0.4075004660340357, 0.0955278849634589, 0.8163911087732297, 0.6187975866251135, 0.6237419425434149, 0.6419895650091426, 0.47472047875133483, 0.3322781784328294, 0.8482999828506391, 0.85, 0.8048797721829105, 0.8447757380228846, 0.4349103794388804, -0.281541962679506, -0.010454222991243317, 0.5799276547782317, 0.776919815523469, 0.21211336051959492, 0.10478491700680956, 0.683699601515808, 0.35117546810226885, 0.08013250912093757, -0.10705022427169696, 0.6169231486577464, 0.16329784573077005, 0.49671172942624264, 0.5080226186463762], [0.10346424889167764, 0.2949501027520373, 0.25843707471680144, -0.20568063567134434, 0.4348791746472517, 0.2213725191935262, 0.23920813238775485, 0.9135961402520477, 0.2863039304908789, 0.1433027223435985, 0.6727302047496395, 0.7617612129588259, 1.04, 0.5504124614516976, 0.0521999325922736, 0.27620436785912506, -0.555240730940912, 0.24572278374108586, 0.4428602214041114, 0.04083353806580492, -0.37876714838082026, 0.3291048040971561, -0.032806659945842497, -0.0702841094678537, 0.24999870028182355, 0.6810600036964858, 0.15499055203339057, 0.8371971208964496, 0.36319948571542243], [0.3767722653502048, 0.4612106454218385, 0.38936680436072685, 0.04163555800982913, 0.684615778040066, 0.4872548809955261, 0.262536376585613, 0.559179161689658, 0.3830440526994959, -0.03414010637928063, 0.6052017351076148, 0.8625604904023139, 0.544228051772465, 1.1, 0.2640019608813783, -0.4023265160317458, -0.09025443639717903, 0.4122915231972739, 0.6502457681260803, 0.07357875316725221, -0.05122199699149504, 0.8712079028452517, 0.13047014077985894, -0.15694750109940753, -0.250708173293899, 0.7485066358269561, -0.14592760304833757, 0.378789567328185, 0.125502596933853], [0.49474590860969153, -0.05523275706561096, 0.8662701066195281, 0.09151668189907299, 0.5622484246991762, 0.944444803508297, 0.5434000261380142, -0.19943074500817137, -0.02254371520618193, 0.37671151006256176, 0.603187832216543, 0.41536384553151495, 0.04976068340571876, 0.35407321812326026, 1.02, -0.28038839331870685, 0.3155230497600718, 0.9448325048159187, 0.24834959229669046, 0.9458857751819109, 0.0831430619413873, 0.7746018631901501, 0.8154426845300511, -0.13202893859333606, 0.21460556193665212, 0.10517350408237845, 0.14095984501266565, -0.18830202398988558, 0.5202222156140607], [0.23845276302022417, 0.22110042824585988, -0.09950112204770364, 0.17587753449857724, -0.37413781268907315, -0.20125173645617309, -0.28705792236797584, 0.20660259487143132, -0.1966563278152891, -0.07972699679490379, -0.17111139253339264, -0.3295320699544218, 0.26317585994124176, -0.35678011799041603, -0.2628641187362877, 0.97, -0.13577143533361677, -0.20500687461672265, -0.22040343862810038, -0.01915323582352239, -0.27760170318806543, -0.2918510715957365, -0.5252297008421332, 0.05241225071683983, 0.7535028668296354, 0.24461251047144153, 0.4680290890807487, 0.4807476084203544, 0.24257523815865353], [0.5194634582138115, 0.43487071176510955, -0.10063865718330728, 0.9060298213190325, 0.2943935752941779, 0.04065685655366019, 0.4385427132804925, -0.6120049608400271, 0.37155865127782317, 0.3824660607135513, -0.31839474475661234, -0.009764933563249251, -0.46104810694200726, -0.08221196186673735, 0.37224629466075887, -0.1510110862384105, 0.85, -0.04162765406929515, 0.25708775736346035, 0.0704439679900471, 0.8438547538737725, 0.06827393406183098, 0.2691234733399921, 0.47358360355080936, 0.053966080094359596, 0.07643968891638826, 0.29716949838555634, -0.20902820191698473, 0.18674836111267368], [0.2484513135669112, -0.2806414894557377, 0.9289945774027492, -0.31405659996559004, 0.5754747680922871, 0.9172052073549999, 0.23185174830143793, -0.00301823578948419, -0.24996829091612374, 0.04789644738375294, 0.7310859401997832, 0.4735189107822259, 0.30643076560653065, 0.4717975162360558, 0.9889835564428308, -0.22550756207839492, -0.05583003016352526, 1.08, 0.07734551519274309, 0.8253781387804368, -0.29074160387838965, 0.7512056242039881, 0.6723847360670026, -0.5644864084236217, 0.2578338768519888, 0.020060194084751588, -0.17916118392599023, -0.1274079224496883, 0.18188210369354232], [0.31292959726208763, 0.6219407445044727, -0.06814527578844393, 0.484394849952486, 0.7713532960155977, 0.14171977428915952, 0.794175495020048, 0.46794023428118864, 0.808129237565752, 0.6593244138954771, 0.6210130222276865, 0.720853437083631, 0.5142892893725165, 0.5249690605054592, 0.2807430173788675, -0.25791891754352175, 0.31551679312788317, 0.07213956705477, 0.89, -0.12603327297284217, 0.4757649962883213, 0.2673748411281737, 0.29116333796459337, 0.7043452123891116, -0.2165635118584676, 0.8418969657867817, 0.5657656051862595, 0.5654808876631331, 0.584363642135314], [0.31473157956777587, -0.3290448032436889, 0.8651003998878257, -0.24305522511490416, 0.27405185912750407, 0.9598644984897011, 0.14018799663657788, -0.24541224669348646, -0.37496864900844745, 0.07489535486375334, 0.530047504903169, 0.2280788822791343, 0.04413321790950633, 0.09342021469549998, 0.9280388737633842, -0.01749574426187141, 0.07489306070520796, 0.9262576890758235, -0.10225341014777761, 1.1, -0.27704573999218957, 0.6945375243334754, 0.6718355421967082, -0.42236031452738937, 0.39592100374511746, -0.12000923425844373, -0.04173226546115618, -0.2468682080906548, 0.29294621748501], [0.23560394152519532, 0.5479834428194404, -0.44227614865019566, 0.7308755496003083, 0.4139035030883508, -0.24801592122519853, 0.6773718714342807, -0.2344277248270419, 0.767964440744837, 0.5696189247819621, -0.20719853246314388, 0.09380744951085808, -0.3111301575985309, -0.04652273121245879, 0.06865023463050328, -0.2280299704759109, 0.9471839074093367, -0.27767456550183284, 0.5317373487928297, -0.3065186910551885, 0.95, -0.1682845413180815, 0.1763296181508829, 0.8742727026921925, -0.17829401248196453, 0.19070614415402715, 0.434467929172345, 0.017339739065111708, 0.30876244749176407], [0.6335317153937506, 0.18796154138453028, 0.8516449614368159, 0.012169383287257285, 0.6810783398634261, 0.8300625669339718, 0.18767159368733818, 0.17653619988994135, -0.028803552505523654, -0.12130893024787685, 0.6252260232252776, 0.6189280603195736, 0.364115953469194, 0.863287831001204, 0.8111396869255346, -0.31028377085441455, 0.06677340803849403, 0.839112665334242, 0.2673748411281737, 0.5395068269376103, -0.1665846974663837, 0.88, 0.5196659992122953, -0.4323377528005713, -0.008912047514673511, 0.472544610893471, -0.179316980558987, 0.06815653643239528, 0.13871213132413993], [0.0028247546232804907, -0.311702680678859, 0.5803146857826101, -0.11662444329849536, 0.6172393944228013, 0.7397551270278958, 0.627616079949666, -0.25858949296604117, 0.04245185853506303, 0.4303473253651521, 0.5719452759838005, 0.3842272768648354, -0.028625418972352767, 0.12616892734755591, 0.8761671397610125, -0.4095827942346909, 0.2314461870723932, 0.7271137262119911, 0.26817675865159923, 0.7699688236411711, 0.1326373233878323, 0.44673042037548194, 1.06, -0.04218898004220775, 0.06888083345757424, -0.15951318432918526, 0.02411687080304039, -0.3144657128343887, 0.35431712613203087], [0.1646743420208828, 0.5762279496393874, -0.6174952204833758, 0.7417920925042476, 0.3478347343888432, -0.3912469195825887, 0.7098965302680388, 0.04386648234452255, 0.8388945245827303, 0.7623695747718804, -0.08633095491357597, 0.08673165693089714, -0.07255133880552639, -0.1612278874930277, -0.14936607194397616, 0.054861421311084686, 0.47358360355080936, -0.5492300190067672, 0.6113184862245119, -0.47627865255216256, 0.7818015514459029, -0.3728417317729697, -0.0399916373316761, 0.94, -0.15081761051980414, 0.4075836528875867, 0.7950567057849453, 0.42051512923362067, 0.5749260140015885], [0.19231497956018748, -0.0773406057510343, 0.29508411043338695, -0.0026458669922246303, -0.09343298167558162, 0.14480601385446396, -0.08504396501265445, 0.05058567650314018, -0.27308913529642104, -0.0062644082784465245, 0.06482648381827628, -0.09366894623773482, 0.27556674917428275, -0.2583829132926918, 0.20398152421701587, 0.8273756969109722, 0.05343176246966297, 0.269167234076252, -0.23322224353988816, 0.41720707921528505, -0.1955482717544127, -0.009629108808957586, 0.06965477540653575, -0.17007092250105577, 0.86, -0.022606008343629806, 0.17254240557633088, 0.1508443688738171, 0.14524119580148034], [0.6923427444092908, 0.7594711471711415, 0.04414763866689431, 0.4619874218708191, 0.6056080149943851, 0.14846190053163713, 0.4116844564150445, 0.7368778098338165, 0.6335826573321155, 0.3461468235271574, 0.39847158065074684, 0.7555575640864536, 0.6810600036964858, 0.7025457020481081, 0.12067275731557109, 0.24461251047144153, 0.06347224168950096, 0.01985959214390407, 0.8110016642900192, -0.12375952282902011, 0.18509713991420282, 0.46832546258192215, -0.16309775026916698, 0.3370403283493505, -0.02409651438826474, 1.02, 0.49853608234437674, 0.7348840532041624, 0.6021794082391178], [0.4050124885522205, 0.5213848932588456, -0.24386823952218994, 0.6203831141660848, 0.3292620277825704, -0.061143632966908036, 0.6301052115231134, 0.18001167720865277, 0.5683608608742432, 0.7278730991927241, 0.16535241986143495, 0.15097348001524022, 0.19726070258795167, -0.15843568330962363, 0.11509565326722242, 0.44595224525618504, 0.28788295156100774, -0.20775073455247808, 0.5307697945561816, -0.04001134729780954, 0.42998887835613525, -0.19578486652868993, 0.024559382193921862, 0.7950567057849453, 0.1551138797605399, 0.5443784807208711, 1.08, 0.5473444375112712, 0.8125271374394559], [0.32742597415937436, 0.6217728451255853, -0.18471418957256003, 0.24909044843001335, 0.4242039659257361, -0.0998132274118034, 0.2925952359493151, 0.9136511553136543, 0.6493600170334727, 0.3779477731379976, 0.44212828037393165, 0.5294619533444564, 0.8128127387344171, 0.39141588623912443, -0.14958571999196518, 0.3881265095503778, -0.24425767415018443, -0.13190467265379494, 0.6759771530685729, -0.2497057737008922, 0.018965339602465933, 0.08035296926766602, -0.2890543421002967, 0.4004905992701149, 0.13753457162024502, 0.9337350323064653, 0.5294962493315558, 0.99, 0.5895287714697163], [0.4282556369178761, 0.40826354856755864, 0.1319335537903155, 0.42747366023531613, 0.5875246449651251, 0.2963589938778362, 0.7870494469429068, 0.30400345492681147, 0.49313564373137014, 0.7701920992272903, 0.551284451734266, 0.40012400937634945, 0.3009367167356357, 0.13379050427854136, 0.5110147427713341, 0.23315484056025923, 0.2006551539614898, 0.21742228487503912, 0.611863107647564, 0.28473277213496295, 0.2883724745441947, 0.16866134149639742, 0.3437928550588022, 0.49362334535489916, 0.13797913601140632, 0.6697709744700392, 0.8937798511834015, 0.6238702533029037, 0.97]]}, {"name": 2, "matrix": [[1.1, 0.7690283329534215, 0.4480479993718153, 0.6311088627832039, 0.36252907173916393, 0.45163006405844935, 0.21488510956378692, 0.07090732472718117, 0.14107289834367728, -0.022187696312852088, 0.14769043235471813, 0.2743255035817557, 0.12799898583377284, 0.3584511610511106, 0.5356440093634951, 0.28649213687996444, 0.4735935046920839, 0.3074148046635771, 0.36169554178215696, 0.23234908770447354, 0.2103484281566976, 0.5862760972419322, -0.03054465619480351, 0.07875384273426693, 0.1237354294983214, 0.6347364598455787, 0.40400527792544183, 0.32792523470181867, 0.48784090881895115], [0.7991863067947322, 0.99, -0.12179872663075075, 0.8163887664492675, 0.49692602310529727, -0.019191159735637304, 0.30926906111185637, 0.37345790785133903, 0.6056334795693962, 0.1380409547909995, 0.08073122129408068, 0.34191544189481377, 0.32085474791382895, 0.4801529345110073, 0.028862774164097927, 0.26051395634313274, 0.4599280740481672, -0.17413497008280843, 0.7072526374070305, -0.23786591285204456, 0.4581368297760108, 0.26404010556426183, -0.38158647006666213, 0.4759916934882453, -0.1368976700893305, 0.8826551047449973, 0.524214849211308, 0.667398224674619, 0.4191855781872141], [0.3996103778181055, -0.14455233490242947, 1.14, -0.18625722724827137, 0.36179242467699907, 0.9369041280258879, 0.02690735382664507, 0.002985371983607412, -0.4459022378741927, -0.18529601704997198, 0.6880567100721938, 0.3622459618366342, 0.2514252780355732, 0.36989232810962897, 0.8071631168772843, -0.015149122759543191, -0.009586979937783045, 0.8237255888756525, -0.017064512576041233, 0.9328048094251185, -0.41989122862487177, 0.9029008243317196, 0.5838165885688078, -0.6210185696564112, 0.1952101819466534, 0.06737701305000612, -0.1284152981515906, -0.09315080194219888, 0.17178718676903976], [0.8175728449691504, 0.7174325523342048, -0.19627105667022143, 1.09, 0.31264717120829705, -0.05378702138459596, 0.3396180309692266, -0.09953839574319678, 0.4780129915594672, 0.2807652284615107, -0.20949205932806644, 0.09593835617781722, -0.1487396449800122, 0.08048750014295729, 0.1528390191817246, 0.22838672658306622, 0.9056498685654254, -0.2632504625197573, 0.5184065285680226, -0.13737488049358113, 0.7369405552844164, 0.08521964581127583, -0.14029590234059267, 0.6838435973175506, -0.07989003446239402, 0.5543591838575452, 0.7525313542637104, 0.24959342198344173, 0.40963391450098025], [0.32141752752132063, 0.4751310220919071, 0.32118307088672365, 0.33281795644754203, 1.08, 0.6139954179799821, 0.87750180328873, 0.3061578637983636, 0.5114381078449334, 0.5729570193315698, 0.6315041544240474, 0.763553294374526, 0.4622048946215485, 0.6067325856114296, 0.6690398904977692, -0.31296353200101956, 0.34840154686877756, 0.5690205913484426, 0.8552637603560699, 0.2880572607700643, 0.3894606920013955, 0.5991994199200728, 0.570625928131515, 0.21219016204970487, -0.140889915657055, 0.5293762742836398, 0.38226161866961555, 0.4412041134104716, 0.6082070642139135], [0.46075390373639785, -0.02045850047289637, 0.9177836356171962, -0.052817885864152786, 0.6139954179799821, 1.01, 0.24226117652917734, -0.023978064896103216, -0.30486629696278866, -0.013772074994274278, 0.7355903532948872, 0.504272930567135, 0.2320650490373515, 0.4015582262287179, 0.7897230922312081, -0.13009707809885562, 0.10481425902745463, 0.9918910901329422, 0.21198148283554274, 0.7669548110713185, -0.23491240041471437, 0.8759692377258832, 0.6905224466702592, -0.5033943878845389, 0.064096756670473, 0.1685838716465889, 0.011768112302486066, -0.04688015500210922, 0.291934999964231], [0.22221073829891602, 0.38838440232651733, 0.03228882459197409, 0.4395056871366463, 0.7325932486171965, 0.24459061091888099, 1.07, 0.14592758670851044, 0.818006487374189, 0.7640922719303062, 0.5239638512007879, 0.6562477595411899, 0.2158004267161111, 0.28182696805874174, 0.5463637854909404, -0.24134561028326473, 0.3741123544056504, 0.24896265737947004, 0.7524661585671719, 0.09108403814992079, 0.5458909673655483, 0.20363713477042344, 0.540366853680539, 0.5970762343192973, -0.08989202828709823, 0.43437890033856935, 0.5343176250993346, 0.4087385810622238, 0.6780540299767214], [0.0902456860164124, 0.36944223142283, 0.0027702100388429136, -0.09435410429823862, 0.3687810632116653, -0.020647778104977768, 0.15534226972196274, 1.13, 0.302466427049676, 0.06268733219965787, 0.4981859153105046, 0.5839276506262613, 0.805597910624092, 0.5705648972165034, -0.17685898546782766, 0.2196255755220134, -0.4079116418139597, 0.03295563536429176, 0.4081912726290665, -0.2276796905716617, -0.25536122816941115, 0.16613795715528623, -0.24561640396029966, 0.0040096710075292075, 0.048190403662583155, 0.7849344459098204, 0.209155519537985, 0.7456040143948941, 0.28453306529159184], [0.13548585286471976, 0.6280643491830775, -0.450749001329347, 0.4882928408403159, 0.5001977098703194, -0.2625237557179569, 0.7383775372758167, 0.31232946271433937, 0.92, 0.7368602244260241, 0.16209731477657527, 0.5213410033946113, 0.23657189241311777, 0.3805767648409364, -0.10038089525594944, -0.2117144535649194, 0.291901180094822, -0.32406589328519236, 0.743758184245479, -0.3732876937161448, 0.7585318752481296, -0.11469484412255974, 0.09626002085532287, 0.9651954086020096, -0.1732175923514885, 0.5737304057706805, 0.5311435413357516, 0.5635855790370571, 0.47337206996847486], [-0.021342450739029153, 0.1505901324992722, -0.20491559532585138, 0.31514464419149163, 0.502019483604804, -0.01503685739170763, 0.9404212577603769, 0.06096199278131866, 0.8346069888907007, 1.06, 0.3510467940924193, 0.39408204744016234, 0.10772172163846572, -0.015122100624832309, 0.2653421778990591, -0.0999248848671961, 0.27142819865218343, -0.0014268154940936524, 0.6519406270089468, 0.05177918743020377, 0.5782150695296907, -0.18460725283002763, 0.49329541986627384, 0.8099164827684159, 0.04053481972546852, 0.264836827591852, 0.6056556039244695, 0.3520727