{"nodes": [{"name": "DANLaIPS"}, {"name": "DANLFEF"}, {"name": "DANLpIPS"}, {"name": "DANRaIPS"}, {"name": "DANRFEF"}, {"name": "DANRpIPS"}, {"name": "DMNLAG"}, {"name": "DMNLHC"}, {"name": "DMNLlattemp"}, {"name": "DMNmPFC"}, {"name": "DMNPCC"}, {"name": "DMNRAG"}, {"name": "DMNRHC"}, {"name": "DMNRlattemp"}, {"name": "FPTCLdlPFC"}, {"name": "FPTCLfrontal"}, {"name": "FPTCLIPL"}, {"name": "FPTCLIPS"}, {"name": "FPTCRdlPFC"}, {"name": "FPTCRfrontal"}, {"name": "FPTCRIPL"}, {"name": "FPTCRIPS"}, {"name": "SALACC"}, {"name": "SALLFIC"}, {"name": "SALRFIC"}, {"name": "SENLSM"}, {"name": "SENLV1"}, {"name": "SENRSM"}, {"name": "SENRV1"}], "stablestate": -1, "similarStates": [2, 5], "stateborders": [5, 15, 26, 38, 49, 62], "times": [{"name": 0, "matrix": [[1.0, 0.47562731597291236, 0.804562071812755, 0.4431576201231038, -0.05469841633403309, 0.7297531029570108, 0.007867559309754983, -0.5810264058294977, -0.07538504775493719, -0.2780529339579654, -0.3186549717616976, 0.44054061669502054, -0.38200176129078284, 0.1394865600990717, 0.34129914927141203, 0.2152588567047998, 0.31741046809706, 0.5492839624294017, 0.45724002376407924, 0.23988135981705613, 0.5916599792753255, 0.3608230159704684, -0.31563768211933707, -0.013456113514707284, -0.08855407220579498, 0.7154312106783332, 0.30281677545653735, 0.6413506902601959, 0.15291169157106665], [0.47562731597291236, 1.0, 0.5192004295783613, 0.25877408750672276, 0.030676340430748735, 0.652317439654495, 0.2944355680154421, -0.172370205983244, 0.31644423665135146, 0.4280962226729433, 0.27102865870499715, 0.7901308152734801, -0.23798259580891226, 0.33912754492484115, 0.2988793001978374, 0.6075698812484621, 0.10786286417139501, 0.5327797390828759, 0.17940968144218597, -0.049166606473546884, 0.11817779195604043, 0.4669025967558808, 0.08832262900239432, 0.42492519231040793, -0.2156269165182737, 0.499594328740631, -0.2503792973852467, 0.4737513046053842, -0.4506849288119014], [0.804562071812755, 0.5192004295783613, 1.0, 0.3489232161542384, -0.09149424546072135, 0.732614061934749, 0.22458463435462386, -0.3995414533958172, -0.18849421192754737, -0.09900360984405991, -0.20200701828009487, 0.4479343444416492, -0.4187656814157689, 0.132536569039911, 0.3081727809435137, 0.39048888081052197, 0.2227713817391898, 0.6777065419900635, 0.5020702656108245, 0.3959028936839816, 0.30491700669360555, 0.12430637032136058, -0.33516042562621917, -0.06011389308271777, -0.16129528733363704, 0.6031164225991977, 0.05690454832637343, 0.47890951590029895, -0.07007860196875529], [0.4431576201231038, 0.25877408750672276, 0.3489232161542384, 1.0, -0.03560795281332992, 0.3441306549336391, 0.22416430340373344, 0.017643243051187505, 0.07808720347140485, 0.2277890048314843, -0.05983980514573408, 0.2775917949024728, -0.08273300719671996, 0.07724702457221667, 0.21521985639304747, 0.31601958067375596, 0.3623313906059614, 0.30720512794672344, 0.42698656623631975, 0.018934003360336994, 0.4105588125610019, 0.6074176180945229, 0.09192024387338682, -0.14169527147977196, -0.06120397024519512, 0.6329797100293504, 0.3360491310522071, 0.460484095491596, 0.11892396073866993], [-0.05469841633403309, 0.030676340430748735, -0.09149424546072135, -0.03560795281332992, 1.0, 0.30564445316305716, -0.20066701668155215, 0.1593638048098338, 0.2404735089933669, -0.03535988446346518, -0.26081498207570225, 0.24476824213753373, 0.08833674108561163, 0.6328097306905511, 0.5432175451057645, 0.4094932824717346, -0.04864920287856037, 0.10113803337107723, -0.096266681170926, 0.007480807299757896, 0.22522795013849764, -0.14924609699965183, 0.37532425413419457, 0.39671489823614386, 0.4726975072146456, -0.25600311795039266, -0.07914862510792686, 0.015272503678658997, 0.09644886728331745], [0.7297531029570108, 0.652317439654495, 0.732614061934749, 0.3441306549336391, 0.30564445316305716, 1.0, 0.19549896672634295, -0.35155005297326775, 0.055602762739133206, 0.014737705471710024, -0.2293743982901315, 0.6996303835280997, -0.2940159210936969, 0.36057275982528514, 0.4839863804838158, 0.46461103382776736, 0.20831612920618758, 0.7512243987926306, 0.4257528627522745, 0.19997349841701484, 0.315916751688398, 0.3295084720383872, -0.15064972525982487, 0.2375249985064055, -0.047463399681650385, 0.5013754573043429, -0.04238971143613518, 0.3456267088277666, -0.1252705492695778], [0.007867559309754983, 0.2944355680154421, 0.22458463435462386, 0.22416430340373344, -0.20066701668155215, 0.19549896672634295, 1.0, -0.044671413564486825, 0.04653689198519844, 0.5896251977132634, 0.32231488717420603, 0.36269188193466556, -0.08537583760760813, -0.17459001445360858, -0.04769181756788639, 0.330575204215246, -0.40550918033323147, 0.540096528974189, 0.1614780365791886, 0.07802645615435112, -0.20273670985759296, 0.31706342283280775, -0.07619533779062616, 0.10194941698941623, -0.3436746482409235, 0.18538690193947885, -0.5435418692432433, -0.15037354663564745, -0.691024257336519], [-0.5810264058294977, -0.172370205983244, -0.3995414533958172, 0.017643243051187505, 0.1593638048098338, -0.35155005297326775, -0.044671413564486825, 1.0, 0.26108887940053505, 0.29797541803453476, 0.3076208043172349, -0.03304634883827894, 0.4082106586164393, -0.017966391276343377, 0.12186169507917805, 0.09122734873152691, 0.1595567869283638, -0.38077228163746946, -0.1067778911556852, 0.209469602855064, -0.24830553909118636, -0.22333239973147484, 0.36237562176755905, -0.004544733908563941, 0.445955369076941, -0.4271333531283644, 0.022378591015760122, -0.14169040344775335, 0.13169540163939622], [-0.07538504775493719, 0.31644423665135146, -0.18849421192754737, 0.07808720347140485, 0.2404735089933669, 0.055602762739133206, 0.04653689198519844, 0.26108887940053505, 1.0, 0.3782483607161497, 0.7342465310317735, 0.4325901168893075, 0.2092872004024135, -0.0549139603167855, 0.20574752428991827, 0.21857198793084592, 0.2017761957696189, -0.035587522966301924, -0.36461927292398283, -0.047110229719307915, -0.27494450701640477, 0.4136958308875388, 0.26249551286485356, 0.6247541805356162, 0.5088314826261303, 0.3028801142567959, -0.07944873609027601, 0.18963769550505577, -0.055542499619678075], [-0.2780529339579654, 0.4280962226729433, -0.09900360984405991, 0.2277890048314843, -0.03535988446346518, 0.014737705471710024, 0.5896251977132634, 0.29797541803453476, 0.3782483607161497, 1.0, 0.5471632340394472, 0.4232591156977829, 0.3280922880647081, -0.00885695703093132, -0.0052151435847387975, 0.34558025425148975, -0.12895602972918954, 0.07702604454720396, -0.13020909335864037, -0.3149357964113536, -0.1764970297876274, 0.39238741062584864, 0.17876827803067236, 0.34051676226802574, -0.0821187392108244, 0.07544758307631194, -0.47598542145970546, -0.04229189057524517, -0.6240149779565631], [-0.3186549717616976, 0.27102865870499715, -0.20200701828009487, -0.05983980514573408, -0.26081498207570225, -0.2293743982901315, 0.32231488717420603, 0.3076208043172349, 0.7342465310317735, 0.5471632340394472, 1.0, 0.2221512124571598, 0.13660782055960477, -0.4452676539845416, -0.26284496124239937, -0.0168796131891516, 0.0864753157197256, -0.17603191430022547, -0.49961367887149866, -0.11745031437307357, -0.5952340947871173, 0.22654546197848432, 0.03987798644497137, 0.349518175669302, 0.08392847367907148, 0.19762455065228693, -0.20931981784429626, -0.12892917693350678, -0.34526996561227613], [0.44054061669502054, 0.7901308152734801, 0.4479343444416492, 0.2775917949024728, 0.24476824213753373, 0.6996303835280997, 0.36269188193466556, -0.03304634883827894, 0.4325901168893075, 0.4232591156977829, 0.2221512124571598, 1.0, 0.043268993399636635, 0.4316994677348524, 0.4681299530686077, 0.5914709686265135, 0.07176578387021415, 0.5823978233131316, 0.276148271513885, 0.11771923728494624, 0.19838426024290573, 0.4330886475227765, 0.18958438939920227, 0.5046927720070867, 0.05132478695280256, 0.37547002015732656, -0.41923471993362227, 0.35668358735076994, -0.3753044611283638], [-0.38200176129078284, -0.23798259580891226, -0.4187656814157689, -0.08273300719671996, 0.08833674108561163, -0.2940159210936969, -0.08537583760760813, 0.4082106586164393, 0.2092872004024135, 0.3280922880647081, 0.13660782055960477, 0.043268993399636635, 1.0, 0.07582891319627034, -0.07480855572466345, -0.21326374781033963, 0.16218837740700037, -0.32291101612298967, -0.05351388641423825, -0.2455176526722547, 0.02411229668786183, 0.07413414126105498, 0.1369884442336465, -0.00695751047008458, 0.1973447837950901, -0.16360127886984002, -0.0968501823563266, -0.18318684437040422, 0.01224512852259448], [0.1394865600990717, 0.33912754492484115, 0.132536569039911, 0.07724702457221667, 0.6328097306905511, 0.36057275982528514, -0.17459001445360858, -0.017966391276343377, -0.0549139603167855, -0.00885695703093132, -0.4452676539845416, 0.4316994677348524, 0.07582891319627034, 1.0, 0.48883997692930103, 0.5739747377817408, -0.028613312284287873, 0.2544049024984792, 0.3994518032561355, -0.024627920894359247, 0.4853064436531706, 0.025999145139660517, 0.40619198386286237, 0.2929011466239173, 0.01849375943588927, -0.12450476399280075, -0.22900855025812544, 0.2746174706865968, 0.019579733775011567], [0.34129914927141203, 0.2988793001978374, 0.3081727809435137, 0.21521985639304747, 0.5432175451057645, 0.4839863804838158, -0.04769181756788639, 0.12186169507917805, 0.20574752428991827, -0.0052151435847387975, -0.26284496124239937, 0.4681299530686077, -0.07480855572466345, 0.48883997692930103, 1.0, 0.6777180081122512, -0.04899719610983705, 0.4277523652563197, 0.3178994639082389, 0.538485735585728, 0.2705495272416086, 0.06743712737548502, 0.23770378952796692, 0.42620731118344446, 0.4008483001796263, 0.04260512074488179, -0.2048107112227899, 0.30352650341980136, 0.04353350488899946], [0.2152588567047998, 0.6075698812484621, 0.39048888081052197, 0.31601958067375596, 0.4094932824717346, 0.46461103382776736, 0.330575204215246, 0.09122734873152691, 0.21857198793084592, 0.34558025425148975, -0.0168796131891516, 0.5914709686265135, -0.21326374781033963, 0.5739747377817408, 0.6777180081122512, 1.0, -0.12105767764452469, 0.6485394865363228, 0.30841701769929, 0.21453901406549258, 0.15866871767918245, 0.29573208541124263, 0.3042109040633298, 0.4625544318612228, 0.08924987750522956, 0.157638412639215, -0.44501904583031027, 0.4516733757159066, -0.4082361961044879], [0.31741046809706, 0.10786286417139501, 0.2227713817391898, 0.3623313906059614, -0.04864920287856037, 0.20831612920618758, -0.40550918033323147, 0.1595567869283638, 0.2017761957696189, -0.12895602972918954, 0.0864753157197256, 0.07176578387021415, 0.16218837740700037, -0.028613312284287873, -0.04899719610983705, -0.12105767764452469, 1.0, -0.13830433867370068, 0.18536633839376807, 0.023775348129192936, 0.3391297720713553, 0.23205715580980288, -0.2019604606138365, -0.24845637945558588, 0.12386201108858044, 0.389997330296105, 0.6420339050633826, 0.38329508911964505, 0.5131191851885801], [0.5492839624294017, 0.5327797390828759, 0.6777065419900635, 0.30720512794672344, 0.10113803337107723, 0.7512243987926306, 0.540096528974189, -0.38077228163746946, -0.035587522966301924, 0.07702604454720396, -0.17603191430022547, 0.5823978233131316, -0.32291101612298967, 0.2544049024984792, 0.4277523652563197, 0.6485394865363228, -0.13830433867370068, 1.0, 0.5476201155260941, 0.254058273185314, 0.1394566352125894, 0.42640462401116924, -0.08732154093925469, 0.1308144262620442, -0.21554482260683855, 0.41906271744710066, -0.37218420917955325, 0.3379612102674428, -0.45234112156770484], [0.45724002376407924, 0.17940968144218597, 0.5020702656108245, 0.42698656623631975, -0.096266681170926, 0.4257528627522745, 0.1614780365791886, -0.1067778911556852, -0.36461927292398283, -0.13020909335864037, -0.49961367887149866, 0.276148271513885, -0.05351388641423825, 0.3994518032561355, 0.3178994639082389, 0.30841701769929, 0.18536633839376807, 0.5476201155260941, 1.0, 0.3744733509102935, 0.4424198987908369, 0.19957130653079624, -0.015354889934037424, -0.422402956566013, -0.3274342241667688, 0.194552903790846, 0.03341160901603776, 0.35389353555023584, 0.14448778909162496], [0.23988135981705613, -0.049166606473546884, 0.3959028936839816, 0.018934003360336994, 0.007480807299757896, 0.19997349841701484, 0.07802645615435112, 0.209469602855064, -0.047110229719307915, -0.3149357964113536, -0.11745031437307357, 0.11771923728494624, -0.2455176526722547, -0.024627920894359247, 0.538485735585728, 0.21453901406549258, 0.023775348129192936, 0.254058273185314, 0.3744733509102935, 1.0, -0.0860782125330119, -0.333603819563092, 0.10676878259172705, -0.015419862041407878, 0.274913645268338, 0.000527851931061938, -0.047926600973275564, -0.016882346680637643, 0.3280338919033576], [0.5916599792753255, 0.11817779195604043, 0.30491700669360555, 0.4105588125610019, 0.22522795013849764, 0.315916751688398, -0.20273670985759296, -0.24830553909118636, -0.27494450701640477, -0.1764970297876274, -0.5952340947871173, 0.19838426024290573, 0.02411229668786183, 0.4853064436531706, 0.2705495272416086, 0.15866871767918245, 0.3391297720713553, 0.1394566352125894, 0.4424198987908369, -0.0860782125330119, 1.0, 0.27839861810527533, -0.07485947082497771, -0.1446549427207018, -0.0021766987633230327, 0.1939486072574634, 0.3324245804486505, 0.5917315253770867, 0.27014021053881243], [0.3608230159704684, 0.4669025967558808, 0.12430637032136058, 0.6074176180945229, -0.14924609699965183, 0.3295084720383872, 0.31706342283280775, -0.22333239973147484, 0.4136958308875388, 0.39238741062584864, 0.22654546197848432, 0.4330886475227765, 0.07413414126105498, 0.025999145139660517, 0.06743712737548502, 0.29573208541124263, 0.23205715580980288, 0.42640462401116924, 0.19957130653079624, -0.333603819563092, 0.27839861810527533, 1.0, 0.013383733966534141, 0.2368539921561085, -0.08838036080786814, 0.6601039052552331, 0.006467396157464087, 0.5086696669005365, -0.25767422695660386], [-0.31563768211933707, 0.08832262900239432, -0.33516042562621917, 0.09192024387338682, 0.37532425413419457, -0.15064972525982487, -0.07619533779062616, 0.36237562176755905, 0.26249551286485356, 0.17876827803067236, 0.03987798644497137, 0.18958438939920227, 0.1369884442336465, 0.40619198386286237, 0.23770378952796692, 0.3042109040633298, -0.2019604606138365, -0.08732154093925469, -0.015354889934037424, 0.10676878259172705, -0.07485947082497771, 0.013383733966534141, 1.0, 0.26483972069078315, 0.3349330480137232, -0.1958593415754836, -0.21767014961066825, 0.03546387765381616, 0.12256947527609771], [-0.013456113514707284, 0.42492519231040793, -0.06011389308271777, -0.14169527147977196, 0.39671489823614386, 0.2375249985064055, 0.10194941698941623, -0.004544733908563941, 0.6247541805356162, 0.34051676226802574, 0.349518175669302, 0.5046927720070867, -0.00695751047008458, 0.2929011466239173, 0.42620731118344446, 0.4625544318612228, -0.24845637945558588, 0.1308144262620442, -0.422402956566013, -0.015419862041407878, -0.1446549427207018, 0.2368539921561085, 0.26483972069078315, 1.0, 0.43706062324126993, 0.10939416125163419, -0.4860072428838409, 0.047458291779699895, -0.2986807388695223], [-0.08855407220579498, -0.2156269165182737, -0.16129528733363704, -0.06120397024519512, 0.4726975072146456, -0.047463399681650385, -0.3436746482409235, 0.445955369076941, 0.5088314826261303, -0.0821187392108244, 0.08392847367907148, 0.05132478695280256, 0.1973447837950901, 0.01849375943588927, 0.4008483001796263, 0.08924987750522956, 0.12386201108858044, -0.21554482260683855, -0.3274342241667688, 0.274913645268338, -0.0021766987633230327, -0.08838036080786814, 0.3349330480137232, 0.43706062324126993, 1.0, -0.0789755334952122, 0.15950228730823726, 0.1961798481084108, 0.4069931511937182], [0.7154312106783332, 0.499594328740631, 0.6031164225991977, 0.6329797100293504, -0.25600311795039266, 0.5013754573043429, 0.18538690193947885, -0.4271333531283644, 0.3028801142567959, 0.07544758307631194, 0.19762455065228693, 0.37547002015732656, -0.16360127886984002, -0.12450476399280075, 0.04260512074488179, 0.157638412639215, 0.389997330296105, 0.41906271744710066, 0.194552903790846, 0.000527851931061938, 0.1939486072574634, 0.6601039052552331, -0.1958593415754836, 0.10939416125163419, -0.0789755334952122, 1.0, 0.3037394390674038, 0.5384577032991268, 0.0313062669677811], [0.30281677545653735, -0.2503792973852467, 0.05690454832637343, 0.3360491310522071, -0.07914862510792686, -0.04238971143613518, -0.5435418692432433, 0.022378591015760122, -0.07944873609027601, -0.47598542145970546, -0.20931981784429626, -0.41923471993362227, -0.0968501823563266, -0.22900855025812544, -0.2048107112227899, -0.44501904583031027, 0.6420339050633826, -0.37218420917955325, 0.03341160901603776, -0.047926600973275564, 0.3324245804486505, 0.006467396157464087, -0.21767014961066825, -0.4860072428838409, 0.15950228730823726, 0.3037394390674038, 1.0, 0.3272561262632308, 0.7497869464274575], [0.6413506902601959, 0.4737513046053842, 0.47890951590029895, 0.460484095491596, 0.015272503678658997, 0.3456267088277666, -0.15037354663564745, -0.14169040344775335, 0.18963769550505577, -0.04229189057524517, -0.12892917693350678, 0.35668358735076994, -0.18318684437040422, 0.2746174706865968, 0.30352650341980136, 0.4516733757159066, 0.38329508911964505, 0.3379612102674428, 0.35389353555023584, -0.016882346680637643, 0.5917315253770867, 0.5086696669005365, 0.03546387765381616, 0.047458291779699895, 0.1961798481084108, 0.5384577032991268, 0.3272561262632308, 1.0, 0.1271108023338477], [0.15291169157106665, -0.4506849288119014, -0.07007860196875529, 0.11892396073866993, 0.09644886728331745, -0.1252705492695778, -0.691024257336519, 0.13169540163939622, -0.055542499619678075, -0.6240149779565631, -0.34526996561227613, -0.3753044611283638, 0.01224512852259448, 0.019579733775011567, 0.04353350488899946, -0.4082361961044879, 0.5131191851885801, -0.45234112156770484, 0.14448778909162496, 0.3280338919033576, 0.27014021053881243, -0.25767422695660386, 0.12256947527609771, -0.2986807388695223, 0.4069931511937182, 0.0313062669677811, 0.7497869464274575, 0.1271108023338477, 1.0]]}, {"name": 1, "matrix": [[1.13, 0.41379576489643377, 0.7160602439133519, 0.43872604392187275, -0.06180921045745739, 0.6275876685430293, 0.0068447765994868355, -0.5694058777129077, -0.06558499154679535, -0.23912552320385022, -0.30909532260884665, 0.48459467836452264, -0.34380158516170456, 0.12135330728619238, 0.3788420556912674, 0.2303269766741358, 0.3428033055448248, 0.6261837171695179, 0.44809522328879764, 0.26866712299510287, 0.6389927776173516, 0.3391736350122403, -0.29038666754979015, -0.014801724866178013, -0.08146974642933139, 0.6796596501444164, 0.275563265665449, 0.6926587454810116, 0.15291169157106665], [0.4661147696534541, 1.06, 0.5036244166910104, 0.2872392371324623, 0.030369577026441247, 0.6066552188786803, 0.27382507825436114, -0.18788352452173598, 0.30062202481878386, 0.44522007157986104, 0.30355209774959685, 0.8138347397316845, -0.23798259580891226, 0.2984322395338602, 0.2570361981701402, 0.5650399895610698, 0.10786286417139501, 0.5487631312553622, 0.17223329418449854, -0.05014993860301782, 0.10281467900175517, 0.5182618823990277, 0.09362198674253798, 0.4334236961566161, -0.18975168653608085, 0.47961055559100574, -0.21782998872516465, 0.41690114805273815, -0.4011095866425923], [0.7884708303764999, 0.5140084252825777, 1.04, 0.31054166237727215, -0.1006436700067935, 0.6813310775993165, 0.22907632704171635, -0.4035368679297754, -0.16964479073479263, -0.10098368204094112, -0.19796687791449297, 0.48376909199698115, -0.45645459274318817, 0.1179575464455208, 0.2650285916114218, 0.4373475465077846, 0.2472762337305007, 0.7454771961890699, 0.4870081576424997, 0.43945221198921963, 0.3140645168944137, 0.13673700735349664, -0.3284572171136948, -0.06251844880602649, -0.1838766275603462, 0.6272410795031657, 0.06031882122595584, 0.48848770621830495, -0.06657467187031751], [0.4874733821354142, 0.23548441963111771, 0.31752012670035695, 1.07, -0.03204715753199693, 0.378543720427003, 0.24433909071006948, 0.020113297078353753, 0.06715499498540817, 0.23234478492811397, -0.054454222682618014, 0.31367872823979426, -0.07363237640508076, 0.08497172702943835, 0.20876326070125603, 0.3476215387411316, 0.4094344713847364, 0.30720512794672344, 0.41844683491159335, 0.019312683427543734, 0.36129175505368166, 0.5163049753803445, 0.10386987557692709, -0.12469183890219933, -0.06793640697216659, 0.677288289731405, 0.3293281484311629, 0.4190405268973524, 0.11416700230912312], [-0.06180921045745739, 0.028528996600596324, -0.08600459073307806, -0.03169107800386363, 0.94, 0.2659106742518597, -0.20869369734881424, 0.14024014823265377, 0.2573066546229026, -0.036774279842003786, -0.2634231318964593, 0.2423205597161584, 0.07508622992276988, 0.6581221199181732, 0.5758105978121104, 0.42177808094588665, -0.04864920287856037, 0.10922907604076341, -0.09241601392408896, 0.00807927188373853, 0.24324618614957746, -0.17014055057960306, 0.3865839817582204, 0.44828783500684255, 0.4774244822867921, -0.25600311795039266, -0.07439970760145125, 0.014508878494726046, 0.08873295790065205], [0.7297531029570108, 0.6392710908614051, 0.820527749366919, 0.3269241221869571, 0.32703956488447117, 1.03, 0.18767900805728924, -0.38670505827059454, 0.05171056934739388, 0.014148197252841622, -0.2179056783756249, 0.6296673451752898, -0.2969560803046339, 0.3569670322270323, 0.48882624428865395, 0.469257144166045, 0.19373400016175446, 0.6535652269495886, 0.37892004784952427, 0.19197455848033423, 0.315916751688398, 0.33280355675877105, -0.1325717582286459, 0.2470259984466617, -0.054108275637081434, 0.5114029664504297, -0.037302946063798956, 0.3801893797105433, -0.1202597272987947], [0.0068447765994868355, 0.2708807225742067, 0.25153479047717875, 0.25106401981218146, -0.21672037801607633, 0.22286882206803094, 0.88, -0.04154441461497275, 0.04746762982490241, 0.6544839694617224, 0.3255380360459481, 0.31916885610250567, -0.0913521462401407, -0.162368713441856, -0.0448303085138132, 0.3570212205524657, -0.34468280328324674, 0.540096528974189, 0.18247018133448312, 0.07958698527743814, -0.1784083046746818, 0.34559913088776045, -0.08457682494759505, 0.10398840532920456, -0.35054814120574196, 0.17055594978432054, -0.5218001944735136, -0.13533619197208271, -0.6219218316028671], [-0.5577853495963178, -0.18271241834223867, -0.4554772568712316, 0.017996107912211255, 0.1625510809060305, -0.326941549265139, -0.04154441461497275, 1.01, 0.2689215457825511, 0.31585394311660686, 0.28608734801502844, -0.03370727581504452, 0.45719593765041205, -0.01760706345081651, 0.11333137642363558, 0.07754324642179787, 0.14998337971266198, -0.38458000445384416, -0.11425234353658317, 0.19480673065520954, -0.25823776065483384, -0.2545989356938813, 0.3949894277266394, -0.004544733908563941, 0.5039295670569433, -0.46130402137863363, 0.021259661464972116, -0.12610445906850049, 0.14486494180333587], [-0.07990815062023343, 0.30062202481878386, -0.16587490649624168, 0.07184022719369247, 0.22604509845376486, 0.05059851409261122, 0.049794474424162335, 0.2976413225166099, 1.02, 0.32907607382305026, 0.7048766697905026, 0.4152865122137352, 0.19254422437022042, -0.05711051872945692, 0.2283797519618093, 0.18797190962052748, 0.17554529031956842, -0.03594339819596494, -0.3099263819853854, -0.045225820530535595, -0.2721950619462407, 0.4302436641230404, 0.26774542312215066, 0.543536137065986, 0.4833899084948238, 0.2907649096865241, -0.0818321981729843, 0.20101595723535912, -0.05165452464630061], [-0.26693081659964674, 0.43665814712640216, -0.09306339325341631, 0.2551236854112624, -0.03924947175444635, 0.013116557869821922, 0.6014177016675286, 0.28605640131315335, 0.3442060082516962, 1.05, 0.5745213957414196, 0.3936309775989381, 0.31824951942276686, -0.007705552616910249, -0.004745780662112306, 0.2971990186562812, -0.11863954735085439, 0.0700937005379556, -0.13541745709298597, -0.31808515437546714, -0.18355691097913251, 0.3531486695632638, 0.15731608466699168, 0.3098702536639034, -0.08047636442660791, 0.08223786555318002, -0.4617058588159143, -0.044829404009759884, -0.6988967753113507], [-0.3059087728912297, 0.24392579283449745, -0.20604715864569678, -0.05505262073407536, -0.27385573117948736, -0.2133181904098223, 0.3287611849176902, 0.3168494284467519, 0.638794481997643, 0.5307483370182637, 0.9, 0.19993609121144382, 0.11884880388685615, -0.37847750588686035, -0.22341821705603945, -0.01772359384860918, 0.09079908150571188, -0.16546999944221194, -0.5096059524489286, -0.10687978607949696, -0.6369004814222156, 0.2582618266554721, 0.03908042671607194, 0.37747962972284616, 0.09483917525735076, 0.1798383410935811, -0.18629463788142367, -0.12248271808683144, -0.3141956687071713], [0.49340549069842304, 0.8059334315789497, 0.4389756575528162, 0.31645464618881897, 0.2765881136154131, 0.7416082065397858, 0.4025879889474788, -0.03535959325695847, 0.3850052040314837, 0.4190265245408051, 0.25103087007659053, 0.98, 0.043268993399636635, 0.40579749967076123, 0.41663565823106086, 0.5796415492539833, 0.06961281035410773, 0.6348136274113135, 0.27890975422902387, 0.10594731355645162, 0.18648120462833137, 0.3767871233448155, 0.21612620391509058, 0.5248804828873702, 0.048245299735634406, 0.409262321971486, -0.4569658447276483, 0.40305245370637, -0.39782272879606567], [-0.42402195503276896, -0.2641606813478926, -0.39363974053082273, -0.08521499741262156, 0.08038643438790659, -0.27049464740620116, -0.08964462948798854, 0.4245390849610969, 0.232308792446679, 0.32153044230341393, 0.14070605517639292, 0.043701683333633, 1.11, 0.06900431100860602, -0.08378558241162308, -0.236722760069477, 0.18489475024398042, -0.3648894482189783, -0.05886527505566208, -0.2627038883593125, 0.022665558886590116, 0.06449670289711784, 0.13013902202196417, -0.006748785155982043, 0.17366340973967928, -0.17341735560203042, -0.09878718600345314, -0.17036376526447594, 0.01346964137485393], [0.1464608881040253, 0.3526926467218348, 0.11265608368392435, 0.07106726260643935, 0.6517940226112677, 0.40744721860257216, -0.15189331257463948, -0.01670874388699934, -0.05601223952312121, -0.00912266574185926, -0.4541730070642324, 0.4791864091856862, 0.08189522625197197, 0.91, 0.5377239746222312, 0.6198927168042802, -0.025751981055859085, 0.23150846127361607, 0.37548469506076737, -0.02659815456590799, 0.5532493457646145, 0.022879247722901255, 0.4386873425718914, 0.3309782956850265, 0.015904633114864772, -0.11454438287337669, -0.20839778073489415, 0.29109451892779264, 0.020167125788261915], [0.3174082088224132, 0.3168120582097077, 0.3513169702756056, 0.20661106213732555, 0.6084036505184562, 0.459787061459625, -0.04673798121652866, 0.13282924763630408, 0.22014985099021256, -0.005945263686602228, -0.2444458139554314, 0.5008990497834103, -0.07929706906814327, 0.5132819757757661, 1.0, 0.6167233873821486, -0.0514470559153289, 0.4448624598665725, 0.34333142102089803, 0.4792523046712979, 0.254316555607112, 0.05934467209042681, 0.26860528216660257, 0.4858763347491266, 0.42089071518860766, 0.03791855746294479, -0.2048107112227899, 0.3308438887275835, 0.047016185280119416], [0.2217166224059438, 0.5468128931236159, 0.40610843604294283, 0.31601958067375596, 0.3931135511728652, 0.5203643578870994, 0.34379821238385583, 0.07845551990911313, 0.18578618974121902, 0.3559476618790344, -0.01603563252969402, 0.5382385814501273, -0.236722760069477, 0.631372211559915, 0.7048267284367413, 1.13, -0.10895190988007222, 0.5642293532866008, 0.26832280539838227, 0.23813830561269678, 0.1491485946184315, 0.2543295934536687, 0.2981266859820632, 0.4024223557192638, 0.08835737873017727, 0.14975649200725424, -0.4628198076635227, 0.5103909145589745, -0.3510831286498596], [0.31423636341608935, 0.09923383503768342, 0.2272268093739736, 0.3623313906059614, -0.042811298533133126, 0.19165083886969259, -0.450115190169887, 0.13881440462767652, 0.1997584338119227, -0.12379778854002195, 0.07609827783335853, 0.06674217899929916, 0.17840721514770042, -0.030902377267030906, -0.04899719610983705, -0.1186365240916342, 0.94, -0.1258569481930676, 0.17609802147407966, 0.02639063642340416, 0.3391297720713553, 0.2274160126936068, -0.1858036237647296, -0.21367248633180386, 0.1362482121974385, 0.40169725020498814, 0.7319186517722561, 0.4101257453580202, 0.4669384585216079], [0.4778770473135795, 0.5327797390828759, 0.6777065419900635, 0.3440697433003303, 0.10821769570705264, 0.7962978627201884, 0.5508984595536728, -0.38838772727021886, -0.03167289544000871, 0.06701265875606745, -0.16194936115620745, 0.5125100845155558, -0.280932584027001, 0.2289644122486313, 0.4576950308242621, 0.6290833019402331, -0.1217078180328566, 0.85, 0.47095329935244096, 0.23881477679419513, 0.12969467074770816, 0.4008203465704991, -0.08033581766411432, 0.13604700331252598, -0.23494385664145404, 0.36458456417897755, -0.33868763035339344, 0.29740586503534966, -0.4930518225087983], [0.3977988206747489, 0.19376245595756086, 0.47696675233028324, 0.40136737226214053, -0.08278934580699636, 0.43426792000731995, 0.184084961700275, -0.10357455442101464, -0.35368069473626335, -0.12369863869070834, -0.4646407213504938, 0.25129492707763534, -0.0551193030066654, 0.3475230688328379, 0.302004490712827, 0.2991645071683113, 0.20575663561708257, 0.6078583282339646, 0.86, 0.3931970184558082, 0.44684409777874523, 0.18759702813894846, -0.013972949839974056, -0.4730913113539346, -0.3208855396834334, 0.2140081941699306, 0.034748073376679275, 0.32912098806171936, 0.12281462072788121], [0.25907186860242065, -0.05014993860301782, 0.43549318305237983, 0.019123343393940364, 0.0065083023507893694, 0.21197190832203575, 0.070223810538916, 0.21784838696926656, -0.04098589985579788, -0.3149357964113536, -0.12332283009172726, 0.11654204491209677, -0.21851071087830667, -0.02487420010330284, 0.5654100223650144, 0.23813830561269678, 0.025439622498236444, 0.21849011493937004, 0.4268996200377345, 0.89, -0.08866055890900226, -0.3202596667805683, 0.11531028519906522, -0.01649925238430643, 0.26116796300492107, 0.0005172948924406992, -0.047926600973275564, -0.015025288545767502, 0.31491253622722326], [0.532493981347793, 0.10399645692131558, 0.33540870736296613, 0.4516146938171021, 0.21396655263157274, 0.2938025790702102, -0.22909248213908, -0.21105970822750839, -0.23370283096394404, -0.19238176246851388, -0.5654723900477614, 0.18449736202590233, 0.027488018224162483, 0.49986563696276576, 0.27866601305885685, 0.17929565097747616, 0.37304274927849085, 0.13108923709983406, 0.4866618886699206, -0.07316648065306011, 1.01, 0.27283064574316984, -0.08533979674047458, -0.13163599787583866, -0.002198465750956263, 0.17455374653171707, 0.375639775906975, 0.5917315253770867, 0.23772338527415493], [0.3175242540540122, 0.4809096746585572, 0.10566041477315649, 0.6195659704564134, -0.1387988702096762, 0.3295084720383872, 0.2726745436362147, -0.2166324277395306, 0.4674762889029188, 0.4473216481134674, 0.21068727963999043, 0.48072839875028195, 0.08377157962499213, 0.026779119493850333, 0.06946024119674957, 0.2839028019947929, 0.2575834429488812, 0.4861012713727329, 0.21154558492264403, -0.31025155219367556, 0.2978865213726446, 0.85, 0.014186758004526191, 0.222642752626742, -0.09368318245634023, 0.6006945537822621, 0.0073728316195090585, 0.529016453576558, -0.2705579383044341], [-0.30616855165575696, 0.09538843932258587, -0.38208288521388983, 0.0955970536283223, 0.42411640717163984, -0.1702341895436021, -0.06933775738946982, 0.3225143033731276, 0.25462064747890795, 0.18413132637159252, 0.03668774752937366, 0.19716776497517038, 0.11644017759859952, 0.345263186283433, 0.2163104484704499, 0.2920424679007966, -0.17974480994631448, -0.09518047962378762, -0.013358754242612559, 0.09822727998438889, -0.06737352374247994, 0.013919083325195506, 0.99, 0.26483972069078315, 0.3516797004144094, -0.21348668231727713, -0.2089633436262415, 0.03936490419573594, 0.1348264228037075], [-0.013590674649854357, 0.3994296807717834, -0.06251844880602649, -0.15019698776855828, 0.4165506431479511, 0.23990024849146954, 0.10704688783888705, -0.004362944552221383, 0.6809820567838216, 0.2894392479278219, 0.3704892662094601, 0.5097396997271576, -0.007235810888887963, 0.2489659746303297, 0.40915901873610666, 0.43942671026816166, -0.23354899668825072, 0.11119226232273757, -0.4097308678690326, -0.01634505376389235, -0.1272963495942176, 0.21080005301893656, 0.25689452907005966, 0.99, 0.49387850426263497, 0.09845474512647077, -0.5054475325991945, 0.04081413093054191, -0.2717994723712653], [-0.08501190931756317, -0.19837676319681183, -0.1419398528536006, -0.06671232756726268, 0.5199672579361102, -0.05173510565299892, -0.37804211306501584, 0.47271269122155746, 0.4579483343635173, -0.07801280225028318, 0.08057133473190863, 0.05389102630044269, 0.2012916794709919, 0.017754009058453698, 0.36477195316345995, 0.0803248897547066, 0.12757787142123786, -0.23709930486752243, -0.3307085664084365, 0.26116796300492107, -0.0021549317756898024, -0.07689091390284528, 0.29139175177193916, 0.49824911049504766, 1.03, -0.08055504416511645, 0.14355205857741354, 0.17656186329756973, 0.3744336990982208], [0.7225855227851165, 0.5395618750398815, 0.6272410795031657, 0.5696817390264154, -0.22272271261684162, 0.491347948158256, 0.16684821174553097, -0.4314046866596481, 0.3180241199696357, 0.0777110105686013, 0.21541076021099276, 0.3717153199557533, -0.1848694451229192, -0.13695524039208085, 0.04004881350018888, 0.15290926026003854, 0.3665974904783387, 0.4735408707152237, 0.16731549726012757, 0.000485623776576983, 0.2152829540557844, 0.6667049443077855, -0.20369371523850294, 0.11158204447666688, -0.07818577816026008, 1.06, 0.27032810076998937, 0.5492268573651093, 0.030993204298103285], [0.3119012787202335, -0.24537171143754177, 0.06430213960880196, 0.31588618318907463, -0.0807315976100854, -0.047476476808471405, -0.5870252187827029, 0.020812089644656914, -0.08262668553388706, -0.523583963605676, -0.19885382695208145, -0.4401964559303034, -0.08619666229713067, -0.21297795174005668, -0.2211955681206131, -0.4138677126221886, 0.7254983127216224, -0.4094026300975086, 0.03608453773732079, -0.05319852708033588, 0.33574882625313696, 0.006208700311165523, -0.2242002540989883, -0.42282630130894155, 0.17704753891214337, 0.3341133829741442, 1.11, 0.31416588121270156, 0.6673103823204372], [0.5900426350393803, 0.4927013567895996, 0.5172222771723229, 0.4374598907170162, 0.015119778641872406, 0.3594517771808773, -0.1533810175683604, -0.13743969134432074, 0.1877413185500052, -0.04609816072701724, -0.14568996993486263, 0.32814890036270833, -0.20150552880744466, 0.29109451892779264, 0.27924438314621725, 0.40198930438715685, 0.41395869624921666, 0.3007854771380241, 0.31850418199521224, -0.01806411094828228, 0.6094834711383994, 0.5442765435835741, 0.033336044994587186, 0.04935662345088789, 0.18833265418407436, 0.522303972200153, 0.3468914938390247, 0.88, 0.12965301838052465], [0.169731977643884, -0.41913698379506836, -0.07358253206719306, 0.12368091916821673, 0.09741335595615062, -0.14030301518192717, -0.6426525593229626, 0.14618189581972982, -0.054431649627284515, -0.661455876633957, -0.3383645663000306, -0.3865635949622147, 0.012490031093046371, 0.01664277370875983, 0.04266283479121947, -0.4123185580655328, 0.5644311037074382, -0.3844899533325491, 0.13292876596429498, 0.3542766032556262, 0.30255703580346993, -0.2550974846870378, 0.10418405398468306, -0.2628390502051796, 0.3662938360743464, 0.0313062669677811, 0.6373189044633388, 0.1105863980304475, 1.11]]}, {"name": 2, "matrix": [[0.88, 0.4766339288213268, 0.819795135996091, 0.4127678036404142, 0.040488083545732856, 0.6482578192676846, 0.050742927749478826, -0.538566223995307, 0.027790177097953592, -0.21114497681633285, -0.2152604837769195, 0.3890318106507928, -0.3007327051018146, 0.1582986696264656, 0.37377240270376566, 0.11151082487479111, 0.28532317312181726, 0.6436163533922635, 0.42065930509843225, 0.34631629204513703, 0.48133147428742135, 0.29818697333998334, -0.17837299217068125, 0.08527983206394373, 0.0019517509128587549, 0.8373241265026479, 0.3762671620984664, 0.4643282372149734, 0.2467874531927457], [0.4818147323954717, 0.93, 0.5053088163307898, 0.30534752015786165, 0.13761680070171248, 0.6140568929980722, 0.24802921106390946, -0.1180026932600383, 0.38855721652396064, 0.4585889545274294, 0.2853132287051594, 0.6719376814051674, -0.1662547756077496, 0.36557216674010584, 0.3281855762725643, 0.4443539539364002, 0.12373012179456402, 0.459643183734167, 0.18142576517792464, 0.05086064690616388, 0.13864808004976623, 0.4531273797092247, 0.15503319681000907, 0.44426894573667586, -0.07768513617737019, 0.5506229735286782, -0.11146602487123261, 0.36547063977570027, -0.29649648115435645], [0.8522622700949462, 0.5221524435418161, 1.14, 0.4104709003250614, 0.004924562005367913, 0.6354057529798001, 0.20420035778555534, -0.3683272511128669, -0.07025235308006218, -0.03578368184184611, -0.1637729734120082, 0.41224203347430927, -0.34280432821942003, 0.16502117575184394, 0.37203927641156903, 0.2887903500119833, 0.29697756888613, 0.7153377756596674, 0.5079045265535406, 0.4746603173794061, 0.37363063743205144, 0.1382271627732139, -0.18543261541038827, 0.05119454443589653, -0.05755344054576488, 0.6511657676832736, 0.16875800310937816, 0.3602029531285574, 0.04672065551811539], [0.46719872280178754, 0.25637669145329894, 0.37460451097626957, 1.02, -0.0013557650631332886, 0.3541426041953358, 0.24617325608193844, 0.043859356241922845, 0.1415163873625525, 0.1850654740472492, -0.04431831397238785, 0.31640958223404547, -0.02459936429833736, 0.15992313689369586, 0.25725775939415507, 0.30184107101978885, 0.38359122213907654, 0.3150737985777917, 0.5002647549384902, 0.11870649898375532, 0.39997726614570017, 0.7089946642553729, 0.11837225115380598, -0.041266389737014846, -0.01144806828227025, 0.642920345220175, 0.32759734009650227, 0.3640025696216881, 0.20019576403341313], [0.04549691862355548, 0.14280988752064502, 0.005150978649292875, -0.0014256498602020148, 0.87, 0.35404512143064043, -0.2058017410758254, 0.15559325324628803, 0.2819641853862744, 0.04192833855453324, -0.1879338084166611, 0.21505376134632276, 0.08705130245610192, 0.6042083461709612, 0.5616872975337808, 0.30610898379166596, -0.0522990353244181, 0.13105319399535031, -0.10049579582613237, 0.07772480654708995, 0.21748297805976713, -0.15006193497986595, 0.49784495310511884, 0.4443990983662462, 0.508701983503179, -0.14176318893094686, 0.02344462312246409, -0.05150502135910358, 0.15791784348013954], [0.7551135037623579, 0.6916219742188814, 0.8372405215733837, 0.40706046459233997, 0.35404512143064043, 0.92, 0.21051033274855255, -0.3158581293153019, 0.12079171874420147, 0.050048404664419774, -0.2240320662928369, 0.7640534553670777, -0.2744476529590166, 0.37452936661148917, 0.5908962028092859, 0.4175057471567431, 0.2792584259629176, 0.8132243453340204, 0.44866921961429046, 0.2497645952018122, 0.3743125523203483, 0.41988237210865104, -0.08196249071048047, 0.3171132558097245, 0.020501693565021663, 0.5018791120762514, 0.058564150033974624, 0.2257285265135206, -0.03236502317551274], [0.0483937181314474, 0.27386558721640003, 0.201905971743021, 0.26470242589455745, -0.17727476706531498, 0.21688943374093295, 1.1, 0.029586148497412892, 0.07386424373198763, 0.46298755170701494, 0.3840892495576024, 0.34288336639250117, -0.010277280506798459, -0.12641360745505592, 0.02809382306558928, 0.32767755001420185, -0.25714021058960407, 0.53606506649259, 0.24097063033996055, 0.08406426085713864, -0.15453322086463117, 0.3425616154996455, -0.08616489419601321, 0.11975208683786302, -0.3706755321559191, 0.21383653046983137, -0.4362991527348349, -0.07943244858673518, -0.5482631808362275], [-0.49567156898683123, -0.11543741731960268, -0.31088171653563074, 0.04607447524404017, 0.15559325324628803, -0.3158581293153019, 0.02413606851104736, 1.14, 0.27365437991454555, 0.19798930328250136, 0.3273777553619868, 0.035441581909018444, 0.4642270669868596, 0.059481551014058, 0.13327863769105455, 0.04964219236949129, 0.14314084239178976, -0.3236625438154947, -0.052701046804748415, 0.20889191792206593, -0.178961995371102, -0.13989324448638524, 0.31150264348772205, 0.03210657721856227, 0.33798316232083125, -0.35563169044475407, 0.034576090420002106, -0.06835717479473254, 0.11193161102345327], [0.0