{"stateborders": [5, 14, 23, 33, 44, 60], "times": [{"name": 0, "matrix": [[1.0, 0.09067149130536142, -0.12002618376242608, 0.6270534546599589, 0.49877765644290184, 0.10178564559811407, -0.15405484722541313, 0.4995238273142702, 0.29856394282389803, -0.09472721398266462, 0.14154873654347847, -0.1703375150252646, 0.21914456196159274, -0.037627613617030174, -0.4318104086785764, 0.41446083989896626, -0.37519599035747064, 0.03362073345659327, -0.320244426208848, 0.04404760719933161, -0.3494556127533184, 0.45908941405288395, -0.24554181883855555, 0.16900593684729506, 0.18496939184313962, 0.3605785296908727, -0.0811935887724761, 0.36154472037754454, -0.20150171793365745], [0.09067149130536142, 1.0, 0.012536752731234098, 0.20288013237702351, 0.39914889168962225, 0.1386477627032902, -0.41452560479911643, 0.14673419406723212, 0.3311378806937101, -0.6436992970657699, -0.21272052214230944, -0.19532300631937163, 0.208935259500341, -0.3180880037313621, -0.04552073458632432, 0.05212327133350404, -0.4602704864354109, -0.16118940645369045, -0.2376114171804109, 0.20309487225608144, -0.44119399710013907, -0.12193936881263621, 0.03978780040262497, 0.2180709808059983, 0.08451232263552698, 0.4779870899171, 0.3514816477282485, 0.17050788051407786, 0.33670834568583313], [-0.12002618376242608, 0.012536752731234098, 1.0, -0.06430352116112266, -0.5073503425658794, 0.649037384394919, 0.19800207938474795, -0.3643782879276225, -0.32297252865662096, 0.003999260958953035, 0.04439268752001913, 0.24840959133548565, -0.5745108941698198, -0.20250399255733412, 0.4081525953167506, 0.3857343930140289, 0.2719594022613477, 0.6775226762340453, 0.6018546767869256, 0.12386355483656239, 0.3185232164236455, 0.2078413466538449, 0.14184124732589717, -0.22162302098718262, 0.21562819727705532, 0.09093080649274278, 0.02984288166968322, -0.16956421877912095, 0.39961199988550067], [0.6270534546599589, 0.20288013237702351, -0.06430352116112266, 1.0, 0.2674737186143415, 0.08815866800781487, -0.01747703073463378, 0.4261638550185575, 0.07588588768102161, -0.021028667622158558, 0.3547698263802264, -0.028141921464485645, 0.005274220088922201, -0.12726066351991153, -0.025594186848082585, 0.4765654851200434, -0.25613023180654454, 0.004758929881020557, -0.1126437314353437, 0.49507779892294773, -0.09505044627229545, 0.19994054586797805, 0.20563596907443638, -0.08347742381727295, 0.4700226824325896, 0.31553634459724356, -0.03009396805116417, 0.5337167153960013, -0.2947273349500835], [0.49877765644290184, 0.39914889168962225, -0.5073503425658794, 0.2674737186143415, 1.0, -0.33941537138006783, -0.4488132741967349, 0.4991009155742917, 0.3368113170068311, -0.21938858971047415, -0.19654544857844067, -0.4734216839709341, 0.5253449545313751, -0.3079198741166117, -0.3307716841481545, -0.050965394194523214, -0.3603633039992917, -0.3979783173223836, -0.40720923739769604, -0.36758234146827473, -0.26683405493515433, -0.12177799370067985, -0.4589104379358433, 0.08088380717284939, -0.35113818751626225, 0.20549719244436948, -0.2344860541307615, 0.11925503823927863, -0.17489911803202549], [0.10178564559811407, 0.1386477627032902, 0.649037384394919, 0.08815866800781487, -0.33941537138006783, 1.0, -0.20451620188154312, -0.4123846138042067, -0.09035199506352709, -0.30854893818482615, -0.25321435970672823, -0.13235438341469768, -0.6482478071664485, -0.49528875692699786, 0.2697691996792767, 0.5929262574940818, 0.009430562495309896, 0.49173308911234137, 0.26314829133713863, 0.1150999112480332, 0.172226607401692, 0.4016769134540355, 0.08554306910401598, -0.07825526469048838, 0.10240103010036208, -0.08081891973100368, 0.4652648808258835, -0.03603814288730609, 0.7199789108099407], [-0.15405484722541313, -0.41452560479911643, 0.19800207938474795, -0.01747703073463378, -0.4488132741967349, -0.20451620188154312, 1.0, -0.12528027727267893, -0.29325268909144936, 0.5530793846844373, 0.7832364232552786, 0.638340776676864, -0.04000974049120214, 0.6959806821878218, 0.3365962586072371, -0.22942484502486188, 0.1307026585659649, 0.34479886132627796, 0.38324230069220927, 0.10772990149243766, 0.14438970605205945, 0.14237515289069969, 0.08420198855971461, -0.16890078562443137, 0.431312057383746, -0.23402159992154906, -0.4596061203822066, -0.13668200615716306, -0.5195765181309174], [0.4995238273142702, 0.14673419406723212, -0.3643782879276225, 0.4261638550185575, 0.4991009155742917, -0.4123846138042067, -0.12528027727267893, 1.0, 0.26787291690387033, -0.12168791279149664, 0.2410466754976063, -0.18493220083497744, 0.703150477608665, 0.12382904900739294, -0.461940295484328, -0.08145793453822817, -0.26326183145619436, -0.226002702821929, -0.5424030136284083, 0.05537869145403259, -0.37842588001551664, 0.1683318387399768, 0.07163907154717748, 0.23218256004536214, 0.018350517410433517, 0.5340900241856132, -0.17566031990205797, 0.49382781972244466, -0.48670996598731836], [0.29856394282389803, 0.3311378806937101, -0.32297252865662096, 0.07588588768102161, 0.3368113170068311, -0.09035199506352709, -0.29325268909144936, 0.26787291690387033, 1.0, -0.2771234868045795, 0.006897078991351179, -0.006559200840192445, 0.45393935782875566, 0.11888988436961499, -0.39099693356872406, 0.22961637980054136, -0.3066100867730354, -0.3085279141986648, -0.6141742706220138, -0.0527437635657414, -0.5640453257217706, 0.15096086192818012, 0.1130066569935607, 0.5667557742684248, -0.14041470149805535, 0.38654797512549643, 0.5047291884593176, 0.2766563931427886, 0.21750998529644197], [-0.09472721398266462, -0.6436992970657699, 0.003999260958953035, -0.021028667622158558, -0.21938858971047415, -0.30854893818482615, 0.5530793846844373, -0.12168791279149664, -0.2771234868045795, 1.0, 0.4696402623766838, 0.4940360697047983, 0.04021298328862629, 0.4295691064590499, 0.3443348040738598, 0.011057246760107685, 0.4261566048419033, 0.35795116357858875, 0.4948958660061815, -0.009320154378286557, 0.48244851233909897, -0.014870182152186941, 0.26967248141273803, -0.377446595092253, -0.009094547464458291, -0.3682245343368957, -0.4900834288259791, -0.30934766968993854, -0.4691952953653061], [0.14154873654347847, -0.21272052214230944, 0.04439268752001913, 0.3547698263802264, -0.19654544857844067, -0.25321435970672823, 0.7832364232552786, 0.2410466754976063, 0.006897078991351179, 0.4696402623766838, 1.0, 0.4459359111587248, 0.13103679195628481, 0.6036016652675167, 0.1952334540336712, 0.002767849740484648, 0.12661128401913796, 0.15948175311984816, 0.08556408725509683, 0.32829327494001564, 0.01547981475687675, 0.09929819672956804, 0.2552568949973618, -0.12727624680809305, 0.533040044642107, 0.1274090234012321, -0.3026949467549314, 0.3424152581659895, -0.5569925776983503], [-0.1703375150252646, -0.19532300631937163, 0.24840959133548565, -0.028141921464485645, -0.4734216839709341, -0.13235438341469768, 0.638340776676864, -0.18493220083497744, -0.006559200840192445, 0.4940360697047983, 0.4459359111587248, 1.0, 0.06506902165334752, 0.619685898540619, 0.17859438249160517, -0.10292215524219613, 0.07599967823845014, 0.48596794254824577, 0.2427991565608288, 0.1514126255216916, 0.008863450046266335, 0.1021070970412311, 0.37396378275583775, 0.07798082928181199, 0.22476161153865354, -0.12050185791161712, -0.02133286114148135, -0.2613714353769663, -0.189281820528153], [0.21914456196159274, 0.208935259500341, -0.5745108941698198, 0.005274220088922201, 0.5253449545313751, -0.6482478071664485, -0.04000974049120214, 0.703150477608665, 0.45393935782875566, 0.04021298328862629, 0.13103679195628481, 0.06506902165334752, 1.0, 0.43499669921121714, -0.4957396937614751, -0.3364814717382999, -0.42412018131529305, -0.3383752783630213, -0.5839985833273469, -0.1444810236112716, -0.5484837758768613, 0.04036248148516549, 0.07518280822904011, 0.5048495537200659, -0.1578562978685154, 0.33454171271605815, -0.16147559298929876, 0.07193012126534463, -0.416259144885102], [-0.037627613617030174, -0.3180880037313621, -0.20250399255733412, -0.12726066351991153, -0.3079198741166117, -0.49528875692699786, 0.6959806821878218, 0.12382904900739294, 0.11888988436961499, 0.4295691064590499, 0.6036016652675167, 0.619685898540619, 0.43499669921121714, 1.0, -0.25091239250483127, -0.35696949641559744, -0.10784092886860921, 0.01578907859592277, -0.1301394683639552, 0.1477475769787932, -0.352097360892407, 0.20699164656864721, 0.29092103630124183, 0.3168546986366112, 0.3566478222357176, 0.01802839518837901, -0.17562543516741216, 0.011304144533864892, -0.5019321808342526], [-0.4318104086785764, -0.04552073458632432, 0.4081525953167506, -0.025594186848082585, -0.3307716841481545, 0.2697691996792767, 0.3365962586072371, -0.461940295484328, -0.39099693356872406, 0.3443348040738598, 0.1952334540336712, 0.17859438249160517, -0.4957396937614751, -0.25091239250483127, 1.0, 0.02236615760153063, 0.4522583155223389, 0.5273881443739126, 0.7469478590856041, 0.1839061807063272, 0.7844991116054144, -0.22149899256911249, 0.08302096992522222, -0.6976395351798229, 0.04936458645162497, -0.2519361294353231, -0.17342701898701532, -0.30820786814257906, 0.056338465364402936], [0.41446083989896626, 0.05212327133350404, 0.3857343930140289, 0.4765654851200434, -0.050965394194523214, 0.5929262574940818, -0.22942484502486188, -0.08145793453822817, 0.22961637980054136, 0.011057246760107685, 0.002767849740484648, -0.10292215524219613, -0.3364814717382999, -0.35696949641559744, 0.02236615760153063, 1.0, 0.03921686542086242, 0.11396780567224986, 0.16359666789351765, 0.16354521425102297, 0.022064994582587975, 0.35234663166516467, 0.2841159316576344, 0.000357371593190862, 0.1514222376469282, 0.1330719846921219, 0.33636933081984816, 0.23541899687876686, 0.38478447377310504], [-0.37519599035747064, -0.4602704864354109, 0.2719594022613477, -0.25613023180654454, -0.3603633039992917, 0.009430562495309896, 0.1307026585659649, -0.26326183145619436, -0.3066100867730354, 0.4261566048419033, 0.12661128401913796, 0.07599967823845014, -0.42412018131529305, -0.10784092886860921, 0.4522583155223389, 0.03921686542086242, 1.0, 0.26432438157053745, 0.5362532128617539, -0.17032277155804446, 0.6905692882728688, -0.2440685537172767, 0.10253091363771388, -0.6692741842158539, -0.06803836265271988, -0.15326547155914488, -0.07483458827849798, 0.10067024517896207, 0.09210907484682729], [0.03362073345659327, -0.16118940645369045, 0.6775226762340453, 0.004758929881020557, -0.3979783173223836, 0.49173308911234137, 0.34479886132627796, -0.226002702821929, -0.3085279141986648, 0.35795116357858875, 0.15948175311984816, 0.48596794254824577, -0.3383752783630213, 0.01578907859592277, 0.5273881443739126, 0.11396780567224986, 0.26432438157053745, 1.0, 0.5872266425980123, 0.10173392137445243, 0.4378461646172209, 0.31870712106425053, 0.17066206743934395, -0.3665005197375262, 0.08552028038210964, -0.12054798795606197, -0.08263000662655727, -0.3148427138808368, 0.14561843136899283], [-0.320244426208848, -0.2376114171804109, 0.6018546767869256, -0.1126437314353437, -0.40720923739769604, 0.26314829133713863, 0.38324230069220927, -0.5424030136284083, -0.6141742706220138, 0.4948958660061815, 0.08556408725509683, 0.2427991565608288, -0.5839985833273469, -0.1301394683639552, 0.7469478590856041, 0.16359666789351765, 0.5362532128617539, 0.5872266425980123, 1.0, 0.06864389048345124, 0.709895412718549, -0.12204890024275276, 0.056677093825433365, -0.6808935181133094, 0.10254280794697206, -0.315999752918536, -0.2928296247388311, -0.3575134832708362, 0.06987377175722774], [0.04404760719933161, 0.20309487225608144, 0.12386355483656239, 0.49507779892294773, -0.36758234146827473, 0.1150999112480332, 0.10772990149243766, 0.05537869145403259, -0.0527437635657414, -0.009320154378286557, 0.32829327494001564, 0.1514126255216916, -0.1444810236112716, 0.1477475769787932, 0.1839061807063272, 0.16354521425102297, -0.17032277155804446, 0.10173392137445243, 0.06864389048345124, 1.0, -0.004522318173843815, -0.04596312853105368, 0.5534869063468906, 0.06405317991955793, 0.6455723258096961, 0.4026960262262475, 0.2451636102822007, 0.37887386570060927, -0.1116015045148881], [-0.3494556127533184, -0.44119399710013907, 0.3185232164236455, -0.09505044627229545, -0.26683405493515433, 0.172226607401692, 0.14438970605205945, -0.37842588001551664, -0.5640453257217706, 0.48244851233909897, 0.01547981475687675, 0.008863450046266335, -0.5484837758768613, -0.352097360892407, 0.7844991116054144, 0.022064994582587975, 0.6905692882728688, 0.4378461646172209, 0.709895412718549, -0.004522318173843815, 1.0, -0.20846815148281522, -0.026590944915351043, -0.8018674319382924, -0.13550119520346793, -0.30217138218428335, -0.30603033318141654, -0.27644362243187487, -0.03661861459985298], [0.45908941405288395, -0.12193936881263621, 0.2078413466538449, 0.19994054586797805, -0.12177799370067985, 0.4016769134540355, 0.14237515289069969, 0.1683318387399768, 0.15096086192818012, -0.014870182152186941, 0.09929819672956804, 0.1021070970412311, 0.04036248148516549, 0.20699164656864721, -0.22149899256911249, 0.35234663166516467, -0.2440685537172767, 0.31870712106425053, -0.12204890024275276, -0.04596312853105368, -0.20846815148281522, 1.0, 0.20730551880524412, 0.1771264588224023, 0.28483272932998727, 0.19931076201538855, 0.016429496821241566, -0.008907825095940689, -0.029722991928616133], [-0.24554181883855555, 0.03978780040262497, 0.14184124732589717, 0.20563596907443638, -0.4589104379358433, 0.08554306910401598, 0.08420198855971461, 0.07163907154717748, 0.1130066569935607, 0.26967248141273803, 0.2552568949973618, 0.37396378275583775, 0.07518280822904011, 0.29092103630124183, 0.08302096992522222, 0.2841159316576344, 0.10253091363771388, 0.17066206743934395, 0.056677093825433365, 0.5534869063468906, -0.026590944915351043, 0.20730551880524412, 1.0, 0.09436358786221466, 0.3066466816417569, 0.20056482011730575, 0.36110414038316124, 0.1828962357591394, 0.0600478714209546], [0.16900593684729506, 0.2180709808059983, -0.22162302098718262, -0.08347742381727295, 0.08088380717284939, -0.07825526469048838, -0.16890078562443137, 0.23218256004536214, 0.5667557742684248, -0.377446595092253, -0.12727624680809305, 0.07798082928181199, 0.5048495537200659, 0.3168546986366112, -0.6976395351798229, 0.000357371593190862, -0.6692741842158539, -0.3665005197375262, -0.6808935181133094, 0.06405317991955793, -0.8018674319382924, 0.1771264588224023, 0.09436358786221466, 1.0, 0.0760750261596093, 0.26677560756241364, 0.3643863231974962, 0.11030888538087764, 0.14515499142603633], [0.18496939184313962, 0.08451232263552698, 0.21562819727705532, 0.4700226824325896, -0.35113818751626225, 0.10240103010036208, 0.431312057383746, 0.018350517410433517, -0.14041470149805535, -0.009094547464458291, 0.533040044642107, 0.22476161153865354, -0.1578562978685154, 0.3566478222357176, 0.04936458645162497, 0.1514222376469282, -0.06803836265271988, 0.08552028038210964, 0.10254280794697206, 0.6455723258096961, -0.13550119520346793, 0.28483272932998727, 0.3066466816417569, 0.0760750261596093, 1.0, 0.4314790562775977, -0.04984967802638298, 0.48649272510102215, -0.2368587861411511], [0.3605785296908727, 0.4779870899171, 0.09093080649274278, 0.31553634459724356, 0.20549719244436948, -0.08081891973100368, -0.23402159992154906, 0.5340900241856132, 0.38654797512549643, -0.3682245343368957, 0.1274090234012321, -0.12050185791161712, 0.33454171271605815, 0.01802839518837901, -0.2519361294353231, 0.1330719846921219, -0.15326547155914488, -0.12054798795606197, -0.315999752918536, 0.4026960262262475, -0.30217138218428335, 0.19931076201538855, 0.20056482011730575, 0.26677560756241364, 0.4314790562775977, 1.0, 0.12035984250241423, 0.5337376603982332, -0.0809531597770844], [-0.0811935887724761, 0.3514816477282485, 0.02984288166968322, -0.03009396805116417, -0.2344860541307615, 0.4652648808258835, -0.4596061203822066, -0.17566031990205797, 0.5047291884593176, -0.4900834288259791, -0.3026949467549314, -0.02133286114148135, -0.16147559298929876, -0.17562543516741216, -0.17342701898701532, 0.33636933081984816, -0.07483458827849798, -0.08263000662655727, -0.2928296247388311, 0.2451636102822007, -0.30603033318141654, 0.016429496821241566, 0.36110414038316124, 0.3643863231974962, -0.04984967802638298, 0.12035984250241423, 1.0, 0.3168622525019567, 0.7525332879360603], [0.36154472037754454, 0.17050788051407786, -0.16956421877912095, 0.5337167153960013, 0.11925503823927863, -0.03603814288730609, -0.13668200615716306, 0.49382781972244466, 0.2766563931427886, -0.30934766968993854, 0.3424152581659895, -0.2613714353769663, 0.07193012126534463, 0.011304144533864892, -0.30820786814257906, 0.23541899687876686, 0.10067024517896207, -0.3148427138808368, -0.3575134832708362, 0.37887386570060927, -0.27644362243187487, -0.008907825095940689, 0.1828962357591394, 0.11030888538087764, 0.48649272510102215, 0.5337376603982332, 0.3168622525019567, 1.0, -0.027738857011080257], [-0.20150171793365745, 0.33670834568583313, 0.39961199988550067, -0.2947273349500835, -0.17489911803202549, 0.7199789108099407, -0.5195765181309174, -0.48670996598731836, 0.21750998529644197, -0.4691952953653061, -0.5569925776983503, -0.189281820528153, -0.416259144885102, -0.5019321808342526, 0.056338465364402936, 0.38478447377310504, 0.09210907484682729, 0.14561843136899283, 0.06987377175722774, -0.1116015045148881, -0.03661861459985298, -0.029722991928616133, 0.0600478714209546, 0.14515499142603633, -0.2368587861411511, -0.0809531597770844, 0.7525332879360603, -0.027738857011080257, 1.0]]}, {"name": 1, "matrix": [[0.98, 0.08069762726177167, -0.12362696927529886, 0.5768891782871622, 0.4588754439274697, 0.09160708103830266, -0.14018991097512595, 0.519504780406841, 0.33439161596276584, -0.10609447966058438, 0.12173191342739148, -0.1669307647247593, 0.18627287766735381, -0.04139037497873319, -0.4361285127653622, 0.3978824063030076, -0.41646754929679247, 0.03261211145289547, -0.2786126508016978, 0.049333320063251404, -0.3809066179011171, 0.4820438847555282, -0.2479972370269411, 0.1909767086374434, 0.19236816751686522, 0.3389438179094203, -0.07226229400750372, 0.37600650919264633, -0.21157680383034033], [0.1015520702620048, 1.05, 0.013539692949732826, 0.17447691384424022, 0.4390637808585845, 0.15251253897361924, -0.46426867737501043, 0.14379951018588746, 0.3311378806937101, -0.7273802056843199, -0.2318653691351173, -0.20313592657214652, 0.18386302836030008, -0.36262032425375273, -0.04916239335323027, 0.05577190032684933, -0.5155029448076602, -0.16441319458276427, -0.2566203305548438, 0.19294012864327736, -0.4235462372161335, -0.10608725086699351, 0.042175068426782474, 0.20062530234151843, 0.09634404780450075, 0.511446186211297, 0.3093038500008587, 0.16198248648837396, 0.3333412622289748], [-0.11042408906143199, 0.010781607348861324, 0.89, -0.05851620425662162, -0.5276443562685146, 0.6425470105509697, 0.20988220414783285, -0.37895341944472744, -0.29067527579095886, 0.004279209226079748, 0.03817771126721645, 0.27821874229574395, -0.5400402405196306, -0.18427863322717405, 0.38774496555091303, 0.3857343930140289, 0.26380062019350725, 0.7046235832834071, 0.6018546767869256, 0.135011274771853, 0.32489368075211844, 0.1953708658546142, 0.150351722165451, -0.23270417203654176, 0.21778447924982589, 0.09274942262259764, 0.025963307052624403, -0.1593903656523737, 0.39961199988550067], [0.5455365055541642, 0.22925454958603655, -0.06173138031467775, 1.08, 0.2995705648480625, 0.07934280120703338, -0.01485547612443871, 0.4091173008178152, 0.06753844003610923, -0.018294940831277945, 0.31219744721459924, -0.0303932751816445, 0.005432446691589867, -0.11453459716792037, -0.028921431138333318, 0.4479715560128407, -0.22795590630782464, 0.004663751283400146, -0.10363223292051621, 0.49507779892294773, -0.08174338379417408, 0.2179351949960961, 0.19741053031145891, -0.08097310110275477, 0.43242086783798245, 0.3029148908133538, -0.032501485495257304, 0.4589963752405611, -0.268201874804576], [0.543667645522763, 0.38318293602203735, -0.4769093220119266, 0.24072634675290736, 0.99, -0.3326270639524665, -0.4488132741967349, 0.4591728423283484, 0.3166026379864212, -0.21938858971047415, -0.18082181269216543, -0.4544848166120967, 0.5095846058954339, -0.31715747034011005, -0.3076176662577837, -0.044339892949235196, -0.37477783615926336, -0.36614005193659294, -0.41942551451962695, -0.38963728195637126, -0.22680894669488116, -0.12299577363768664, -0.3992520810041837, 0.07683961681420691, -0.30197884126398555, 0.2322118274621375, -0.21338230925899299, 0.10613698403295799, -0.17315012685170522], [0.1028035020540952, 0.1344883298221915, 0.6230758890191223, 0.09785612148867451, -0.35299198623527056, 1.09, -0.20451620188154312, -0.38351769083791226, -0.08854495516225655, -0.2807795337481918, -0.2430857853184591, -0.1363250149171386, -0.7130725878830934, -0.4259483309572182, 0.2994438116439972, 0.5573506820444368, 0.0089590343705444, 0.46222910376560084, 0.299989052124338, 0.12430790414787588, 0.1894492681418612, 0.41372722085765656, 0.08554306910401598, -0.08608079115953722, 0.10240103010036208, -0.08890081170410405, 0.4420016367845893, -0.03171356574082936, 0.6479810197289466], [-0.14943320180865072, -0.3647825322232225, 0.20196212097244293, -0.016952719812594764, -0.4398370087128002, -0.1963355538062814, 1.11, -0.1302914883635861, -0.29032016220053486, 0.5420177969907486, 0.8850571582784648, 0.5745066990091776, -0.036408863846993954, 0.7377395231190912, 0.3702558844679608, -0.2523673295273481, 0.11240428636672982, 0.3344548954864896, 0.3909071467060535, 0.09157041626857201, 0.15449698547570362, 0.15946017123758366, 0.07746582947493745, -0.16045574634320978, 0.4226858162360711, -0.24104224791919554, -0.43202975315927417, -0.151717026834451, -0.5299680484935357], [0.5344904952262691, 0.1526035618299214, -0.4117474653582134, 0.3963323851672585, 0.4691548606398342, -0.4123846138042067, -0.10899384122723067, 1.0, 0.30269639610137344, -0.13263982494273135, 0.27479321006727114, -0.1793842348099281, 0.7312764967130116, 0.1263056299875408, -0.5173731309424474, -0.08471625191975729, -0.25009873988338466, -0.2237426757937097, -0.5966433149912491, 0.05814762602673422, -0.3519360684144305, 0.1481320180911796, 0.07450463440906459, 0.19735517603855782, 0.01706598119170317, 0.5127264232181887, -0.15809428791185218, 0.5234574889057914, -0.48670996598731836], [0.2746788273979862, 0.3741858051838924, -0.3617292320954155, 0.07512702880421139, 0.3334432038367628, -0.08131679555717439, -0.2609948932913899, 0.2839452919181026, 1.04, -0.28266595654067106, 0.007035020571178203, -0.006100056781378975, 0.5129514743464938, 0.13196777165027265, -0.3323473935334154, 0.2342087073965522, -0.2820812798311926, -0.2745898436368117, -0.5220481300287118, -0.05063401302311174, -0.6035284985222945, 0.1388839929739257, 0.10961645728375388, 0.5384179855550035, -0.12918152537821093, 0.33243125860792694, 0.489587312805538, 0.27112326527993286, 0.21750998529644197], [-0.08714903686405145, -0.6436992970657699, 0.003879283130184444, -0.017874367478834773, -0.20183750253363622, -0.2653520868389505, 0.6305104985402584, -0.1192541545356667, -0.25772484272825896, 0.96, 0.40389062564394806, 0.5039167910988943, 0.04423428161748892, 0.4467518707174119, 0.3305614119109054, 0.01260526130652276, 0.4602491332292556, 0.3078380006775863, 0.46025315538574885, -0.008481340484240768, 0.463150571845535, -0.016059796724361898, 0.29663972955401186, -0.40009339079778816, -0.007912256294078714, -0.3682245343368957, -0.4949842631142389, -0.3031607162961398, -0.44573553059704074], [0.13588678708173932, -0.2233565482494249, 0.04927588314722124, 0.37250831769923776, -0.21816544792206916, -0.2684072212891319, 0.7362422378599619, 0.23140480847770203, 0.007103991361091714, 0.46494385975291697, 0.86, 0.46377334760507377, 0.1415197353127876, 0.6277457318782174, 0.21866146851771176, 0.0030169562171282666, 0.13294184822009486, 0.14353357780786336, 0.07358511503938327, 0.3020298129448144, 0.017492190675270726, 0.10724205246793349, 0.26291460184728266, -0.11073033472304095, 0.5223792437492648, 0.12486084293320747, -0.26939850261188897, 0.29105296944109105, -0.6238316870221524], [-0.16522738957450664, -0.19532300631937163, 0.2707664545556794, -0.028141921464485645, -0.44975059977238735, -0.13500147108299165, 0.7277084854116248, -0.19972677690177565, -0.006821568873800143, 0.56320111946347, 0.468232706716661, 0.87, 0.05856211948801277, 0.6134890395552127, 0.16073494424244467, -0.10086371213735221, 0.07295969110891212, 0.4811082631227633, 0.25979509752008684, 0.17261039309472842, 0.010015698552280957, 0.1021070970412311, 0.4225790745140966, 0.0857789122099932, 0.1910473698078555, -0.12050185791161712, -0.02133286114148135, -0.22739314877796066, -0.17035363847533772], [0.2498248006362157, 0.22982878545037513, -0.6319619835868019, 0.005485188892479089, 0.5936397986204538, -0.6028704606647971, -0.04201022751576225, 0.745339506265185, 0.5174908679247814, 0.03940872362285376, 0.14938194283016468, 0.07287730425174922, 1.08, 0.46109650116389017, -0.5155692815119342, -0.34994073060783193, -0.36898455774430494, -0.365445300632063, -0.5664786258275265, -0.12280887006958086, -0.5484837758768613, 0.03592260852179729, 0.08270108905194412, 0.5401890224804705, -0.1578562978685154, 0.3044329585716129, -0.17600839635833565, 0.07840383217922565, -0.47037283372016525], [-0.04026154657022229, -0.30218360354479396, -0.21465423211077417, -0.14507715641269914, -0.3202366690812762, -0.43585410609575814, 0.6472620344346743, 0.13373537292798438, 0.13434556933766492, 0.38661219581314493, 0.543241498740765, 0.6506701934676499, 0.45239656717966586, 0.88, -0.22833027717939647, -0.34269071655897354, -0.10244888242517874, 0.017683768027433506, -0.12102970557847835, 0.15513495582773287, -0.3204085984120904, 0.22769081122551196, 0.27928419484919215, 0.2978434167184145, 0.3352489529015745, 0.015324135910122157, -0.1844067069257828, 0.011417185979203541, -0.4617776063675124], [-0.45340092911250524, -0.038692624398375675, 0.4122341212699181, -0.024314477505678455, -0.3010022325748206, 0.25628073969531284, 0.3365962586072371, -0.5127537279876041, -0.3675371175546006, 0.3615515442775528, 0.22256613759838514, 0.1928819330909336, -0.5304414723247783, -0.2785127556803627, 0.97, 0.022142496025515324, 0.47034864814323246, 0.5959486031425212, 0.8216426449941646, 0.19861867516283338, 0.8551040316499018, -0.21263903286634797, 0.07056782443643889, -0.7674034886978053, 0.045909065400011224, -0.2670522972014425, -0.1595528574680541, -0.2989616320983017, 0.04957784952067459], [0.41446083989896626, 0.0463897114868186, 0.3703050172934677, 0.5289876884832482, -0.05147504813646845, 0.5929262574940818, -0.21107085742287293, -0.08227251388361045, 0.2204317246085197, 0.010614956889703377, 0.002933920724913727, -0.09674682592766436, -0.3633999894773639, -0.33555132663066156, 0.020353203417392874, 1.08, 0.03647168484140205, 0.12764394235291984, 0.17014053460925835, 0.1488261449684309, 0.021403044745110334, 0.3241589011319515, 0.24149854190898923, 0.0003073395701441413, 0.17110712854102883, 0.13174126484520068, 0.37336995721003147, 0.24718994672270522, 0.3270668027071393], [-0.3301724715145742, -0.5109002399433061, 0.23932427398998596, -0.28430455730526444, -0.37477783615926336, 0.0089590343705444, 0.12286049905200701, -0.24483350325426076, -0.26368467462481043, 0.4687722653260937, 0.1304096225397121, 0.06611972006745162, -0.44956739219421066, -0.11538979388941187, 0.3979873176596582, 0.03804035945823654, 1.12, 0.2616811377548321, 0.5898785341479293, -0.15840017754898136, 0.6491351309764967, -0.27579746570052266, 0.08817658572843394, -0.582268540267793, -0.07416181529146468, -0.1410042338344133, -0.07558293416128296, 0.08858981575748663, 0.08658253035601765], [0.038327636140516326, -0.14507046580832142, 0.643646542422343, 0.0053300014667430244, -0.3979783173223836, 0.5556583906969457, 0.29652702074059906, -0.22148264876549043, -0.3146984724826381, 0.4080643264795911, 0.15469730052625272, 0.4276517894424563, -0.31807276166124, 0.01657853252571891, 0.5379359072613908, 0.10371070316174738, 0.24582167486059983, 1.07, 0.6283325075798731, 0.0915605292370072, 0.46411693449425423, 0.32508126348553557, 0.155302481369803, -0.3848255457244025, 0.09150670000885731, -0.10849318916045578, -0.08758780702415071, -0.35262383954653725, 0.1645488274469619], [-0.326649314733025, -0.26612478724206023, 0.6319474106262719, -0.09800004634874902, -0.35427203653599554, 0.2710427400772528, 0.3947395697129756, -0.5044348026744198, -0.6141742706220138, 0.47510003136593426, 0.08813100987274973, 0.2403711649952205, -0.5022387816615184, -0.1301394683639552, 0.7394783804947481, 0.13905716770949, 0.5469782771189889, 0.5813543761720321, 1.01, 0.05903374581576806, 0.624707963192323, -0.10740303221362243, 0.06461188696099403, -0.7489828699246405, 0.0902376709933354, -0.34759972821038965, -0.3133276984705493, -0.3396378091072944, 0.06987377175722774], [0.04669046363129151, 0.17872348758535167, 0.1089999282561749, 0.44557001903065296, -0.3528790478095437, 0.10013692278578888, 0.09803421035811828, 0.054824904539492264, -0.059600452829287776, -0.008388138940457902, 0.29546394744601406, 0.1680680143290777, -0.13147773148625716, 0.1329728192809139, 0.17838899528513738, 0.1602743099660025, -0.15840017754898136, 0.08647383316828457, 0.06589813486411318, 1.03, -0.00488410362775132, -0.04412460338981153, 0.4981382157122015, 0.05444520293162424, 0.6520280490677931, 0.4429656288488723, 0.2427119741793787, 0.38266260435761534, -0.12052962487607916], [-0.3075209392229202, -0.40148653736112655, 0.27711519828857156, -0.10075347304863318, -0.2881807793299667, 0.1894492681418612, 0.1342824266284153, -0.3443675508141201, -0.5076407931495935, 0.5451668189431818, 0.013467438838482773, 0.008952084546728998, -0.5484837758768613, -0.29928275675854593, 0.8158790760696311, 0.024712793932498534, 0.7872489886310704, 0.39844000980167105, 0.7169943668457345, -0.004703210900797568, 0.95, -0.2001294254235026, -0.02951594885603966, -0.6976246657863143, -0.1300811473953292, -0.32030166511534036, -0.3458142764950006, -0.23774151529141238, -0.032590566993869155], [0.39940779022600903, -0.1255975498770153, 0.23070389478576786, 0.18794411311589934, -0.13030245325972745, 0.4177439899921969, 0.12813763760162972, 0.1481320180911796, 0.17058577397884353, -0.012937058472402639, 0.0913543409912026, 0.09189638733710799, 0.0448023544485337, 0.19043231484315545, -0.22149899256911249, 0.3100650358653449, -0.251390610328795, 0.2932105513791105, -0.131812812262173, -0.04642275981636421, -0.2042987884531589, 1.02, 0.23218218106187344, 0.19306784011641853, 0.28483272932998727, 0.17340036295338804, 0.016758086757666397, -0.009264138099778317, -0.029128532090043808], [-0.25045265521532667, 0.04098143441470373, 0.13758600990612024, 0.17890329309475964, -0.41301939414225897, 0.08639849979505614, 0.07241371016135456, 0.08166854156378232, 0.12204718955304557, 0.23731178364320946, 0.22717863654765202, 0.41136016103142153, 0.0646572150769745, 0.27637498448617975, 0.09464390571475333, 0.24149854190898923, 0.10868276845597673, 0.1604223433929833, 0.058944177578450704, 0.5811612516642352, -0.02925003940688615, 0.20730551880524412, 1.07, 0.10191267489119184, 0.2943808143760866, 0.17649704170322905, 0.36110414038316124, 0.1847251981167308, 0.05764595656411641], [0.18252641179507867, 0.24860091811883803, -0.2016769490983362, -0.09432948891351843, 0.09058986403359133, -0.06886463292762977, -0.18747987204311883, 0.239148036846723, 0.48740996587084534, -0.3321530036811826, -0.13873110902082142, 0.0857789122099932, 0.48465557157126327, 0.2851692287729501, -0.6278755816618407, 0.00035379787725895335, -0.6157322494785856, -0.4031505717112788, -0.7694096754680396, 0.07302062510829603, -0.8820541751321217, 0.1824402525870744, 0.08115268556150461, 0.91, 0.0768357764212054, 0.27477887578928606, 0.386249502589346, 0.09707181913517232, 0.1509611910830778], [0.19421786143529662, 0.0785964600510401, 0.1897528136038087, 0.41832018736500476, -0.40029753376853894, 0.09625696829434036, 0.40543333394072123, 0.017983507062224846, -0.13760640746809424, -0.008912656515169126, 0.4957272415171595, 0.24274254046174584, -0.1578562978685154, 0.3459483875686461, 0.05380739923227122, 0.15293646002339747, -0.07552258254451907, 0.09236190281267842, 0.09741566754962346, 0.7036738351325689, -0.1517613386278841, 0.313316002262986, 0.2606496793954934, 0.07303202511322493, 1.02, 0.44442342796592565, -0.05682863295007659, 0.47189794334799146, -0.20606714394280146], [0.317309106127968, 0.48276696081627096, 0.10366111940172676, 0.35024534250294037, 0.23426679938658118, -0.07516159534983342, -0.2504031119160575, 0.5981808270878869, 0.34402769786169185, -0.41977596914406107, 0.13123129410326909, -0.11206672785780393, 0.3178146270802552, 0.015684703813889738, -0.23933932296355695, 0.11444190683522483, -0.1379389244032304, -0.11572606843781949, -0.315999752918536, 0.3664533838658852, -0.2961279545405977, 0.19931076201538855, 0.18652528270909435, 0.2854499000917826, 0.46168259021702956, 0.9, 0.11674904722734179, 0.46968914115044524, -0.07042924900606343], [-0.07794584522157705, 0.3585112806828135, 0.03223031220325788, -0.028288329968094317, -0.23683091467206913, 0.45595958320936586, -0.4458179367707404, -0.17566031990205797, 0.514823772228504, -0.4802817602494595, -0.26637155314433963, -0.024319461701288736, -0.1453280336903689, -0.17211292646406393, -0.1595528574680541, 0.32291455758705423, -0.0815697012235628, -0.08841410709041629, -0.25183347727539473, 0.25497015469348877, -0.27236699653146074, 0.016429496821241566, 0.41165872003680376, 0.34981087026959634, -0.0468586973448, 0.1335994251776798, 0.95, 0.2725015371516828, 0.7149066235392573], [0.3868528508039727, 0.15686725007295163, -0.1576947234645825, 0.5337167153960013, 0.1311805420632065, -0.03747966860279834, -0.14488292652659285, 0.4345684813557513, 0.2849560849370723, -0.3464693900527312, 0.390353394309228, -0.2378480061930393, 0.07264942247799808, 0.011982393205896787, -0.31745410418685643, 0.26131508653543123, 0.10570375743791018, -0.3274364224360703, -0.39683996643062824, 0.42433872958468244, -0.27644362243187487, -0.008373355590184248, 0.16277764982563409, 0.09596873028136355, 0.4670330160969812, 0.576436673230092, 0.2883446497767806, 0.93, -0.03079013128229909], [-0.20956178665100375, 0.36701209679755814, 0.34366631990153057, -0.2770436948530785, -0.18189508275330651, 0.7559778563504378, -0.49359769222437155, -0.45750736802807923, 0.23273568426719293, -0.49734701308722445, -0.5124331714824824, -0.18738900232287148, -0.47037283372016525, -0.47683557179253994, 0.05352154209618279, 0.4001758527240293, 0.08105598586520801, 0.12523185097733383, 0.07895736208566734, -0.09597729388280377, -0.03735098689185004, -0.025561773058609873, 0.0666531372772596, 0.16402514031142104, -0.2558074890324432, -0.0736673753971468, 0.7073812906598966, -0.023578028459418216, 0.97]]}, {"name": 2, "matrix": [[1.14, 0.15439426781217977, -0.0568536293761264, 0.6779273671532356, 0.482268231097453, 0.16129775248270004, -0.11051407075919856, 0.49376941432708626, 0.24723252920595779, -0.06485877602942816, 0.12912817239561963, -0.10229383353626714, 0.19364651484635595, 0.01370606894527246, -0.29172038318406424, 0.43704327342052346, -0.23521979184047329, 0.05584711761097292, -0.2511610142312849, 0.07271985477950013, -0.23351485590622265, 0.49196877489730245, -0.20373392623008868, 0.14492525216722935, 0.1645741472987382, 0.39074607593120997, -0.015811438766624792, 0.3825880075267014, -0.1036743334027109], [0.16306810308252692, 0.87, -0.018706167136334, 0.31755894148621067, 0.3659987091720759, 0.11808942162276682, -0.31977725567363, 0.15091230072429176, 0.31948775467141655, -0.49086721279075546, -0.18643685925814643, -0.13494753418446948, 0.23830719564376185, -0.1948268912465136, -0.05283209112896187, 0.06600837329599447, -0.34745668927378676, -0.1612573426470914, -0.13522151209920769, 0.12946909228964731, -0.34703834331914923, -0.08143329967550154, -0.0107681859662389, 0.2266686197092755, 0.07124319028101214, 0.47462230923701904, 0.4074288831050903, 0.25274588055983477, 0.32732297531418236], [-0.06663489894621266, -0.01906939368267058, 0.97, -0.10152307681796674, -0.4414693793800815, 0.770354629199512, 0.17143574940227477, -0.3649999448876949, -0.3476355253620873, -0.017348498292176485, 0.12166593516278025, 0.2553699478900888, -0.43023465388175963, -0.1198752486616875, 0.4740687419837588, 0.3490453935740388, 0.19178661197528282, 0.7339245818947002, 0.46544239849614844, 0.20554691269353906, 0.22554216966549948, 0.3165899258010015, 0.21650574986050164, -0.2699554659452671, 0.21347125786029775, 0.08003033333357394, -0.0017597563332036438, -0.1858825258126066, 0.39331729230525075], [0.6779273671532356, 0.3119384292475167, -0.09588290588363525, 1.12, 0.2871485600346885, 0.06457791506106747, 0.04439122338687738, 0.39958681257625356, 0.13610201921350376, 0.032717706088818826, 0.2475849632963529, -0.011668233278347826, -0.01912552163839834, -0.10644322704102764, -0.009775059847521896, 0.49486383936284667, -0.12086273187158114, -0.03912465199874363, -0.03134439048464404, 0.34942353333566667, 0.018603920795803457, 0.19577029436222412, 0.18112434702370012, 0.020468516351833804, 0.4273696586575451, 0.30754576337086015, 0.04646248394577638, 0.5359051524824565, -0.1830255448686264], [0.47744554878647844, 0.37395520284972966, -0.4414693793800815, 0.26005907323896316, 1.08, -0.20698822761549157, -0.2930422943368611, 0.45799208041975303, 0.32571949817102785, -0.1186177681127496, -0.07409479971345717, -0.3415238230192255, 0.47726258522866344, -0.16389580389794658, -0.21466690321554815, -0.08302543799339782, -0.2936045178692612, -0.2726437756837714, -0.28128457261985784, -0.25916765554921745, -0.16585124646360191, -0.030326897738304662, -0.28222078673518103, 0.11113213422192747, -0.35387843611773107, 0.23810779201058152, -0.1565833307322933, 0.17083421315363387, -0.06924864846192204], [0.15558809752756023, 0.10183858378477137, 0.742841963870958, 0.053913672206946234, -0.2161877043984023, 1.08, -0.14827213153638252, -0.31773380574581733, -0.118050672441898, -0.28806000968890705, -0.1500960485098203, -0.04987785183609002, -0.5827088876811678, -0.41979097857752173, 0.38222499990091163, 0.44231984043819866, 0.011418893148262848, 0.5826758672085065, 0.22187976939456983, 0.18609647178733416, 0.11536309207026278, 0.5113615244681148, 0.16791881897733107, -0.12284822451511239, 0.10093581988997298, -0.045434956175253054, 0.4072939947051819, -0.04201477266201987, 0.6568427603130403], [-0.09683137628425016, -0.3482722586544486, 0.1486942724407485, 0.04777341183540136, -0.28735215269925213, -0.14827213153638252, 0.94, -0.09814800883035507, -0.13802614183901152, 0.6706227542519927, 0.8503532210990254, 0.6827745978934913, -0.005444064567035002, 0.665663451736999, 0.30331250658423714, -0.208233502129621, 0.17047044534733702, 0.3034494436149017, 0.4977583000660648, 0.1270456645041108, 0.2248863353648397, 0.15402062535896097, 0.1261339989861944, -0.06504643806700114, 0.3459886708042829, -0.16587281405543094, -0.27683333482617806, -0.06584851802791064, -0.32563531672519463], [0.4100049601108841, 0.15446317838839274, -0.3294689768012821, 0.30682558822819467, 0.45799208041975303, -0.3615591582624818, -0.08030291631574506, 0.97, 0.3136763514574481, -0.10131757938725562, 0.3063456661155191, -0.07083090861497118, 0.674349078937847, 0.18432584745886801, -0.36711200216326695, -0.04450082862247294, -0.27663771595945463, -0.1782749806883366, -0.43568522879006877, 0.015925552101400724, -0.34656454991601454, 0.1804934538536381, 0.025621263430969717, 0.17810532990479103, 0.024305542003248904, 0.6216585983464099, -0.1359830451104075, 0.5744279740224321, -0.43863298856869487], [0.319947978972416, 0.3232464341381391, -0.3003840947303473, 0.13902894435788019, 0.35223155034773945, -0.11698715287034936, -0.14578041947041664, 0.2825913076193226, 1.08, -0.16431695079985664, 0.0400177329933115, 0.05305562348794665, 0.4226551245620938, 0.1272419184149204, -0.29983537016907713, 0.19306981742046295, -0.20313270476953596, -0.28676564109429453, -0.4564203140657843, -0.1057319742618859, -0.44232895710890724, 0.10879943940713864, 0.10864525955841202, 0.6