{"stateborders": [5, 15, 25, 36, 47, 61], "times": [{"name": 0, "matrix": [[1.0, 0.5861976758594901, 0.16915132626146012, 0.7039256320395867, 0.22541284742775264, 0.304493297078117, -0.13820473710199788, 0.4631222030567166, 0.2031122623393292, 0.010664792353660774, 0.010294293772860244, -0.05298775251151343, 0.022405107219448963, 0.24326714550410927, 0.014000444748132734, -0.021765883768586024, -0.12277872004171883, 0.18384894585039582, 0.33562156385906156, 0.6935333885519803, -0.288653204906623, 0.5812363283797659, 0.5548968816038935, 0.24841503201666393, 0.45748567255997563, 0.6657749446901442, 0.35618896911754916, 0.5559019222125694, 0.2703588350282801], [0.5861976758594901, 1.0, -0.14696636060282736, 0.5665184696865012, 0.228722627550003, 0.18372452509443546, -0.33139814308764837, 0.6053156419526685, 0.025219039065628706, 0.151777173489942, 0.1603983565399338, -0.10092779514952795, 0.3427544110436154, 0.2625504076234034, 0.08942197437616213, 0.08559182400925881, -0.354660673784772, -0.4044718023467078, 0.2412589166467591, 0.6081687883307044, -0.4689208606687154, 0.37268251252290824, 0.5161583416166546, 0.512947470244841, 0.1646674244530776, 0.5492134169380151, 0.684075544952151, 0.6209766715512091, 0.4462947761963823], [0.16915132626146012, -0.14696636060282736, 1.0, 0.2147993611927318, 0.15358892614232336, 0.5231249159372047, 0.3609433160456353, -0.25120589541970856, -0.3610174354044218, 0.5446282401254863, 0.2803833042530887, 0.34650523702116975, -0.09885416313197434, 0.12915539159839956, 0.12058082649071787, 0.11878122670898893, 0.5241454521956027, 0.6521281304445565, 0.3667551521349554, -0.16105275895268772, 0.3033445751770353, -0.12161125130490535, 0.21345292170994815, -0.30399834895992195, 0.07402109795320357, -0.20276355368051585, 0.0074848641703993204, 0.043657586172588636, 0.40433671591542597], [0.7039256320395867, 0.5665184696865012, 0.2147993611927318, 1.0, 0.19011409708032398, 0.2007897440322145, -0.19762770728290202, 0.5115582209069405, 0.17524619457534246, -0.09773480590962691, -0.010189458573163755, -0.19779352263297878, 0.006888026307382828, 0.15072929519945055, -0.12153406289736338, 0.29091155754937104, -0.2017306647725684, 0.08576007858255355, 0.030109134127731186, 0.5464002328815003, -0.4304994627176475, 0.35034198257836147, 0.4519260567787203, 0.5259860117016435, 0.35632882849057235, 0.7936568421836052, 0.5056995116544044, 0.7319990361423407, 0.3198200482066766], [0.22541284742775264, 0.228722627550003, 0.15358892614232336, 0.19011409708032398, 1.0, -0.05765816301132679, -0.35894435886891507, 0.2163966350456231, 0.4431273293001397, 0.33095690224070823, -0.38057240070012993, -0.27756140988457695, 0.4227091725719973, 0.387198598790959, 0.4318596239301901, -0.0034615221086234235, -0.07241482487062574, -0.222336814661641, 0.40382310140614636, 0.09435090203274892, 0.030000035153932875, -0.07201041178240968, -0.045259628978496995, 0.30120495737537345, 0.020978453551878502, 0.1818497611389589, 0.22720704813772077, 0.30103873987769797, -0.022396505742659154], [0.304493297078117, 0.18372452509443546, 0.5231249159372047, 0.2007897440322145, -0.05765816301132679, 1.0, 0.515673187932012, 0.25052258556297186, -0.4565028911694727, 0.6784059212571084, 0.5152741993040528, 0.32017765004753324, 0.028260029654745573, 0.4207490843425076, 0.09827051009108158, -0.15079826017292236, 0.497716200315171, 0.1894117039550358, 0.3237934604679319, 0.06307260963612536, 0.05824069487018088, 0.1924669781148091, 0.6036089703688645, -0.0720824393468963, 0.10741124280101735, 0.05596562290830505, 0.1740060724062335, 0.33656039038354824, 0.47510317901735105], [-0.13820473710199788, -0.33139814308764837, 0.3609433160456353, -0.19762770728290202, -0.35894435886891507, 0.515673187932012, 1.0, -0.1836260376928077, -0.6060872516789271, 0.24734153772064368, 0.5083991721720059, 0.5209372408914481, -0.38118713190174147, 0.18693475943592386, -0.04081668512160257, -0.3877072227590494, 0.5493947692193615, 0.23205900198554133, -0.0761400187456773, -0.2044179110376717, 0.11506253179720112, -0.009419587329108801, -0.09655728873125499, -0.40786834208469097, 0.053280590676623454, -0.4138385732978081, -0.3324368079410677, -0.10240809296707261, 0.13976762476165372], [0.4631222030567166, 0.6053156419526685, -0.25120589541970856, 0.5115582209069405, 0.2163966350456231, 0.25052258556297186, -0.1836260376928077, 1.0, 0.2954674688309878, -0.07553053791053671, -0.012500055675184677, -0.19787116819054165, 0.40929744496880094, 0.5069405856372852, -0.22257177311328089, -0.013641215238361136, -0.30010970259565584, -0.3512416329568355, -0.19412498452122953, 0.42945588103470916, -0.5369778995700544, 0.31898636403370195, 0.27153419090084424, 0.7701987993878876, 0.13768792653998274, 0.6539957932520295, 0.3769174289825036, 0.4415885747273785, 0.07637149448433472], [0.2031122623393292, 0.025219039065628706, -0.3610174354044218, 0.17524619457534246, 0.4431273293001397, -0.4565028911694727, -0.6060872516789271, 0.2954674688309878, 1.0, -0.4060495252480827, -0.48215922223613017, -0.39357156542759364, 0.32684804852214205, -0.05081967088285015, -0.0489833528527386, 0.14511915087323404, -0.5614359768045856, -0.17818948762433903, -0.22991172998957315, 0.28215385507755114, -0.38634354466914783, 0.1470633664380333, -0.16774972287980458, 0.46749377694962674, -0.06111920954152887, 0.46848321207808075, 0.02498146763454864, 0.16690461507737675, -0.39433223808522383], [0.010664792353660774, 0.151777173489942, 0.5446282401254863, -0.09773480590962691, 0.33095690224070823, 0.6784059212571084, 0.24734153772064368, -0.07553053791053671, -0.4060495252480827, 1.0, 0.34116664635177013, 0.11232425612751401, 0.12859761909863424, 0.3360467870859551, 0.5513334646670173, -0.061507116570426026, 0.4822296713622827, -0.0458133320972789, 0.5330294953688701, -0.10184832812634838, 0.23693240023855838, -0.008235122499330496, 0.2856657393997623, -0.21211952098037462, 0.03979459605126515, -0.22491047187970375, 0.19037088407508407, 0.19434960769423745, 0.4219560944279757], [0.010294293772860244, 0.1603983565399338, 0.2803833042530887, -0.010189458573163755, -0.38057240070012993, 0.5152741993040528, 0.5083991721720059, -0.012500055675184677, -0.48215922223613017, 0.34116664635177013, 1.0, 0.552703760613505, -0.074803118324551, 0.17954514693160972, -0.212340104709279, 0.21300381500818977, -0.02389278793347579, 0.07819447189064574, 0.1368010108251121, -0.17193567372504437, -0.2846379439489249, 0.17719014343366446, 0.3220736701880262, -0.06724802788913392, 0.04612066294245062, -0.17395306761082602, 0.23685716247126432, 0.10762217031613468, 0.6111142030041186], [-0.05298775251151343, -0.10092779514952795, 0.34650523702116975, -0.19779352263297878, -0.27756140988457695, 0.32017765004753324, 0.5209372408914481, -0.19787116819054165, -0.39357156542759364, 0.11232425612751401, 0.552703760613505, 1.0, 0.09761288740680181, 0.25199057877626113, -0.35015750766319514, -0.29126011110881234, 0.24529323609422668, 0.4323572819119682, 0.2266060757759571, -0.2425692345774846, 0.1910762947901541, 0.19706320867528754, 0.07224036656541656, -0.3321836804571085, -0.3816915473119083, -0.48264657627820257, -0.10805233113433198, -0.2704643390371456, 0.39406094789752116], [0.022405107219448963, 0.3427544110436154, -0.09885416313197434, 0.006888026307382828, 0.4227091725719973, 0.028260029654745573, -0.38118713190174147, 0.40929744496880094, 0.32684804852214205, 0.12859761909863424, -0.074803118324551, 0.09761288740680181, 1.0, 0.4496537223301522, 0.06680255878316976, -0.008283680517350739, -0.36244411095620604, -0.15424198747274404, 0.185843447175942, -0.12677432112647924, -0.16018454349066183, 0.28128574790373345, -0.03515476839933958, 0.2854803171594642, -0.38116156983735394, 0.0468769916999317, 0.2714860959330511, -0.009426338999864316, 0.03892856651835074], [0.24326714550410927, 0.2625504076234034, 0.12915539159839956, 0.15072929519945055, 0.387198598790959, 0.4207490843425076, 0.18693475943592386, 0.5069405856372852, -0.05081967088285015, 0.3360467870859551, 0.17954514693160972, 0.25199057877626113, 0.4496537223301522, 1.0, 0.04639922448445631, -0.10420263206554137, 0.05958910260502851, 0.014163387787277987, 0.3816071210328542, 0.14311006354764857, 0.03847138759624567, 0.4102484751791148, 0.09598776259462749, 0.3580383579156167, 0.05427050807327461, 0.06305938408250152, 0.39541205377580535, 0.147268245248066, 0.4235401931877657], [0.014000444748132734, 0.08942197437616213, 0.12058082649071787, -0.12153406289736338, 0.4318596239301901, 0.09827051009108158, -0.04081668512160257, -0.22257177311328089, -0.0489833528527386, 0.5513334646670173, -0.212340104709279, -0.35015750766319514, 0.06680255878316976, 0.04639922448445631, 1.0, -0.2973591341785853, 0.3213823656720796, -0.24748050489892198, 0.4068563783456545, 0.11816451985896036, 0.2519776299611192, -0.037259416837464976, -0.10720626289645549, -0.3276003543149025, 0.013746093899220295, -0.15806086845947492, -0.08071927280943486, 0.12351952249160529, -0.14567608064261423], [-0.021765883768586024, 0.08559182400925881, 0.11878122670898893, 0.29091155754937104, -0.0034615221086234235, -0.15079826017292236, -0.3877072227590494, -0.013641215238361136, 0.14511915087323404, -0.061507116570426026, 0.21300381500818977, -0.29126011110881234, -0.008283680517350739, -0.10420263206554137, -0.2973591341785853, 1.0, -0.5001412012062614, 0.13707947279598326, -0.03846136714255466, -0.047094446183058275, -0.19969687511773962, -0.06924646786738357, 0.2395994012316812, 0.38827021097915876, 0.2524002362427473, 0.27383042171909733, 0.5863540610473561, 0.20560039916901543, 0.42834697515028064], [-0.12277872004171883, -0.354660673784772, 0.5241454521956027, -0.2017306647725684, -0.07241482487062574, 0.497716200315171, 0.5493947692193615, -0.30010970259565584, -0.5614359768045856, 0.4822296713622827, -0.02389278793347579, 0.24529323609422668, -0.36244411095620604, 0.05958910260502851, 0.3213823656720796, -0.5001412012062614, 1.0, 0.29624472874206675, 0.17729765801166167, -0.15030355977622675, 0.6204127246860813, -0.21018514294039528, 0.06692034123998686, -0.5682597727137604, 0.08595342574064542, -0.4054129571491413, -0.48606685932165394, -0.08326802643371667, -0.032645288466861336], [0.18384894585039582, -0.4044718023467078, 0.6521281304445565, 0.08576007858255355, -0.222336814661641, 0.1894117039550358, 0.23205900198554133, -0.3512416329568355, -0.17818948762433903, -0.0458133320972789, 0.07819447189064574, 0.4323572819119682, -0.15424198747274404, 0.014163387787277987, -0.24748050489892198, 0.13707947279598326, 0.29624472874206675, 1.0, 0.25872858982044716, -0.1105493993233428, 0.48711864367678115, 0.14871259877380016, 0.07817669596215689, -0.43166310004303426, -0.008615389291900696, -0.16378717479528804, -0.12610565678440538, -0.26891246922026985, 0.20267811224140708], [0.33562156385906156, 0.2412589166467591, 0.3667551521349554, 0.030109134127731186, 0.40382310140614636, 0.3237934604679319, -0.0761400187456773, -0.19412498452122953, -0.22991172998957315, 0.5330294953688701, 0.1368010108251121, 0.2266060757759571, 0.185843447175942, 0.3816071210328542, 0.4068563783456545, -0.03846136714255466, 0.17729765801166167, 0.25872858982044716, 1.0, 0.11960010645018719, 0.4403477180027626, 0.2203403835786393, 0.2862407510942986, -0.22801997164108795, 0.0646676163707682, -0.13872293279160788, 0.29294194534574025, 0.0554431660113217, 0.3834370970322593], [0.6935333885519803, 0.6081687883307044, -0.16105275895268772, 0.5464002328815003, 0.09435090203274892, 0.06307260963612536, -0.2044179110376717, 0.42945588103470916, 0.28215385507755114, -0.10184832812634838, -0.17193567372504437, -0.2425692345774846, -0.12677432112647924, 0.14311006354764857, 0.11816451985896036, -0.047094446183058275, -0.15030355977622675, -0.1105493993233428, 0.11960010645018719, 1.0, -0.26829494944286864, 0.43951904262008973, 0.3303751668604908, 0.41264281090201815, 0.3716369907309509, 0.5998628268826997, 0.3739469103134218, 0.541257691377415, 0.1493659677171082], [-0.288653204906623, -0.4689208606687154, 0.3033445751770353, -0.4304994627176475, 0.030000035153932875, 0.05824069487018088, 0.11506253179720112, -0.5369778995700544, -0.38634354466914783, 0.23693240023855838, -0.2846379439489249, 0.1910762947901541, -0.16018454349066183, 0.03847138759624567, 0.2519776299611192, -0.19969687511773962, 0.6204127246860813, 0.48711864367678115, 0.4403477180027626, -0.26829494944286864, 1.0, -0.25908556126270704, -0.07469678247459954, -0.592959075195773, -0.22007044762683645, -0.5575324606354624, -0.25217169695960745, -0.4496459072159225, -0.013268190949739822], [0.5812363283797659, 0.37268251252290824, -0.12161125130490535, 0.35034198257836147, -0.07201041178240968, 0.1924669781148091, -0.009419587329108801, 0.31898636403370195, 0.1470633664380333, -0.008235122499330496, 0.17719014343366446, 0.19706320867528754, 0.28128574790373345, 0.4102484751791148, -0.037259416837464976, -0.06924646786738357, -0.21018514294039528, 0.14871259877380016, 0.2203403835786393, 0.43951904262008973, -0.25908556126270704, 1.0, 0.1801526560440203, 0.06212775166118927, 0.2767896256410532, 0.41271904117087865, 0.25586683432805846, 0.3319897608841512, 0.2452280521126493], [0.5548968816038935, 0.5161583416166546, 0.21345292170994815, 0.4519260567787203, -0.045259628978496995, 0.6036089703688645, -0.09655728873125499, 0.27153419090084424, -0.16774972287980458, 0.2856657393997623, 0.3220736701880262, 0.07224036656541656, -0.03515476839933958, 0.09598776259462749, -0.10720626289645549, 0.2395994012316812, 0.06692034123998686, 0.07817669596215689, 0.2862407510942986, 0.3303751668604908, -0.07469678247459954, 0.1801526560440203, 1.0, 0.1810003277154594, 0.21661545087872972, 0.4110166683275192, 0.5380474866885144, 0.5761862300524072, 0.6293222162022285], [0.24841503201666393, 0.512947470244841, -0.30399834895992195, 0.5259860117016435, 0.30120495737537345, -0.0720824393468963, -0.40786834208469097, 0.7701987993878876, 0.46749377694962674, -0.21211952098037462, -0.06724802788913392, -0.3321836804571085, 0.2854803171594642, 0.3580383579156167, -0.3276003543149025, 0.38827021097915876, -0.5682597727137604, -0.43166310004303426, -0.22801997164108795, 0.41264281090201815, -0.592959075195773, 0.06212775166118927, 0.1810003277154594, 1.0, 0.1290076878052497, 0.6041928873310964, 0.5857753197276773, 0.41814481705542844, 0.17323317295360843], [0.45748567255997563, 0.1646674244530776, 0.07402109795320357, 0.35632882849057235, 0.020978453551878502, 0.10741124280101735, 0.053280590676623454, 0.13768792653998274, -0.06111920954152887, 0.03979459605126515, 0.04612066294245062, -0.3816915473119083, -0.38116156983735394, 0.05427050807327461, 0.013746093899220295, 0.2524002362427473, 0.08595342574064542, -0.008615389291900696, 0.0646676163707682, 0.3716369907309509, -0.22007044762683645, 0.2767896256410532, 0.21661545087872972, 0.1290076878052497, 1.0, 0.4106454351641446, 0.07688864382059968, 0.4531034257266377, 0.07817997590111916], [0.6657749446901442, 0.5492134169380151, -0.20276355368051585, 0.7936568421836052, 0.1818497611389589, 0.05596562290830505, -0.4138385732978081, 0.6539957932520295, 0.46848321207808075, -0.22491047187970375, -0.17395306761082602, -0.48264657627820257, 0.0468769916999317, 0.06305938408250152, -0.15806086845947492, 0.27383042171909733, -0.4054129571491413, -0.16378717479528804, -0.13872293279160788, 0.5998628268826997, -0.5575324606354624, 0.41271904117087865, 0.4110166683275192, 0.6041928873310964, 0.4106454351641446, 1.0, 0.4465548568947186, 0.7476119373268351, 0.06784993780987825], [0.35618896911754916, 0.684075544952151, 0.0074848641703993204, 0.5056995116544044, 0.22720704813772077, 0.1740060724062335, -0.3324368079410677, 0.3769174289825036, 0.02498146763454864, 0.19037088407508407, 0.23685716247126432, -0.10805233113433198, 0.2714860959330511, 0.39541205377580535, -0.08071927280943486, 0.5863540610473561, -0.48606685932165394, -0.12610565678440538, 0.29294194534574025, 0.3739469103134218, -0.25217169695960745, 0.25586683432805846, 0.5380474866885144, 0.5857753197276773, 0.07688864382059968, 0.4465548568947186, 1.0, 0.49365246700687954, 0.7688704292127182], [0.5559019222125694, 0.6209766715512091, 0.043657586172588636, 0.7319990361423407, 0.30103873987769797, 0.33656039038354824, -0.10240809296707261, 0.4415885747273785, 0.16690461507737675, 0.19434960769423745, 0.10762217031613468, -0.2704643390371456, -0.009426338999864316, 0.147268245248066, 0.12351952249160529, 0.20560039916901543, -0.08326802643371667, -0.26891246922026985, 0.0554431660113217, 0.541257691377415, -0.4496459072159225, 0.3319897608841512, 0.5761862300524072, 0.41814481705542844, 0.4531034257266377, 0.7476119373268351, 0.49365246700687954, 1.0, 0.35566415702272225], [0.2703588350282801, 0.4462947761963823, 0.40433671591542597, 0.3198200482066766, -0.022396505742659154, 0.47510317901735105, 0.13976762476165372, 0.07637149448433472, -0.39433223808522383, 0.4219560944279757, 0.6111142030041186, 0.39406094789752116, 0.03892856651835074, 0.4235401931877657, -0.14567608064261423, 0.42834697515028064, -0.032645288466861336, 0.20267811224140708, 0.3834370970322593, 0.1493659677171082, -0.013268190949739822, 0.2452280521126493, 0.6293222162022285, 0.17323317295360843, 0.07817997590111916, 0.06784993780987825, 0.7688704292127182, 0.35566415702272225, 1.0]]}, {"name": 1, "matrix": [[1.0, 0.5803356991008952, 0.1454701405848557, 0.7250434010007744, 0.24119174674769533, 0.2831787662826488, -0.12714835813383804, 0.49554075727068675, 0.21733012070308225, 0.009065073500611658, 0.009882522021945834, -0.056167017662204236, 0.02419751579700488, 0.21650775949865725, 0.014560462538058044, -0.01871866004098398, -0.13014544324422198, 0.2022338404354354, 0.3624712889677865, 0.6935333885519803, -0.2973128010538217, 0.4998632424065987, 0.48276028699538737, 0.23102597977549746, 0.49408452636477374, 0.6591171952432427, 0.40249353510283054, 0.5225478068798152, 0.28928395348025976], [0.533439885032136, 0.88, -0.13814837896665771, 0.5551881002927712, 0.2355843063765031, 0.1653520725849919, -0.3711659202581662, 0.5750498598550351, 0.025471229456284994, 0.15481271695974083, 0.17162624149772918, -0.10092779514952795, 0.36331967570623236, 0.2914309524619778, 0.08763353488863888, 0.09329508817009212, -0.35111406704692427, -0.44491898258137863, 0.26297221914496743, 0.6750673550470819, -0.4220287746018439, 0.40995076377519907, 0.4645425074549892, 0.5078179955423926, 0.1794874926538546, 0.4778156727360731, 0.7593238548968876, 0.6458157384132575, 0.4953872015779844], [0.19283251193806453, -0.14255736978474254, 0.86, 0.19546741868538595, 0.17048370801797894, 0.5597436600528091, 0.4006470808106552, -0.2285973648319348, -0.35379708669633336, 0.5718596521317606, 0.2411296416576563, 0.34304018465095804, -0.10478541291989281, 0.11236519069060762, 0.1241982512854394, 0.11521778990771926, 0.5555941793273389, 0.5803940360956553, 0.337414739964159, -0.1546106485945802, 0.30031112942526494, -0.12404347633100346, 0.18997310032185385, -0.27359851406392977, 0.07920257480992782, -0.19262537599649004, 0.008457896512551232, 0.04016497927878155, 0.35581631000557484], [0.689847119398795, 0.49287106862725605, 0.22983531647622304, 0.96, 0.18821295610952074, 0.18472656450963734, -0.19169887606441496, 0.5217893853250793, 0.1647314229008219, -0.0948027617323381, -0.010087563987432116, -0.1799921055960107, 0.006750265781235171, 0.1416855374874835, -0.10938065660762704, 0.29091155754937104, -0.2158518113066482, 0.08318727622507695, 0.02739931205623538, 0.6119682608272804, -0.4649394197350593, 0.3188112041463089, 0.49259940188880513, 0.44708810994639697, 0.32425923392642086, 0.6984180211215726, 0.47030054583859615, 0.717359055419494, 0.31662184772460983], [0.22541284742775264, 0.1989886859685026, 0.1720195972794022, 0.20152094290514344, 1.01, -0.049586020189741044, -0.35894435886891507, 0.19042903884014833, 0.4254022361281341, 0.35081431637515076, -0.36154378066512344, -0.23870281250073616, 0.36775698013763763, 0.3523507248997727, 0.47936418256251107, -0.003911519982744468, -0.07241482487062574, -0.21789007836840818, 0.452281873574884, 0.10378599223602382, 0.027900032693157575, -0.07129030766458558, -0.04118626237043227, 0.32530135396540333, 0.020349099945322146, 0.17093877547062136, 0.21130255476808033, 0.295017965080144, -0.02038082022581983], [0.33494262678592873, 0.20393422285482338, 0.5283561650965767, 0.21082923123382524, -0.05304550997042065, 1.06, 0.5105164560526919, 0.2179546494397855, -0.48389306463964105, 0.6987580988948217, 0.556496135248377, 0.31057232054610723, 0.031086032620220132, 0.4544090110899082, 0.0992532151919924, -0.16889405139367306, 0.5474878203466882, 0.1837293528363847, 0.3399831334913285, 0.0681184184070154, 0.06115272961368993, 0.20209032702054955, 0.5673924321467326, -0.0742449125273032, 0.1213747043651496, 0.05708493536647115, 0.16704582950998415, 0.36011961771039663, 0.5036093697583921], [-0.13958678447301787, -0.29163036591713054, 0.37899048184791706, -0.2134379238655342, -0.405607125521874, 0.5620837748458931, 1.08, -0.1597546527927427, -0.6424524867796627, 0.26960227611550164, 0.4575592549548053, 0.5782403373895074, -0.4116821024538808, 0.2131056257569532, -0.03673501660944231, -0.43423208949013536, 0.5933463507569104, 0.22045605188626424, -0.06700321649619602, -0.17579940349239767, 0.09780315202762095, -0.008760216216071185, -0.09366057006931734, -0.35076677419283425, 0.054346202490155926, -0.35176278730313687, -0.31249059946460367, -0.10240809296707261, 0.1467560059997364], [0.4168099827510449, 0.5689967034355083, -0.23864560064872312, 0.5320205497432181, 0.22721646679790425, 0.26304871484112047, -0.1744447358081673, 1.02, 0.30728616758422733, -0.07553053791053671, -0.013000057902192065, -0.20182859155435248, 0.44613421501599304, 0.5373570207755223, -0.21366890218874965, -0.01391403954312836, -0.2610954412582206, -0.3371919676385621, -0.19024248483080494, 0.44663411627609756, -0.5208685625829528, 0.35088500043707216, 0.2986876099909287, 0.7470928354062509, 0.14319544360158207, 0.621296003589428, 0.3354565117944282, 0.39301383150736685, 0.06873434503590126], [0.20920563020950908, 0.025219039065628706, -0.38267848152868716, 0.15071172733479452, 0.3810895031981201, -0.47019797790455686, -0.5454785265110343, 0.28364877007774825, 0.94, -0.3451420964608703, -0.4484080766796011, -0.3542144088848343, 0.3072371656108135, -0.043704916959251126, -0.05388168813801247, 0.15963106596055746, -0.5670503365726314, -0.1817532773768258, -0.23680908188926036, 0.2736892394252246, -0.436568205476137, 0.1426514654448923, -0.16439472842220848, 0.5095682168750931, -0.05622967277820656, 0.4028955623871494, 0.027729429074348992, 0.15689033817273412, -0.3667289814192582], [0.012157863283173281, 0.1593660321644391, 0.5990910641380349, -0.08307458502318286, 0.37729086855440735, 0.5834290922811132, 0.22260738394857932, -0.08610481321801185, -0.4628964587828142, 1.07, 0.3275199804976993, 0.0954756177083869, 0.14531530958145666, 0.34612819069853373, 0.49068678355364537, -0.05228104908486212, 0.46294048450779135, -0.0458133320972789, 0.49571743069304924, -0.09879287828255792, 0.21086983621231697, -0.00930568842424346, 0.26566913764177896, -0.23545266828821584, 0.037008974327676594, -0.2339068907548919, 0.1922745929158349, 0.19629310377117984, 0.45993214292649354], [0.00926486439557422, 0.17964615932472588, 0.28879480338068136, -0.008966723544384105, -0.35012660864411954, 0.44313581140148545, 0.513483163893726, -0.013375059572447605, -0.5207319600150206, 0.330931646961217, 1.09, 0.5803389486441803, -0.08228343015700611, 0.16338608370776486, -0.18473589109707272, 0.21300381500818977, -0.025565283088819096, 0.07272085885830054, 0.12859295017560535, -0.15474210635253993, -0.27609880563045713, 0.1789620448680011, 0.29308703987110385, -0.061868185658003214, 0.03966377013050753, -0.15655776084974343, 0.2629114503431034, 0.1173081656445868, 0.5377804986436243], [-0.05881640528777991, -0.10496490695550907, 0.3222498704296879, -0.1938376521803192, -0.2442540406984277, 0.2849581085423046, 0.4896810064379612, -0.18995632146292, -0.3384715462677305, 0.11120101356623886, 0.5084874597644247, 0.96, 0.08785159866612163, 0.2570303903517864, -0.2976338815137159, -0.3174735211086055, 0.2796342891474184, 0.42371013627372883, 0.21527577198715922, -0.2474206192690343, 0.16241485057163096, 0.17932751989451168, 0.0671835409058374, -0.2989653124113977, -0.36642388541943194, -0.43920838441316434, -0.09400552808686882, -0.2407132617430596, 0.4413482616452237], [0.022405107219448963, 0.3598921315957962, -0.08798020518745717, 0.006130343413570717, 0.4649800898291971, 0.031368632916767586, -0.33163280475451506, 0.45432016391536906, 0.3007002046403707, 0.13374152386257962, -0.06582674412560488, 0.11030256276968603, 1.02, 0.404688350097137, 0.06413045643184297, -0.008035170101830216, -0.4059374042709508, -0.17429344584420076, 0.16168379904306954, -0.11282914580256652, -0.17299930696991478, 0.2953500352989201, -0.032342386927392414, 0.3054639393606267, -0.36210349134548625, 0.046408221782932385, 0.2742009568923816, -0.008012388149884668, 0.03892856651835074], [0.21407508804361616, 0.2835544402332757, 0.12786383768241558, 0.1416855374874835, 0.37171065483932064, 0.4796539561504586, 0.19441214981336083, 0.4917323680681666, -0.043704916959251126, 0.35284912644025285, 0.17595424399297752, 0.2444308614129733, 0.5126052434563735, 1.02, 0.04639922448445631, -0.09586642150029806, 0.06495212183948108, 0.014588289420896327, 0.40831961950515405, 0.1330923590993132, 0.0346242488366211, 0.46768326170419083, 0.09790751784652005, 0.3186541385448989, 0.059697558880602075, 0.0662123532866266, 0.4270450180778698, 0.13106873827077875, 0.42777559511964336], [0.015120480327983353, 0.09299885335120862, 0.12178663475562505, -0.12153406289736338, 0.4059480464943787, 0.10613215089836811, -0.04122485197281859, -0.21812033765101527, -0.05241218755243031, 0.5403067953736769, -0.18261249004997993, -0.3956779836594105, 0.05811822614135769, 0.04918317795352369, 0.99, -0.26762322076072675, 0.29888560007503406, -0.25243011499690043, 0.35803361294417596, 0.1299809718448564, 0.24441830106228563, -0.03614163433234103, -0.10399007500956182, -0.2850123082539652, 0.013746093899220295, -0.1406741729289327, -0.08314085099371792, 0.10746198456769661, -0.16461397112615406], [-0.01958929539172742, 0.0941510064101847, 0.10096404270264059, 0.32873006003078925, -0.003080754676674847, -0.16738606879194384, -0.36056771716591596, -0.013641215238361136, 0.1393143848383047, -0.05351119141627064, 0.1853133190571251, -0.2563088977757549, -0.007372475660442157, -0.11149681631012927, -0.28546476881144184, 1.06, -0.4551284930976979, 0.15352900953150125, -0.03923059448540575, -0.043326890488413615, -0.21167868762480402, -0.07824850869014344, 0.20845147907156264, 0.4076837215281167, 0.22968421498090008, 0.29573685545662515, 0.6039446828787768, 0.19943238719394496, 0.4112130961442694], [-0.13873995364714226, -0.34756746030907654, 0.5084210886297346, -0.2158518113066482, -0.06734578712968194, 0.5425106583435364, 0.4834673969130381, -0.2881053144918296, -0.5558216170365398, 0.501518858216774, -0.022937076416136758, 0.22566977720668854, -0.3551952287370819, 0.05958910260502851, 0.347092954925846, -0.505142613218324, 1.0, 0.25773291400559806, 0.16134086879061213, -0.15180659537398902, 0.5273508159831691, -0.18916662864635575, 0.07428157877638542, -0.5909901636223108, 0.0902510970276777, -0.38108817972019277, -0.4520421791691382, -0.09326018960576268, -0.03460400577487302], [0.19304139314291563, -0.3721140581589712, 0.6325642865312198, 0.08404487701090248, -0.21121997392855896, 0.18562346987593506, 0.2088531017869872, -0.35475404928640386, -0.15680674910941836, -0.04077386556657822, 0.08210419548517803, 0.3891215537207714, -0.168123766345291, 0.015862994321751346, -0.24500569984993276, 0.14119185697986275, 0.25180801943075676, 0.85, 0.24837944622762928, -0.10281094137070881, 0.4237932199987996, 0.16209673266344218, 0.08912143339685884, -0.4100799450408825, -0.0076676964697916196, -0.14249484207190058, -0.11349509110596485, -0.23933209760604016, 0.1743031765276101], [0.3591150733291959, 0.23643373831382392, 0.36308760061360584, 0.02559276400857151, 0.43209071850457664, 0.3691245449334423, -0.08146982005787472, -0.203831233747291, -0.20232232239082437, 0.4797265458319831, 0.12996096028385648, 0.23793637956475497, 0.17469284034538549, 0.3892392634535113, 0.3539650491607194, -0.03923059448540575, 0.20211933013329428, 0.2380303026348114, 0.9, 0.12199210857919093, 0.38310251466240347, 0.2203403835786393, 0.24616704594109678, -0.2211793724918553, 0.06919434951672199, -0.13317401547994356, 0.2577889119042514, 0.049344417750076315, 0.3450933873290334], [0.6103093819257427, 0.6081687883307044, -0.14333695546789207, 0.49176020959335026, 0.10756002831733376, 0.054873170383429065, -0.18397611993390453, 0.4852851455692213, 0.32165539478840827, -0.0875895621886596, -0.17881310067404615, -0.20860954173663676, -0.11916786185889047, 0.13595456037026615, 0.11934616505754995, -0.04426877941207478, -0.16533391575384945, -0.09617797741130824, 0.12916811496620217, 0.97, -0.273660848431726, 0.39556713835808077, 0.35350142854072514, 0.3589992454847558, 0.3753533606382604, 0.6538504813021426, 0.4262994777573008, 0.5196073837223184, 0.14637864836276604], [-0.3290646535935502, -0.43609640042190534, 0.32761214119119814, -0.4735494089894123, 0.030000035153932875, 0.0663943921520062, 0.1219662837050332, -0.4725405516216479, -0.38634354466914783, 0.24877902025048632, -0.2874843233884141, 0.20827316132126797, -0.14256424370668902, 0.035393676588546016, 0.2570171825603416, -0.201693843868917, 0.632820979179803, 0.45789152505617425, 0.4227338092826521, -0.2951244443871555, 1.04, -0.24613128319957167, -0.07394981464985355, -0.6226070289555616, -0.18705988048281097, -0.5854090836672355, -0.24208482908122314, -0.5125963342261516, -0.011543326126273646], [0.6277352346501472, 0.4211312391508863, -0.12769181387015063, 0.38887960066198124, -0.0655294747219928, 0.19631631767710528, -0.010173154315437506, 0.27113840942864664, 0.13676893078737098, -0.00930568842424346, 0.18782155203968434, 0.21282826536931054, 0.27284717546662146, 0.4225559294344882, -0.038749793510963575, -0.06232182108064522, -0.21228699436979923, 0.16804523661439416, 0.1916961337134162, 0.47028537560349604, -0.23835871636169048, 1.08, 0.1657404435604987, 0.06771924931069631, 0.26295014435900055, 0.42922780281771383, 0.23795615592509436, 0.31207037523110215, 0.2672985768027878], [0.6214845073963607, 0.500673591368155, 0.22626009701254504, 0.40221419053306107, -0.045259628978496995, 0.663969867405751, -0.09366057006931734, 0.2661035070828274, -0.17278221456619872, 0.25424250806578846, 0.3639432473124696, 0.08018680688761239, -0.030233100823432037, 0.08254947583137964, -0.10077388712266816, 0.21563946110851306, 0.06558193441518712, 0.08443083163912944, 0.29196556611618457, 0.287426395168627, -0.07992555724782152, 0.19636639508798215, 1.05, 0.1791903244383048, 0.2296123779314535, 0.406906501644244, 0.48962321288654814, 0.6453285776586961, 0.6733747713363846], [0.24841503201666393, 0.512947470244841, -0.3131182994287196, 0.5785846128718078, 0.2710844616378361, -0.07136161495342734, -0.4364191260306194, 0.7856027753756454, 0.44879402587164163, -0.23121027786860834, -0.06119570537911187, -0.37868939572110366, 0.3168831520470053, 0.3723598922322414, -0.3210483472286044, 0.3533258919910345, -0.5853075658951732, -0.4618795170460467, -0.23258037107390972, 0.4580335201012402, -0.6522549827153503, 0.061506474144577376, 0.15747028511244968, 0.92, 0.14706876409798467, 0.6646121760642061, 0.5857753197276773, 0.40978192071431985, 0.15937451911731976], [0.4208868187551776, 0.18113416689838538, 0.08216341872805596, 0.34563896363585517, 0.020139315409803363, 0.0934477812368851, 0.05274778476985722, 0.14181856433618223, -0.05867444115986772, 0.0393966500907525, 0.0516551424955447, -0.41986070204309917, -0.43452418961458344, 0.055355918234740106, 0.01168417981433725, 0.28016426222944957, 0.08509389148323897, -0.008012312041467648, 0.06984102568042967, 0.3642042509163319, -0.2222711521031048, 0.26571804061541104, 0.2274462234226662, 0.1315878415613547, 1.12, 0.3572615285928058, 0.07919530313521767, 0.4168551516685067, 0.06801657903397368], [0.5925397007742284, 0.5382291485992547, -0.18654246938607458, 0.8809590948238019, 0.16912027785923178, 0.06212184142821861, -0.44694565916163276, 0.6670757091170701, 0.40758039450793027, -0.23615599547368896, -0.19830649707634165, -0.47782011051542056, 0.05109592095292556, 0.05927582103755142, -0.15331904240569066, 0.2793070301534793, -0.38108817972019277, -0.15395994430757073, -0.12068895152869885, 0.5818669420762187, -0.5854090836672355, 0.3631927562303732, 0.406906501644244, 0.6041928873310964, 0.3901131634059373, 1.05, 0.4152960169120883, 0.6578985048476148, 0.05767244713839651], [0.3953697557204796, 0.5883049686588498, 0.007859107378919287, 0.43995857513933184, 0.22720704813772077, 0.1879265581987322, -0.2958687590675503, 0.3354565117944282, 0.022483320871093775, 0.1960820105973366, 0.24870002059482754, -0.11777704093642187, 0.2823455397703732, 0.39541205377580535, -0.06861138188801963, 0.5922176016578297, -0.5443948824402525, -0.14249939216637808, 0.2577889119042514, 0.32533381197267697, -0.2597368478683957, 0.24307349261165553, 0.5703303358898253, 0.6326373453058914, 0.08073307601162967, 0.45548595403261294, 1.0, 0.5133985656871547, 0.7765591335048454], [0.5503429029904437, 0.6085571381201849, 0.049333072375025155, 0.8125189301179983, 0.2679244784911512, 0.3803132411334095, -0.11060074040443843, 0.43275680323283094, 0.165235568926603, 0.1826886312325832, 0.11300327883194142, -0.2650550522564027, -0.008012388149884668, 0.1369594680807014, 0.13834186519059793, 0.21999242711084652, -0.07993730537636799, -0.3038710902189049, 0.049344417750076315, 0.5196073837223184, -0.47212820257671867, 0.28219129675152854, 0.5300913316482146, 0.3930561280321027, 0.46669652849843685, 0.6429462661010782, 0.5183350903572236, 1.13, 0.32009774132045005], [0.24873012822601773, 0.3882764552908526, 0.36794641148303764, 0.27824344193980866, -0.022396505742659154, 0.41809079753526895, 0.13277924352357104, 0.08095378415339481, -0.39433223808522383, 0.40929741159513644, 0.6844479073646128, 0.3782985099816203, 0.036982138192433206, 0.3642445661414785, -0.13693551580405736, 0.4069296263927666, -0.031665929812855494, 0.18443708213968046, 0.329755903447743, 0.15085962739427927, -0.011543326126273646, 0.22560980794363739, 0.5600967724199833, 0.19055649024896928, 0.0852161737322199, 0.07192093407847094, 0.7688704292127182, 0.3663340817334039, 0.98]]}, {"name": 2, "matrix": [[1.1, 0.5151718014836879, 0.2503372614851608, 0.7040822271994972, 0.21489598829591255, 0.4072252843311736, -0.03576346408030951, 0.3453230446812425, 0.20055133955661297, 0.03089815855226532, 0.07305231917627551, 0.04651917134017313, 0.04748526729402917, 0.16759638674206198, 0.10980761858413912, 0.07307003257701002, -0.015010769250027433, 0.2538243531555045, 0.44747163515514266, 0.7719168798286971, -0.2146462790588447, 0.5735951589714143, 0.6249548282275049, 0.2751380750849734, 0.4154993563734747, 0.5567145589781731, 0.4382056287604197, 0.5472575813181952, 0.27201297666100727], [0.6182061617804255, 0.86, -0.0896720567189069, 0.5276440469646395, 0.299463075841872, 0.2115693607535329, -0.1675071107508452, 0.6722017432986825, 0.10578545774743438, 0.23675065731388692, 0.23843195567897604, -0.009223683152243286, 0.25614063552856003, 0.13126679924646298, 0.15902353487954685, 0.05650244126725941, -0.34091215008635173, -0.34172255116321415, 0.22907399736961911, 0.6050858944257758, -0.46544080958477446, 0.33201414754825403, 0.5715685577676203, 0.5990002030017748, 0.05224893390399677, 0.6302981161951319, 0.6670094467541415, 0.739717088559809, 0.5005937744199671], [0.2868447787850801, -0.07157310949123762, 0.96, 0.23464527259681991, 0.1217795707223157, 0.5611361764128346, 0.41573214635479167, -0.20823621336529077, -0.27075498852278895, 0.4284175151624809, 0.3468149617602418, 0.35916201905400086, -0.06338733600569495, 0.09761392158205703, 0.19203422795915406, 0.18763453639625388, 0.6207595052499324, 0.7312768391630027, 0.4476750590993438, -0.08692797434545795, 0.30632530038697847, -0.007750639337882341, 0.30437184716911403, -0.20194583223451315, 0.06190471368425817, -0.15334761929825327, 0.09363224822038525, 0.09108308190201125, 0.39741124281039264], [0.7680897023994516, 0.4494745585254336, 0.2953769902101145, 0.87, 0.12172139007824129, 0.2888106849520554, -0.16533103092845008, 0.43281177411100746, 0.09894335974830612, -0.14260284545876944, -0.026741098374761702, -0.1361037627498369, 0.003565226141671878, 0.14390240228933182, -0.03410164643451518, 0.4159428097538926, -0.07297968071462145, 0.17556616277922246, 0.13299489569573084, 0.5500785924195636, -0.29236232539059037, 0.43191982445403654, 0.4944554652741036, 0.4181735445022441, 0.40595106308357637, 0.5772285272597881, 0.47211624378021916, 0.5903488794915548, 0.27388574732273563], [0.20646869463724932, 0.2750171104670253, 0.1575970915229968, 0.12290315114696207, 0.92, -0.013602275196697853, -0.2620047951036653, 0.27780828776739586, 0.4176646888532596, 0.3634606941306677, -0.21263226012783082, -0.2109704696274346, 0.32882924494661914, 0.2467468049841019, 0.3654857073036294, -0.056333222061955325, -0.11538583338906351, -0.20002003846666616, 0.37198061203637933, 0.08355643722940044, -0.05766790663518292, -0.0882049017615311, -0.011702064017802166, 0.342581271187736, -0.08384933128784997, 0.2286282421416821, 0.24443601058326683, 0.3659675067255897, 0.07026495440928224], [0.39975326076546397, 0.2138942987837915, 0.5214598811109171, 0.2457424249153454, -0.017398258972520512, 0.92, 0.49470341514308913, 0.24840999214899354, -0.41056290836662707, 0.7059677665649567, 0.5282329980126563, 0.36293483768131807, 0.020082685881171507, 0.32733576501809725, 0.2232654047583989, -0.05375162979859285, 0.5177237757516182, 0.24016300306805652, 0.38906991416707554, 0.12763851436914644, 0.07584417910268529, 0.2900814372541944, 0.6150244394891575, 0.00964493563682235, 0.06753257794016099, 0.09594652908376737, 0.23028646420468735, 0.3450027834450906, 0.5661573265261021], [-0.03576346408030951, -0.18503692466663132, 0.37904989814701595, -0.15952994212394309, -0.2399670085996187, 0.550288068529953, 1.11, -0.10085490058252529, -0.4137283758802832, 0.2759962630805551, 0.5625051363476479, 0.4935105625212554, -0.32904980564733866, 0.1070614259972642, 0.06323019938123825, -0.27932647744390826, 0.5765800005509671, 0.31824434738233803, 0.016771962122445954, -0.143768501153261, 0.07743407680367366, 0.051250076089832175, 0.0016001681826034926, -0.2913813111481779, -0.0165746844185129, -0.24394132202168042, -0.18689540038266222, 0.01391295574104029, 0.2196433452436715], [0.4387633979479317, 0.6905345181159193, -0.23766089568864707, 0.36325273898602406, 0.2915611733004353, 0.2193169300054177, -0.10429313582965684, 1.13, 0.3989245962501013, 0.013918464899949794, 0.06869937107222283, -0.13089636832436397, 0.406124007095009, 0.3708321676097423, -0.22038978303426107, -0.08990121209552406, -0.2906669271027635, -0.27452890912833644, -0.1878637132461597, 0.3926797625991726, -0.6435158846594748, 0.24290979574417898, 0.3159286932524336, 0.7118905656848032, 0.03029028721107513, 0.7644315484061857, 0.28452659765016897, 0.38940449994292997, 0.11349738485051428], [0.17394759043175614, 0.11392280065108318, -0.30348361350906017, 0.11827711969912456, 0.39889324216322547, -0.3524643835977647, -0.45652786304031245, 0.3845489351239715, 0.92, -0.29080198387781375, -0.34932325154272875, -0.33207307877835657, 0.34698709704625763, -0.07757909362399106, -0.01753856846153788, 0.0752275864443829, -0.4940783042006577, -0.11740140159601538, -0.21641189312272419, 0.2345650378139604, -0.4701461829160523, 0.0934981769575583, -0.07276896073265823, 0.5072955649344062, -0.14181911650914533, 0.5531749766094152, 0.01745038161098064, 0.22197366716494188, -0.3335069052500721], [0.028240252440242496, 0.2609088876520387,