{"stateborders": [5, 16, 28, 40, 52, 63], "times": [{"name": 0, "matrix": [[1.0, 0.26627125924534445, -0.5119374115206661, 0.4618093343150926, -0.008022895055739707, 0.02299000325879711, -0.2129478733407264, 0.18580899627801592, -0.04390290296572506, -0.05842365365874166, -0.11052703160158778, 0.002256470984497583, 0.03272404877300112, 0.10511735336673196, -0.10097030000338907, 0.06650112142878373, -0.19344809136180424, -0.28322197333850935, -0.5080259194445551, 0.22249314399512235, -0.1079692840738394, 0.023214668300710065, 0.2594432371074967, 0.17862255947384686, 0.3924771409789625, 0.5558162731716023, 0.38078827918478203, 0.298567415279718, 0.0713719118674101], [0.26627125924534445, 1.0, -0.18254320747142583, 0.46455509630889646, 0.5166620061366903, -0.40520454650211235, -0.1719343423454053, 0.5515982199299442, 0.6465316513881654, -0.14354072968826462, -0.054420772148992984, 0.08139004320127406, 0.6568288479782778, 0.532602006269025, 0.004348350727916276, -0.17120285138618774, -0.6147185346399755, 0.028804877291875915, -0.2353137296124388, 0.4924493374307356, -0.6739212937649762, 0.22752229654593095, -0.3380910555880568, 0.589169282325548, 0.20501310771546205, 0.44061339163472024, 0.47581980086290815, 0.46707866923803315, 0.014666763339748576], [-0.5119374115206661, -0.18254320747142583, 1.0, -0.0790149839166461, -0.06563261380502658, 0.5860218834817332, 0.12866406777118156, -0.38472713553357885, -0.07003397866961175, 0.20065654856076648, 0.20335527578027773, 0.3113872045071206, -0.14950349721512865, -0.13199406201885913, 0.29973421393203703, 0.21376840081616005, 0.3332024978849442, 0.5882411319254311, 0.6908478780653723, 0.05734455420684089, 0.361199997509139, 0.16172953308124374, 0.346173747736493, 0.04016169660827071, 0.19147275291203544, -0.06919645626169328, -0.08897471722178903, -0.29228825119443075, 0.4638584584153189], [0.4618093343150926, 0.46455509630889646, -0.0790149839166461, 1.0, 0.29550505732226934, 0.011666926541788693, -0.46783673705483036, 0.15752513522579303, 0.315511233857828, -0.3276418287911082, -0.1365070440397513, -0.15202800000693223, 0.2896840616767412, 0.12013573627046861, 0.06196147414950339, -0.13223670794754186, -0.035592156717099886, -0.30017126933966265, -0.4078943728405208, 0.5819147756890231, -0.15580542450615742, -0.17703828142653422, 0.08373806521060403, 0.12720886119442332, 0.21046923095434986, 0.7040100805539051, 0.713574923308574, 0.7272761528669076, 0.3784649079421156], [-0.008022895055739707, 0.5166620061366903, -0.06563261380502658, 0.29550505732226934, 1.0, -0.39259896656675386, -0.029505860437510235, 0.5154269917423442, 0.8750916633315572, -0.011373222580862078, 0.1366664510008112, 0.20299172272853303, 0.7463805139015143, 0.3203610499611914, -0.26704249886280224, -0.17746174654478708, -0.7030696328233036, -0.2664984961859544, -0.3073813634333827, 0.29670961421627834, -0.49686689907355563, 0.2412011617283248, -0.22935420962076006, 0.510156875897533, -0.21388797663664721, 0.3277270002806266, -0.00909442558044263, 0.3788978691964133, -0.20736862041281592], [0.02299000325879711, -0.40520454650211235, 0.5860218834817332, 0.011666926541788693, -0.39259896656675386, 1.0, -0.061149647725871364, -0.3800103518107927, -0.4619334253459904, 0.12298165603082492, -0.15736793688552303, 0.051657272603764334, -0.38118759017585313, -0.3925497266195869, 0.28314964521322733, 0.35450737655016684, 0.6325803520013744, 0.471361267816362, 0.43498969845474134, 0.20325423079592483, 0.755204628678276, 0.27506652505727774, 0.7776766798356666, -0.30997222364230637, 0.42407832278392743, 0.049906300939477066, 0.15043290861832886, -0.1429260269886634, 0.6329906905255726], [-0.2129478733407264, -0.1719343423454053, 0.12866406777118156, -0.46783673705483036, -0.029505860437510235, -0.061149647725871364, 1.0, -0.08450097225016749, -0.10706806175070312, 0.6530974094768583, 0.7434400185611336, 0.5516024154434481, -0.3480857694242333, 0.2984388265255914, 0.01754732728683725, -0.38070957027659164, 0.059415003740678436, 0.17061517817113198, 0.07091047406389887, -0.5311433046402838, -0.02831684322097647, -0.09715158597840043, -0.23408005536411125, 0.16689691188332625, -0.034716321220145084, -0.18111176192862286, -0.5814321056652125, -0.7050811672331305, -0.5420925090083424], [0.18580899627801592, 0.5515982199299442, -0.38472713553357885, 0.15752513522579303, 0.5154269917423442, -0.3800103518107927, -0.08450097225016749, 1.0, 0.4884945928746848, 0.216952171038429, -0.06172719671448382, -0.23323896423584728, 0.6153453522757654, 0.19902825229527876, -0.29470738535366686, -0.38046153516679654, -0.4276327244308237, -0.3719145731588114, -0.4706570684196555, 0.1460791705369716, -0.5018780419899248, 0.22494056874422041, -0.12220259289940745, 0.25939822901417825, -0.20502584173771077, 0.1922868216996325, 0.19476936906863607, 0.49556834290286167, -0.32450199093365933], [-0.04390290296572506, 0.6465316513881654, -0.07003397866961175, 0.315511233857828, 0.8750916633315572, -0.4619334253459904, -0.10706806175070312, 0.4884945928746848, 1.0, -0.12953965858112268, 0.07926931888955734, 0.08235236483129663, 0.7103555321718746, 0.4512842043838619, -0.3447602622983825, -0.3283489438160837, -0.6971392173373888, -0.2281116430641664, -0.29073550259870706, 0.2503390824861121, -0.5179906375830369, 0.19933987248622728, -0.4607668494632367, 0.4541056805087748, -0.11330723929371635, 0.31283664668123434, 0.05919872698872124, 0.4485922893655357, -0.19061272165469023], [-0.05842365365874166, -0.14354072968826462, 0.20065654856076648, -0.3276418287911082, -0.011373222580862078, 0.12298165603082492, 0.6530974094768583, 0.216952171038429, -0.12953965858112268, 1.0, 0.5684367941444718, 0.27241447251578993, -0.21163758577221273, 0.16638769781245524, -0.24022881796289944, -0.286115310008015, 0.1476748853468474, 0.17571624395333585, 0.05460089226937211, -0.38750908108074206, -0.046706176208414, 0.018106588998607683, 0.1254755205259781, 0.08496044931904052, -0.0754825197815581, -0.10026668684455531, -0.4559203545661125, -0.45016551266600935, -0.45260585021671385], [-0.11052703160158778, -0.054420772148992984, 0.20335527578027773, -0.1365070440397513, 0.1366664510008112, -0.15736793688552303, 0.7434400185611336, -0.06172719671448382, 0.07926931888955734, 0.5684367941444718, 1.0, 0.653480698031138, -0.13827747407740693, 0.35475887023793845, -0.07173352276787498, -0.5012391711446897, -0.05802876110854161, 0.12700822147302418, 0.1467975796465682, -0.3892040511844351, -0.14377994125264076, -0.020510777316753916, -0.22925373162954985, 0.3335409169092444, -0.13427370776210001, -0.07358553405255672, -0.3968058431646783, -0.5515757415073692, -0.42612130329949227], [0.002256470984497583, 0.08139004320127406, 0.3113872045071206, -0.15202800000693223, 0.20299172272853303, 0.051657272603764334, 0.5516024154434481, -0.23323896423584728, 0.08235236483129663, 0.27241447251578993, 0.653480698031138, 1.0, 0.044783787844747076, 0.4120201826100207, 0.044522624337691774, 0.0879207682234304, -0.2651285634515228, 0.43846390327742674, 0.2630552328373227, -0.06536684875185374, 0.03102700267114735, 0.34119337901327873, 0.02313465736250992, 0.3681974214421542, 0.06612124988259938, 0.0034241342592277128, -0.19437962594918673, -0.4928760162650907, -0.04857362516533848], [0.03272404877300112, 0.6568288479782778, -0.14950349721512865, 0.2896840616767412, 0.7463805139015143, -0.38118759017585313, -0.3480857694242333, 0.6153453522757654, 0.7103555321718746, -0.21163758577221273, -0.13827747407740693, 0.044783787844747076, 1.0, 0.27332956101787964, -0.15724499158663668, 0.05779301251509029, -0.5941730524746898, -0.025207094248590092, -0.09038368140285821, 0.5886705111124163, -0.3732645573645086, 0.306828607724079, -0.1721930189923828, 0.28737062198806257, -0.12160457483899606, 0.38935699796840445, 0.2939336324082973, 0.5227508917301167, 0.03587076704811761], [0.10511735336673196, 0.532602006269025, -0.13199406201885913, 0.12013573627046861, 0.3203610499611914, -0.3925497266195869, 0.2984388265255914, 0.19902825229527876, 0.4512842043838619, 0.16638769781245524, 0.35475887023793845, 0.4120201826100207, 0.27332956101787964, 1.0, -0.4468292947036643, -0.3193283212405138, -0.4951473013565492, 0.12074094226180727, -0.22485711287728424, -0.04603087047848412, -0.5021049535216369, 0.07360761886038941, -0.6223869517437046, 0.44531713903476433, 0.17971344781181547, 0.1663662565091713, 0.11758640206030467, -0.007052277135109148, -0.23916319922246154], [-0.10097030000338907, 0.004348350727916276, 0.29973421393203703, 0.06196147414950339, -0.26704249886280224, 0.28314964521322733, 0.01754732728683725, -0.29470738535366686, -0.3447602622983825, -0.24022881796289944, -0.07173352276787498, 0.044522624337691774, -0.15724499158663668, -0.4468292947036643, 1.0, 0.22508746706165575, 0.3120744979299008, 0.3670339814837861, 0.4562855310164824, 0.2649049942640502, 0.22583338344694753, -0.011799287367322787, 0.32177706544347223, -0.13646791839942535, 0.2096240744402434, -0.044553066611066595, 0.18695770632087627, -0.20348455141945476, 0.26215587920331285], [0.06650112142878373, -0.17120285138618774, 0.21376840081616005, -0.13223670794754186, -0.17746174654478708, 0.35450737655016684, -0.38070957027659164, -0.38046153516679654, -0.3283489438160837, -0.286115310008015, -0.5012391711446897, 0.0879207682234304, 0.05779301251509029, -0.3193283212405138, 0.22508746706165575, 1.0, 0.017548075972757756, 0.4264655986362034, 0.36266192762034455, 0.35002243497333246, 0.353607062389947, 0.04641777583243675, 0.4429531459871288, -0.15999098993356217, 0.1624434584296552, 0.06790074027617655, 0.07734362335302726, -0.037037474612881684, 0.5309269974488832], [-0.19344809136180424, -0.6147185346399755, 0.3332024978849442, -0.035592156717099886, -0.7030696328233036, 0.6325803520013744, 0.059415003740678436, -0.4276327244308237, -0.6971392173373888, 0.1476748853468474, -0.05802876110854161, -0.2651285634515228, -0.5941730524746898, -0.4951473013565492, 0.3120744979299008, 0.017548075972757756, 1.0, 0.17518621906083692, 0.3626154038993116, -0.09524350383469193, 0.7285133413396994, -0.28461492521171305, 0.4135596886638062, -0.6717058932845744, 0.0659149735553809, -0.12850916228824225, 0.016149927226871297, -0.22973183379318507, 0.3195389274738636], [-0.28322197333850935, 0.028804877291875915, 0.5882411319254311, -0.30017126933966265, -0.2664984961859544, 0.471361267816362, 0.17061517817113198, -0.3719145731588114, -0.2281116430641664, 0.17571624395333585, 0.12700822147302418, 0.43846390327742674, -0.025207094248590092, 0.12074094226180727, 0.3670339814837861, 0.4264655986362034, 0.17518621906083692, 1.0, 0.7885320537629567, 0.15923165191857525, 0.33684578489657474, 0.28951899808047843, 0.1977281005053756, -0.019835627984415703, 0.29754543767074526, -0.13413398439848723, 0.020587058589515986, -0.4494881037403761, 0.3785618515173293], [-0.5080259194445551, -0.2353137296124388, 0.6908478780653723, -0.4078943728405208, -0.3073813634333827, 0.43498969845474134, 0.07091047406389887, -0.4706570684196555, -0.29073550259870706, 0.05460089226937211, 0.1467975796465682, 0.2630552328373227, -0.09038368140285821, -0.22485711287728424, 0.4562855310164824, 0.36266192762034455, 0.3626154038993116, 0.7885320537629567, 1.0, 0.07223841260734522, 0.41096072668068884, 0.25832525197219425, 0.21990004980410469, -0.13971684457842876, 0.0856750740532817, -0.3665507975528437, -0.1760882336959674, -0.5716951424318156, 0.3522402788624769], [0.22249314399512235, 0.4924493374307356, 0.05734455420684089, 0.5819147756890231, 0.29670961421627834, 0.20325423079592483, -0.5311433046402838, 0.1460791705369716, 0.2503390824861121, -0.38750908108074206, -0.3892040511844351, -0.06536684875185374, 0.5886705111124163, -0.04603087047848412, 0.2649049942640502, 0.35002243497333246, -0.09524350383469193, 0.15923165191857525, 0.07223841260734522, 1.0, 0.017057595334950652, 0.2564798985677994, 0.2679405634095435, -0.006133580980071435, 0.3547123496213393, 0.5458813055532223, 0.5655214754198763, 0.5176075102766987, 0.46575434082918316], [-0.1079692840738394, -0.6739212937649762, 0.361199997509139, -0.15580542450615742, -0.49686689907355563, 0.755204628678276, -0.02831684322097647, -0.5018780419899248, -0.5179906375830369, -0.046706176208414, -0.14377994125264076, 0.03102700267114735, -0.3732645573645086, -0.5021049535216369, 0.22583338344694753, 0.353607062389947, 0.7285133413396994, 0.33684578489657474, 0.41096072668068884, 0.017057595334950652, 1.0, -0.000274851064152234, 0.5616616796392595, -0.7092291153820774, 0.04514729849118164, -0.08196551788690622, -0.07816271774914706, -0.21677403439512297, 0.44147365534367466], [0.023214668300710065, 0.22752229654593095, 0.16172953308124374, -0.17703828142653422, 0.2412011617283248, 0.27506652505727774, -0.09715158597840043, 0.22494056874422041, 0.19933987248622728, 0.018106588998607683, -0.020510777316753916, 0.34119337901327873, 0.306828607724079, 0.07360761886038941, -0.011799287367322787, 0.04641777583243675, -0.28461492521171305, 0.28951899808047843, 0.25832525197219425, 0.2564798985677994, -0.000274851064152234, 1.0, 0.3466410158406127, 0.2765758651060698, 0.16362258572257418, -0.2281731271254189, 0.10504729603409142, -0.05679380332597274, 0.14567111021990217], [0.2594432371074967, -0.3380910555880568, 0.346173747736493, 0.08373806521060403, -0.22935420962076006, 0.7776766798356666, -0.23408005536411125, -0.12220259289940745, -0.4607668494632367, 0.1254755205259781, -0.22925373162954985, 0.02313465736250992, -0.1721930189923828, -0.6223869517437046, 0.32177706544347223, 0.4429531459871288, 0.4135596886638062, 0.1977281005053756, 0.21990004980410469, 0.2679405634095435, 0.5616616796392595, 0.3466410158406127, 1.0, -0.2041426659939829, 0.25204573009247144, 0.13344775616881271, 0.1896538871229754, 0.033708860032200305, 0.5080080284608005], [0.17862255947384686, 0.589169282325548, 0.04016169660827071, 0.12720886119442332, 0.510156875897533, -0.30997222364230637, 0.16689691188332625, 0.25939822901417825, 0.4541056805087748, 0.08496044931904052, 0.3335409169092444, 0.3681974214421542, 0.28737062198806257, 0.44531713903476433, -0.13646791839942535, -0.15999098993356217, -0.6717058932845744, -0.019835627984415703, -0.13971684457842876, -0.006133580980071435, -0.7092291153820774, 0.2765758651060698, -0.2041426659939829, 1.0, 0.16385831679898932, 0.22972821524568146, 0.06613424529249545, 0.03127745384692231, -0.02526407609451642], [0.3924771409789625, 0.20501310771546205, 0.19147275291203544, 0.21046923095434986, -0.21388797663664721, 0.42407832278392743, -0.034716321220145084, -0.20502584173771077, -0.11330723929371635, -0.0754825197815581, -0.13427370776210001, 0.06612124988259938, -0.12160457483899606, 0.17971344781181547, 0.2096240744402434, 0.1624434584296552, 0.0659149735553809, 0.29754543767074526, 0.0856750740532817, 0.3547123496213393, 0.04514729849118164, 0.16362258572257418, 0.25204573009247144, 0.16385831679898932, 1.0, 0.4760163227525115, 0.43055778546029666, 0.03520458272374282, 0.39417226864991917], [0.5558162731716023, 0.44061339163472024, -0.06919645626169328, 0.7040100805539051, 0.3277270002806266, 0.049906300939477066, -0.18111176192862286, 0.1922868216996325, 0.31283664668123434, -0.10026668684455531, -0.07358553405255672, 0.0034241342592277128, 0.38935699796840445, 0.1663662565091713, -0.044553066611066595, 0.06790074027617655, -0.12850916228824225, -0.13413398439848723, -0.3665507975528437, 0.5458813055532223, -0.08196551788690622, -0.2281731271254189, 0.13344775616881271, 0.22972821524568146, 0.4760163227525115, 1.0, 0.49235320066717153, 0.5593770891746614, 0.3284818599350541], [0.38078827918478203, 0.47581980086290815, -0.08897471722178903, 0.713574923308574, -0.00909442558044263, 0.15043290861832886, -0.5814321056652125, 0.19476936906863607, 0.05919872698872124, -0.4559203545661125, -0.3968058431646783, -0.19437962594918673, 0.2939336324082973, 0.11758640206030467, 0.18695770632087627, 0.07734362335302726, 0.016149927226871297, 0.020587058589515986, -0.1760882336959674, 0.5655214754198763, -0.07816271774914706, 0.10504729603409142, 0.1896538871229754, 0.06613424529249545, 0.43055778546029666, 0.49235320066717153, 1.0, 0.690857288871028, 0.6207241820491775], [0.298567415279718, 0.46707866923803315, -0.29228825119443075, 0.7272761528669076, 0.3788978691964133, -0.1429260269886634, -0.7050811672331305, 0.49556834290286167, 0.4485922893655357, -0.45016551266600935, -0.5515757415073692, -0.4928760162650907, 0.5227508917301167, -0.007052277135109148, -0.20348455141945476, -0.037037474612881684, -0.22973183379318507, -0.4494881037403761, -0.5716951424318156, 0.5176075102766987, -0.21677403439512297, -0.05679380332597274, 0.033708860032200305, 0.03127745384692231, 0.03520458272374282, 0.5593770891746614, 0.690857288871028, 1.0, 0.3213613881330907], [0.0713719118674101, 0.014666763339748576, 0.4638584584153189, 0.3784649079421156, -0.20736862041281592, 0.6329906905255726, -0.5420925090083424, -0.32450199093365933, -0.19061272165469023, -0.45260585021671385, -0.42612130329949227, -0.04857362516533848, 0.03587076704811761, -0.23916319922246154, 0.26215587920331285, 0.5309269974488832, 0.3195389274738636, 0.3785618515173293, 0.3522402788624769, 0.46575434082918316, 0.44147365534367466, 0.14567111021990217, 0.5080080284608005, -0.02526407609451642, 0.39417226864991917, 0.3284818599350541, 0.6207241820491775, 0.3213613881330907, 1.0]]}, {"name": 1, "matrix": [[1.05, 0.24230684591326346, -0.4607436703685995, 0.4802817076876963, -0.008183352956854502, 0.024139503421736968, -0.19378256474006103, 0.19509944609191673, -0.04741513520298307, -0.055502470975804574, -0.12157973476174656, 0.002391859243567438, 0.03665093462576126, 0.08934975036172216, -0.11409643900382964, 0.06650112142878373, -0.19925153410265836, -0.24640311680450314, -0.5740692889723472, 0.2269430068750248, -0.09933174134793225, 0.019964614738610657, 0.22052675154137222, 0.15718785233698523, 0.36500374111043515, 0.6225142259521946, 0.3922119275603255, 0.3134957860437039, 0.06066612508729858], [0.24230684591326346, 1.03, -0.16063802257485474, 0.4227451376410958, 0.5269952462594242, -0.425464773827218, -0.17709237261576746, 0.5129863445348481, 0.6982541834992186, -0.1550239880633258, -0.04680186404813397, 0.07325103888114666, 0.6108508286197983, 0.4580377253913615, 0.0048701528152662295, -0.17805096544163526, -0.602424163947176, 0.027652682200200878, -0.20942921935507053, 0.4629023771848914, -0.680660506702626, 0.22297185061501232, -0.3076628605851317, 0.565602511032526, 0.22346428740985366, 0.39655205247124825, 0.48057799887153724, 0.5184573228542169, 0.01276008410558126], [-0.4709824185990128, -0.1752414791725688, 1.01, -0.07743468423831318, -0.05644404787232286, 0.509839038629108, 0.11965758302719885, -0.327018065203542, -0.07423601738978847, 0.17055806627665152, 0.20945593405368607, 0.2771346120113373, -0.15099853218727993, -0.14519346822074505, 0.3087262403499981, 0.20949303279983686, 0.2832221232022026, 0.5176521960943794, 0.7737496234332171, 0.05046320770201999, 0.39009599730987016, 0.16658141907368107, 0.3323267978270333, 0.040563313574353416, 0.18955802538291508, -0.06642859801122555, -0.0925337059106606, -0.29228825119443075, 0.4453041200787061], [0.5126083610897528, 0.4413273414934516, -0.07980513375581257, 0.95, 0.28072980445615586, 0.010383564622191937, -0.44912326757263715, 0.15910038657805098, 0.2965805598263583, -0.31125973735155277, -0.1160309874337886, -0.13074408000596172, 0.31865246784441537, 0.12614252308399204, 0.06196147414950339, -0.12562487255016477, -0.04057505865749387, -0.2761575677924896, -0.4486838101245729, 0.6168296622303645, -0.1448990447907264, -0.18943096112639163, 0.0912744910795584, 0.1183042409108137, 0.18100353862074087, 0.6828897781372879, 0.7849324156394314, 0.7563671989815839, 0.3822495570215368], [-0.00794266610518231, 0.4443293252775537, -0.05906935242452392, 0.2895949561758239, 0.99, -0.408302925229424, -0.0253750399762588, 0.443267212898416, 0.8400879967982948, -0.010577097000201733, 0.14076644453083553, 0.227350729455957, 0.7613081241795445, 0.3043429974631318, -0.2830650487945704, -0.19875715613016154, -0.6327626695409733, -0.23451867664363987, -0.2766432270900444, 0.3204463833535806, -0.5515222579716468, 0.262909266283874, -0.19495107817764604, 0.46424275706675505, -0.22886013500121252, 0.2982315702553702, -0.009640091115269188, 0.40920969873212637, -0.2032212480045596], [0.02161060306326928, -0.4457250011523236, 0.632903634160272, 0.013183626992221222, -0.44756282188609936, 1.02, -0.06665311602119979, -0.41421128347376407, -0.4942687651202098, 0.11068349042774243, -0.15422057814781256, 0.04855783624753847, -0.4116825973899214, -0.4082517156843704, 0.24634019133550777, 0.36514259784667186, 0.5566707097612095, 0.4053706903220713, 0.43933959543928874, 0.18699389233225086, 0.6419239343765346, 0.2833185208089961, 0.86322111461759, -0.2820747235144988, 0.41983753955608816, 0.04741098589250321, 0.16848485765252835, -0.14435528725855004, 0.5823514352835267], [-0.2129478733407264, -0.19256646342685396, 0.1312373491266052, -0.5239771455014101, -0.03098115345938575, -0.06481862658942365, 0.88, -0.07182582641264236, -0.11456282607325234, 0.581256694434404, 0.683964817076243, 0.49644217389910333, -0.2993537617048406, 0.31037637958661507, 0.01754732728683725, -0.3312173261406347, 0.06119745385289879, 0.15014135679059615, 0.07020136932325989, -0.5842576351043123, -0.03199803283970341, -0.0884079432403444, -0.23876165647139347, 0.1785796957151591, -0.03506348443234653, -0.18835623240576777, -0.6395753162317338, -0.6134206154928236, -0.5637762093686761], [0.2062479858685977, 0.5626301843285431, -0.42704712044227255, 0.16225088928256684, 0.5824325006688489, -0.4294116975461957, -0.07943091391515744, 0.99, 0.4982644847321785, 0.22779977959035047, -0.06419628458306317, -0.261227639944149, 0.5722711776164618, 0.1950476872493732, -0.27113079452537353, -0.4261169193868122, -0.41480374269789894, -0.4202634676694568, -0.5318424873142107, 0.1460791705369716, -0.526971944089421, 0.2271899744316626, -0.12342461882840153, 0.2204884946620515, -0.1845232575639397, 0.1769038759636619, 0.1830832069245179, 0.47078992575771855, -0.3309920307523325], [-0.04961028035126932, 0.6465316513881654, -0.060229221655866104, 0.3565276942593456, 0.9450989963980818, -0.48041076235983005, -0.11242146483823828, 0.5226892143759128, 0.86, -0.12306267565206654, 0.07609854613397504, 0.08894055401780036, 0.7813910853890622, 0.415181468033153, -0.3378650570524149, -0.29551404943447535, -0.6762250408172671, -0.19845712946582478, -0.2936428576246941, 0.23281534671208426, -0.5076308248313761, 0.19136627758677818, -0.4791975234417662, 0.46772885092403804, -0.10424266015021905, 0.3378635784157331, 0.06156667606827009, 0.45307821225919104, -0.21158012103670618], [-0.06251330941485357, -0.15071776617267785, 0.21871563793123547, -0.3079833190636417, -0.010690829226010352, 0.12421147259113317, 0.6726903317611641, 0.2191216927488133, -0.13731203809599005, 0.89, 0.5400149544372482, 0.296931775042211, -0.18835745133726933, 0.1430934201187115, -0.2138036479869805, -0.29469876930825545, 0.1580121273211267, 0.15463029467893555, 0.04968681196512863, -0.34875817297266787, -0.04577205268424572, 0.020460445568426678, 0.1254755205259781, 0.09090768077137336, -0.07397286938592693, -0.1092906886605653, -0.437683540383468, -0.46367047804598965, -0.457131908718881], [-0.12379027539377832, -0.04843448721260376, 0.20132172302247495, -0.14606253712253392, 0.14349977355085178, -0.1620889749920887, 0.6467928161481863, -0.06728264441878737, 0.07609854613397504, 0.5456993223786929, 0.9, 0.5750630142674014, -0.12030140244734402, 0.3583064589403178, -0.06169082958037248, -0.5313135214133712, -0.05976962394179786, 0.12700822147302418, 0.16588126500062206, -0.3463916055541472, -0.14377994125264076, -0.02194653172892669, -0.24530149284361835, 0.30018682521831996, -0.13695918191734202, -0.06843454666887774, -0.44839060277608644, -0.5570914989224429, -0.42612130329949227], [0.0020759533057377764, 0.07487883974517213, 0.3207288206423342, -0.13682520000623902, 0.2131413088649597, 0.046491545343387904, 0.5681504879067516, -0.21224745745462104, 0.07741122294141882, 0.26424203834031623, 0.7122939608539404, 0.93, 0.04254459845250972, 0.41614038443612095, 0.04585830306782253, 0.09583363736353914, -0.27043113472055325, 0.46477173747407236, 0.26831633749406913, -0.062098506314261046, 0.033819432911550616, 0.34119337901327873, 0.021515231347134227, 0.3902892667286835, 0.06744367488025137, 0.003252927546266327, -0.20409860724664608, -0.45344593496388347, -0.05051657017195202], [0.029124403407970997, 0.5845776747006672, -0.13903825241006965, 0.2723030179761367, 0.731452903623484, -0.33163320345299224, -0.3794134886724143, 0.5230435494344006, 0.6961484215284371, -0.20740483405676846, -0.1562535457074698, 0.04612730148008949, 1.13, 0.2705962654077008, -0.16038989141836943, 0.061838523391146615, -0.6714155492963993, -0.02470295236361829, -0.08857600777480104, 0.5651236906679197, -0.41805630424824963, 0.2822823191061527, -0.16186143785283982, 0.28737062198806257, -0.10701202585831654, 0.4243991277855609, 0.25278292387113566, 0.48093082039170737, 0.03515335170715526], [0.11037322103506857, 0.575210166770547, -0.1491532900813108, 0.12013573627046861, 0.3427863234584748, -0.34151826215904063, 0.32828270917815056, 0.16917401445098695, 0.47836125664689366, 0.16971545176870434, 0.30154503970224766, 0.4202605862622211, 0.308862403950204, 1.12, -0.4870439312269941, -0.30655518839089324, -0.47534140930228724, 0.10504461976777232, -0.25408853755133115, -0.04234840084020539, -0.5422733498033678, 0.07360761886038941, -0.54770051753446, 0.44977031042511195, 0.1671335064649884, 0.1663662565091713, 0.10347603381306811, -0.0074754137632156974, -0.20807198332354154], [-0.10803822100362631, 0.003913515655124648, 0.3087262403499981, 0.05700455621754312, -0.29908759872633855, 0.2633291700483014, 0.016494487649627014, -0.3035486069142769, -0.36199827541330165, -0.2065967834480935, -0.07029885231251748, 0.042741719364184104, -0.16038989141836943, -0.4557658805977376, 1.01, 0.20257872035549018, 0.29647077303340574, 0.40006703981732683, 0.38784270136401, 0.22781829506708315, 0.23712505261929492, -0.012035273114669244, 0.34751923067895, -0.14192663513540238, 0.19285414848502394, -0.04633518927550926, 0.18882728338408503, -0.17906640524912018, 0.2831283495395779], [0.06583611021449588, -0.14894648070598332, 0.24369597693042244, -0.14546037874229606, -0.1756871290793392, 0.3048763438331435, -0.36548118746552793, -0.331001535595113, -0.282380091681832, -0.2632260852073738, -0.49622677943324284, 0.08000789908332166, 0.0601047330156939, -0.3289081708777292, 0.23184009107350542, 1.12, 0.017723556732485334, 0.3880836947589451, 0.4061813589347859, 0.31852041582573254, 0.3677513448855449, 0.0501311978990317, 0.37651017408905946, -0.17758999882625404, 0.17219006593543454, 0.06178967365132067, 0.0703826972512548, -0.03407447664385115, 0.5256177274743943], [-0.2089239386707486, -0.5593938665223778, 0.3665227476734387, -0.033100705746902895, -0.6960389364950705, 0.5376932992011683, 0.06416820403993272, -0.37204047025481657, -0.6413680799503977, 0.1580121273211267, -0.05860904871962703, -0.25982599218249236, -0.5882313219499429, -0.4951473013565492, 0.26838406821971467, 0.01860096053112322, 0.95, 0.18044180563266204, 0.3408584796653529, -0.08476671841287582, 0.7503687415798903, -0.30169182072441586, 0.47145804507673905, -0.6918570700831117, 0.07382477038202662, -0.12465388741959497, 0.014050436687378029, -0.2481103804966399, 0.2843896454517386], [-0.24923533653788824, 0.03168536502106351, 0.6000059545639398, -0.30317298203305926, -0.28781837588083076, 0.5279246199543255, 0.19279515133337913, -0.3644762816956351, -0.22583052663352474, 0.1563874571184689, 0.13208855033194516, 0.4340792642446525, -0.023442597651188786, 0.1147038951487169, 0.3376712629650832, 0.36676041482713495, 0.15591573496414488, 1.06, 0.7412201305371792, 0.14171617020753197, 0.3132665799538145, 0.3155757079077215, 0.19377353849526807, -0.0226126159022339, 0.3094472551775751, -0.13413398439848723, 0.022851635034362747, -0.4180239364785498, 0.39748994409319577], [-0.44198254991676295, -0.25178569068530954, 0.6424885266007963, -0.4242101477541417, -0.3073813634333827, 0.4741387713156681, 0.06594674087942595, -0.42359136157768995, -0.29945756767666826, 0.056238919037453275, 0.15266948283243092, 0.28673020379268177, -0.09219135503091538, -0.2181113994909657, 0.5201655053587899, 0.4098079782109893, 0.3227277094703873, 0.8121880153758454, 0.98, 0.0679041078509045, 0.39452229761346125, 0.2944907872483014, 0.18911404283153002, -0.12853949701215447, 0.08139132035061761, -0.32989571779755933, -0.19545793940252384, -0.6231477052506791, 0.36632989001697597], [0.19134410383580522, 0.4924493374307356, 0.0647993462537302, 0.5760956279321329, 0.29077542193195277, 0.17479863848449537, -0.47802897417625545, 0.14461837883160186, 0.2428289100115287, -0.36813362702670493, -0.3658518081133689, -0.06340584328929812, 0.6181040366680371, -0.039586548611496346, 0.2807992939198932, 0.36402333237226575, -0.0933386337579981, 0.17993176666799002, 0.06573695547268416, 0.92, 0.018763354868445718, 0.2616094965391554, 0.2384671014344937, -0.006746939078078579, 0.3085997441705652, 0.5240460533310934, 0.6277288377160627, 0.48655105966009676, 0.5169873183203934], [-0.09393327714424028, -0.7210957843285246, 0.37564799740950455, -0.16515374997652688, -0.5117729060457623, 0.7098923509575794, -0.03001585381423506, -0.4818029203103278, -0.5646097949655102, -0.040634373301320185, -0.13659094419000872, 0.031957812751281775, -0.35086868392263804, -0.4970839039864205, 0.22583338344694753, 0.3925038392528412, 0.7139430745129054, 0.33347732704760896, 0.37808386854623377, 0.015010683894756575, 0.96, -0.00027210255351071163, 0.49987889487894094, -0.7943366092279268, 0.04108404162697529, -0.08196551788690622, -0.06721993726426646, -0.22978047645883035, 0.4900357574314789], [0.024143255032738467, 0.22524707358047164, 0.14555657977311937, -0.1593344532838808, 0.23396512687647503, 0.25856253355384107, -0.0884079432403444, 0.24293581424375807, 0.21728046100998774, 0.018649786668565912, -0.020715885089921456, 0.36166498175407547, 0.26387260264270795, 0.08317660931224002, -0.012625237483035383, 0.045489420315788016, -0.2959995222201816, 0.3097853279461119, 0.25315874693275037, 0.2846926874102574, -0.00028584510671832337, 1.05, 0.38477152758308014, 0.2544497958975842, 0.16362258572257418, -0.19851062059911445, 0.09874445827204593, -0.04941060889359628, 0.16315164344629046], [0.24906550762319685, -0.37866198225862363, 0.32886506034966834, 0.08541282651481612, -0.23164775171696766, 0.7932302134323799, -0.2668512631150868, -0.11120435953846078, -0.5068435344095604, 0.12045649970493898, -0.19486567188511736, 0.02313465736250992, -0.1549737170931445, -0.6908495164355122, 0.30247044151686386, 0.4429531459871288, 0.3639325260241495, 0.20365994352053687, 0.23529305329039202, 0.2920552141164024, 0.6178278476031855, 0.381305117424674, 0.9, -0.1980183860141634, 0.247004815490622, 0.12677536836037206, 0.16879195953944812, 0.03606848023445433, 0.5740490721607046], [0.1696914315001545, 0.5007938899767158, 0.042169781438684245, 0.12848094980636754, 0.525461582174459, -0.27587527904165265, 0.16355897364565972, 0.22827044153247686, 0.5085983621698278, 0.09345649425094459, 0.3435471444165218, 0.3387416277267819, 0.24426502868985317, 0.4408639676444167, -0.1405619559514081, -0.15999098993356217, -0.5709500092918882, -0.019835627984415703, -0.1327310023495073, -0.005336215452662148, -0.6808599507667943, 0.293170417012434, -0.17760411941476512, 1.13, 0.18515989798285792, 0.24121462600796553, 0.07142498491589509, 0.032215777462329974, -0.027285202182077733], [0.4395743978964381, 0.20706323879261668, 0.20104639055763723, 0.23993492328795882, -0.1839436599075166, 0.3647073575941776, -0.035757810856749436, -0.1804227407291855, -0.10764187732903052, -0.0754825197815581, -0.128902759451616, 0.06678246238142536, -0.10579598010992657, 0.17611917885557915, 0.18446918550741417, 0.155945720092469, 0.07052902170425757, 0.3272999814378198, 0.07882106812901916, 0.39018358458347324, 0.03837520371750439, 0.14726032715031676, 0.25708664469432085, 0.15730398412702976, 1.1, 0.5093374653451873, 0.4693079861517234, 0.031332078624131114, 0.4493563862609078], [0.5502581104398863, 0.39655205247124825, -0.07542413732524568, 0.6476892741095928, 0.36049970030868933, 0.04441660783613459, -0.16662282097433304, 0.20382403100161045, 0.3378635784157331, -0.09224535189699089, -0.08241579813886353, 0.003287168888858604, 0.3582084381309321, 0.16969358163935475, -0.050790495936615915, 0.07401180690103246, -0.1259389790424774, -0.12608594533457798, -0.4068713852836565, 0.5950106230530124, -0.07131000056160841, -0.253272171109215, 0.1281098459220602, 0.22513365094076782, 0.533138281482813, 1.04, 0.5268179247138736, 0.5761584018499013, 0.33505149713375515], [0.4226749898951081, 0.5281599789578281, -0.08363623418848168, 0.685031926376231, -0.007912150254985088, 0.1444155922735957, -0.505845931928735, 0.1733447384710861, 0.0663025742273678, -0.4923939829314016, -0.4444225443444398, -0.1827168483922355, 0.2939336324082973, 0.12346572216331991, 0.17200108981520618, 0.07502331465243645, 0.016472925771408724, 0.019351835074145025, -0.16552293967420936, 0.4863484688610936, -0.07112807315172383, 0.11135013379613691, 0.20103312035035392, 0.06348887548079563, 0.387502006914267, 0.4431178806004544, 0.94, 0.6770401430936075, 0.6207241820491775], [0.2955817411269208, 0.4016876555447085, -0.303979781242208, 0.8290948142682746, 0.3940537839642698, -0.15721862968752975, -0.7262336022501245, 0.42123309146743243, 0.4620500580465018, -0.44566385753934923, -0.6177648304882536, -0.4288021341506289, 0.564570963068526, -0.007334368220513514, -0.17296186870653654, -0.0418523463125563, -0.25040769883457176, -0.47196250892739494, -0.5945629481290883, 0.5900725617154364, -0.20159985198746436, -0.05622586529271301, 0.03505721443348832, 0.035343522847022205, 0.03626072020545511, 0.5481895473911682, 0.690857288871028, 0.92, 0.33742945753974524], [0.062093563324646786, 0.015693436773530977, 0.40355685882132747, 0.4049574514980637, -0.18455807216740616, 0.6836299457676184, -0.6071436100893435, -0.27582669229361045, -0.1791759583554088, -0.42997555770587814, -0.40481523813451764, -0.043716262648804634, 0.03120756733186232, -0.21524687930021538, 0.2778852319555116, 0.504380647576439, 0.2907804240012159, 0.3823474700325026, 0.3522402788624769, 0.4005487331130975, 0.4326441822368012, 0.16169493234409144, 0.5181681890300165, -0.025516716855461582, 0.43753121820141033, 0.36461486452791003, 0.6021024565877021, 0.2827980215571198, 0.97]]}, {"name": 2, "matrix": [[0.98, 0.301142920155103, -0.4326838515228851, 0.4961943095626189, 0.033949364907303055, 0.07496518307807754, -0.18421649521509642, 0.14324668133484708, -0.011681590721012356, -0.042122405558874934, -0.0802706548215627, 0.041103574886158734, 0.045010153709146516, 0.15242201793458093, -0.03652049736773813, 0.08362556136417808, -0.11245059916996443, -0.237501631983714, -0.34947615235645785, 0.21634238714655296, -0.0642222530031994, 0.09245703372316932, 0.22634564698287798, 0.19677060225757473, 0.3246411648087516, 0.6361904095791309, 0.34385353543018743, 0.3349685447774974, 0.1197888235258288], [0.3171611605888851, 0.97, -0.18627329021671463, 0.5352393137409089, 0.5576949909937492, -0.33826311302421763, -0.11409092802226237, 0.5500197100675113, 0.6251980394269216, -0.08602390093827249, -0.043781739626094926, 0.09876872961612754, 0.527966155466407, 0.5008981794800675, -0.0017896887725764434, -0.13486869564666087, -0.5204143469184245, -0.005626512237900495, -0.1329392591179014, 0.38366290091381783, -0.5006529163311777, 0.25615642384257253, -0.37096422810385576, 0.5942618577232666, 0.17528920756778668, 0.4397862474653787, 0.5026839615062215, 0.4935634139685048, 0.05440540174963585], [-0.47012764636621157, -0.18062864505863235, 1.13, -0.11623335290927214, -0.01842949079705586, 0.5647446442800234, 0.12976736786855755, -0.3698918042571142, -0.1121712597707943, 0.13715442654118717, 0.2176481707773171, 0.361226664513814, -0.10205166826883062, -0.08050037483603649, 0.3867471432741302, 0.20336128381838287, 0.31944324320531353, 0.5474866909731229, 0.5572200852567478, 0.14250452082702605, 0.2401907929022908, 0.21442391000689326, 0.34178058519389015, -0.03190970439221271, 0.21252530635529304, -0.05089780756825419, -0.1006101392466379, -0.26144840327958135, 0.44110021279696554], [0.4175892704239862, 0.5503875962052743, -0.09443959923878362, 0.85, 0.2747512817666984, -0.004704175272343194, -0.3573881244127701, 0.12318007808629863, 0.32339622418426217, -0.28046650272799717, -0.13746899076786806, -0.10776490433980808, 0.25884009016175874, 0.09892495549362984, 0.0725325113783587, -0.08903912497721661, 0.05610339301177439, -0.29940196803544894, -0.2753265666984708, 0.45388967545179504, -0.041865659302056185, -0.15922573954707717, 0.055966914576407435, 0.18181117481282885, 0.15876620953927398, 0.6088654502757042, 0.7891822873530546, 0.7171441436645267, 0.39257724594915333], [0.03798295281708163, 0.46223368622905336, -0.020886756236663303, 0.32202031949000137, 0.99, -0.25468955008011324, 0.0643580255963114, 0.4885283600222438, 0.9292859077224745, 0.0634984605654687, 0.1899840898205747, 0.3105944309688419, 0.8090472132086362, 0.3950009735387789, -0.15881890871957266, -0.22014523166777786, -0.5495160324599049, -0.1618171212262379, -0.17231808996266518, 0.33502696170288826, -0.3723579954829945, 0.24638123736093284, -0.1325824885436015, 0.4520542107163067, -0.21442939287158083, 0.3744749106981754, 0.025560718283493017, 0.41512471460116995, -0.1059519603689209], [0.058609143133769706, -0.4163238314144217, 0.5710195847720236, -0.006087756234797076, -0.30099674100377016, 1.1, -0.02979298922443912, -0.324591850150311, -0.3913819094562138, 0.12234995813760836, -0.06514447194638719, 0.0987931850757742, -0.3550872076112253, -0.3146885016183978, 0.3040705692401455, 0.2646388315226184, 0.5776906696669052, 0.5356487197995778, 0.3430509750506057, 0.30097511550669637, 0.5520999624508837, 0.38940908764923765, 0.7170943043206713, -0.3518333706875677, 0.3948357948023138, 0.06332180779953991, 0.13312504411914172, -0.14067662307103299, 0.6044350460033225], [-0.143460633441845, -0.11632800504230673, 0.11007053524565148, -0.3756222123930135, 0.06715620062223798, -0.02302185530979386, 1.14, -0.05926261324267415, -0.00439660903748544, 0.6484685341917135, 0.778207797731214, 0.5610322992766494, -0.25546783357902564, 0.30439603909498636, 0.07099008359625228, -0.3591947166714764, 0.1142396270624199, 0.1802022904811431, 0.18240052144981247, -0.46599348546979313, 0.0547760917284662, -0.060964883714742485, -0.140240192725691, 0.24148143839025052, -0.0418881863117158, -0.10733041460460611, -0.39050474056824885, -0.6591100007038286, -0.4313088712582457], [0.1685255074527613, 0.47525974947581073, -0.38717646800744665, 0.1080968032185886, 0.4436635106324459, -0.3211750938329393, -0.06439110861944403, 1.07, 0.5343117777666626, 0.2294528439827642, 0.009982723477375655, -0.1558352742858981, 0.5864614509187616, 0.22000294549814237, -0.2607907119499582, -0.29444186542497824, -0.439767583591534, -0.3507380011284323, -0.3075702199147771, 0.09488912198716525, -0.41416654411965764, 0.2005454385115109, -0.12586962790279133, 0.26931782683162253, -0.17437445332120133, 0.24392014495963116, 0.16543983460184103, 0.49506809688079345, -0.22189327658910027], [-0.012189485969752023, 0.6317105190042854, -0.09551216178503276, 0.32339622418426217, 0.7246724968478012, -0.4174740367532947, -0.0049894102560228025, 0.5390824186395792, 0.89, -0.03629385962282215, 0.10363734049980791, 0.13447297202465905, 0.741130714161141, 0.42258028769925593, -0.2839948424769558, -0.32089757731423185, -0.4987644371114876, -0.2503510378027837, -0.16890664100851993, 0.20031061234127892, -0.3233183634099502, 0.1735541855804945, -0.3843751330428373, 0.5197325073933626, -0.13761382245871773, 0.33172687475