{"stateborders": [6, 17, 28, 39, 51, 63], "times": [{"name": 0, "matrix": [[1.0, 0.19069452743337298, -0.017669906706335513, 0.30657467112848746, 0.055951241828297575, 0.14132264403520847, -0.12280711400753483, -0.21046531420802406, -0.05600985519298782, -0.09888978540869114, -0.39156755386716263, -0.19125490756082505, 0.1988816593981547, -0.04115503923333785, -0.07398287645015018, -0.19611752519538317, 0.17330196399408082, 0.005768670903624906, 0.3230901966723168, 0.29726934539927824, 0.2408104260620775, 0.09110432195034689, -0.42486537409522074, 0.025756461789899526, -0.06522946219538553, 0.3115099636111066, 0.1732373445568407, 0.3297221144320485, -0.02819556192589358], [0.19069452743337298, 1.0, 0.10040939620178158, 0.4619223317248863, -0.06833312183106925, 0.6542222368173634, -0.1914358981371197, 0.128040995253872, 0.38914334969368725, -0.11208963778909482, -0.20707093526509635, -0.25880818311188214, 0.08090837677851224, -0.2582539338693283, 0.09125093701521929, 0.050634889204272504, -0.3340272055870627, -0.03887744784291758, 0.16068333386589354, 0.06277765358383666, -0.42833474557154144, 0.45078646495605507, 0.1596157277749938, 0.48797023698584524, 0.2047476790574005, 0.0786411298954038, 0.20564731496796443, -0.10623634986941151, 0.11785840086864068], [-0.017669906706335513, 0.10040939620178158, 1.0, 0.5329790381144299, 0.19198697934390588, 0.5630947705674034, 0.4903395469478203, 0.06749085173316327, 0.10662643123193268, 0.472629516341695, 0.43337779845628155, 0.43822397768531296, 0.09327077201582651, -0.2588778262714672, 0.665516927706711, 0.39386724007280277, 0.522768678903941, 0.6887373517652878, 0.63666787268553, 0.03999118799922691, 0.23945645758953538, 0.6087434343855954, 0.33099453947168506, -0.3999489998603005, 0.3722760114697867, 0.1813139776803997, -0.14276160261278986, -0.15463442274981537, 0.023215946574604254], [0.30657467112848746, 0.4619223317248863, 0.5329790381144299, 1.0, -0.06963678258733066, 0.6373906144238423, 0.06018035834069964, 0.35891888301115343, 0.271504733394635, 0.3611304072812388, -0.017599725818965246, -0.3676130736895637, -0.06424464266629772, -0.4232510121601384, 0.2509145396319315, 0.329743084867143, 0.1765745576991493, 0.16366623493318824, 0.3643950786305421, 0.21138375609203633, -0.02354532014537483, 0.48386968656640433, 0.3351214800367245, 0.21994782789974052, 0.40989044285572995, 0.235472908000918, 0.009166220424690456, -0.11348791315836039, -0.16080193841501136], [0.055951241828297575, -0.06833312183106925, 0.19198697934390588, -0.06963678258733066, 1.0, -0.08670603198186394, -0.09365420571344596, -0.18875715220808162, -0.22841313527726245, -0.05316452293250364, -0.3209396435655305, 0.08919837546988704, -0.14403941176290427, 0.027102318497575304, -0.23549536115939965, -0.4074122359642986, 0.2852649593658387, 0.1598708319183823, 0.22405401283005494, 0.27487153820402666, 0.28675704975035005, 0.046110503014782526, -0.2901246570413385, 0.05780302830481229, -0.0417695988581765, 0.3303897692911905, 0.2925577452755321, 0.16839378879479364, 0.2787341242703158], [0.14132264403520847, 0.6542222368173634, 0.5630947705674034, 0.6373906144238423, -0.08670603198186394, 1.0, 0.07235033255218284, 0.1018609937183314, 0.5565073351676625, 0.2562974821473563, 0.09711499668262405, 0.0669765905791393, 0.11774615759525223, -0.2700069994155747, 0.6214344815048467, 0.3336514470806171, 0.002233758616554633, 0.2677972711062261, 0.5902475679729104, 0.0847183894213544, -0.16232264249082093, 0.6403023676016841, 0.4670127922833663, 0.22643829319869424, 0.2784847954138291, 0.15129261592021653, 0.13219631101691098, -0.07977255075605698, 0.15505346765721054], [-0.12280711400753483, -0.1914358981371197, 0.4903395469478203, 0.06018035834069964, -0.09365420571344596, 0.07235033255218284, 1.0, 0.32902657238645905, 0.14878139735249044, 0.35355971317686113, 0.8147526468012534, 0.5464234027001026, 0.2262333499827197, 0.014424702249378698, 0.5660398113938054, 0.25700067732036885, 0.47904172806696527, 0.5790239348023987, 0.4267462928651741, 0.044698442674167706, 0.1852473640408633, 0.004034448077038576, 0.30812208553073683, -0.5235156316450981, 0.25123653357925907, -0.06443997023147569, -0.488288952155449, -0.3322455392296587, -0.18602270632645596], [-0.21046531420802406, 0.128040995253872, 0.06749085173316327, 0.35891888301115343, -0.18875715220808162, 0.1018609937183314, 0.32902657238645905, 1.0, 0.33956612768433847, 0.1536100395756242, 0.43058572376059157, -0.2285504694851918, -0.016151026304805572, -0.32772679565414425, 0.15386791647900722, 0.41301901298627014, -0.10420229248095636, 0.10603064505258701, -0.060802029908297174, 0.3343018545342636, -0.41865661154867995, 0.01910801835236752, 0.5405064628206041, 0.19459305535791893, 0.15087382428297574, 0.13657413792915124, -0.4857786746784381, -0.4169023177709215, -0.5493900274784431], [-0.05600985519298782, 0.38914334969368725, 0.10662643123193268, 0.271504733394635, -0.22841313527726245, 0.5565073351676625, 0.14878139735249044, 0.33956612768433847, 1.0, 0.005506152387525907, 0.2762570934053348, -0.08354380926092486, 0.3137929557027742, -0.3944508219265014, 0.2752114967807989, 0.2252793314754462, -0.4045217634000414, -0.19069567057461373, 0.07766501985025469, 0.10124350687730412, -0.6284083461460755, 0.16197378718120034, 0.4921734811512781, 0.5247859759405975, -0.005941133827961302, 0.08970917767183542, -0.0050572374263876995, -0.1943847026288526, -0.13476131387057597], [-0.09888978540869114, -0.11208963778909482, 0.472629516341695, 0.3611304072812388, -0.05316452293250364, 0.2562974821473563, 0.35355971317686113, 0.1536100395756242, 0.005506152387525907, 1.0, 0.3465782619798033, 0.11763474630078266, -0.0441301229665205, -0.31849692661456547, 0.5179563978042303, 0.5269066165831342, 0.6088070939213369, 0.27660815760778246, 0.3687569919625083, 0.28262524305522624, 0.47508772968758317, 0.3709702500135006, 0.6358281457836001, -0.2404896603492412, 0.701233250775064, -0.06010395391503954, -0.12545804389990745, 0.3218667609556591, 0.060533960156298486], [-0.39156755386716263, -0.20707093526509635, 0.43337779845628155, -0.017599725818965246, -0.3209396435655305, 0.09711499668262405, 0.8147526468012534, 0.43058572376059157, 0.2762570934053348, 0.3465782619798033, 1.0, 0.5131865292619603, 0.10500367110833346, 0.035738913952537955, 0.6283451314645782, 0.6198861747323562, 0.22184455687021612, 0.37687102790508176, 0.15978204760261774, -0.07907264083196323, -0.026426969699814125, 0.06003365141165685, 0.4206756982126799, -0.45295913192402654, 0.13966000348384183, -0.005167512678825366, -0.5706236797694755, -0.38769670854662835, -0.3133110442268461], [-0.19125490756082505, -0.25880818311188214, 0.43822397768531296, -0.3676130736895637, 0.08919837546988704, 0.0669765905791393, 0.5464234027001026, -0.2285504694851918, -0.08354380926092486, 0.11763474630078266, 0.5131865292619603, 1.0, 0.3943552775897653, 0.34394359739966757, 0.5940876177560014, 0.16803312845044915, 0.3346064501935024, 0.5945253926420584, 0.4198235626475827, -0.11624904914606235, 0.3227469089548972, 0.07022734245900551, 0.05105128853052132, -0.6836717560335263, -0.06663910872764882, -0.13128964065209958, -0.07350809710312324, -0.1834229389336568, 0.30605291564463705], [0.1988816593981547, 0.08090837677851224, 0.09327077201582651, -0.06424464266629772, -0.14403941176290427, 0.11774615759525223, 0.2262333499827197, -0.016151026304805572, 0.3137929557027742, -0.0441301229665205, 0.10500367110833346, 0.3943552775897653, 1.0, 0.02128696813401422, 0.12107354079165107, 0.02866600707719483, -0.040084304844683394, 0.1623818685462374, 0.20727745663777852, 0.008120599715451258, -0.15061688178818664, 0.0462697093968864, 0.0390576320857136, -0.0736407518380352, 0.10594757216219138, -0.3933597379503896, 0.14192500913707948, 0.04894037498440201, 0.1934597293227724], [-0.04115503923333785, -0.2582539338693283, -0.2588778262714672, -0.4232510121601384, 0.027102318497575304, -0.2700069994155747, 0.014424702249378698, -0.32772679565414425, -0.3944508219265014, -0.31849692661456547, 0.035738913952537955, 0.34394359739966757, 0.02128696813401422, 1.0, -0.1468429435075499, -0.06676436717555616, -0.13598363518615936, -0.06684590638767864, -0.04105973829104144, -0.5040452765774135, 0.2197572770966175, -0.3166547824531033, -0.5748634066157653, -0.36361048612437086, -0.4961154889947782, -0.040231943104963364, 0.038318838581467375, -0.17575121679013136, 0.2343452252043027], [-0.07398287645015018, 0.09125093701521929, 0.665516927706711, 0.2509145396319315, -0.23549536115939965, 0.6214344815048467, 0.5660398113938054, 0.15386791647900722, 0.2752114967807989, 0.5179563978042303, 0.6283451314645782, 0.5940876177560014, 0.12107354079165107, -0.1468429435075499, 1.0, 0.6173507928006156, 0.4438030165097527, 0.6535400332423975, 0.5665894853866551, 0.1716673242541261, 0.22043187934315153, 0.41291949946660744, 0.583809125803969, -0.3973863265174276, 0.37072767894974906, 0.12759597908236187, -0.35608400656301603, -0.1954576119148859, -0.08645671735897745], [-0.19611752519538317, 0.050634889204272504, 0.39386724007280277, 0.329743084867143, -0.4074122359642986, 0.3336514470806171, 0.25700067732036885, 0.41301901298627014, 0.2252793314754462, 0.5269066165831342, 0.6198861747323562, 0.16803312845044915, 0.02866600707719483, -0.06676436717555616, 0.6173507928006156, 1.0, 0.1346525748734823, 0.2591172155046908, -0.030402550490031925, 0.1305170002768977, -0.025981278063067905, 0.35695709336058495, 0.49947207180353087, -0.161976479019256, 0.33585769704032337, 0.25991259162269614, -0.47458650318026174, -0.1934905535181792, -0.4304771750607711], [0.17330196399408082, -0.3340272055870627, 0.522768678903941, 0.1765745576991493, 0.2852649593658387, 0.002233758616554633, 0.47904172806696527, -0.10420229248095636, -0.4045217634000414, 0.6088070939213369, 0.22184455687021612, 0.3346064501935024, -0.040084304844683394, -0.13598363518615936, 0.4438030165097527, 0.1346525748734823, 1.0, 0.5784993128741329, 0.5374638580071045, 0.38821217311595696, 0.8464416220851051, 0.07548141619321713, 0.1053929209260203, -0.5155418893552428, 0.5689916683140324, 0.09012852080136417, -0.15969629834687596, 0.2944963027112286, 0.008362078658443729], [0.005768670903624906, -0.03887744784291758, 0.6887373517652878, 0.16366623493318824, 0.1598708319183823, 0.2677972711062261, 0.5790239348023987, 0.10603064505258701, -0.19069567057461373, 0.27660815760778246, 0.37687102790508176, 0.5945253926420584, 0.1623818685462374, -0.06684590638767864, 0.6535400332423975, 0.2591172155046908, 0.5784993128741329, 1.0, 0.46089616322178123, 0.21593482008646056, 0.31201581352317687, 0.37074962307488946, 0.24856522005875542, -0.6074575897329022, 0.38009454793151154, 0.15843602069159773, -0.37724266738191387, -0.24865866094416197, -0.12486000781304722], [0.3230901966723168, 0.16068333386589354, 0.63666787268553, 0.3643950786305421, 0.22405401283005494, 0.5902475679729104, 0.4267462928651741, -0.060802029908297174, 0.07766501985025469, 0.3687569919625083, 0.15978204760261774, 0.4198235626475827, 0.20727745663777852, -0.04105973829104144, 0.5665894853866551, -0.030402550490031925, 0.5374638580071045, 0.46089616322178123, 1.0, 0.15210033212853372, 0.4328122224405162, 0.39159116853179354, 0.18441766497744572, -0.28827866341889524, 0.23108793464434768, -0.016315031008249867, 0.184772720422144, 0.1534414891383929, 0.4077849817260451], [0.29726934539927824, 0.06277765358383666, 0.03999118799922691, 0.21138375609203633, 0.27487153820402666, 0.0847183894213544, 0.044698442674167706, 0.3343018545342636, 0.10124350687730412, 0.28262524305522624, -0.07907264083196323, -0.11624904914606235, 0.008120599715451258, -0.5040452765774135, 0.1716673242541261, 0.1305170002768977, 0.38821217311595696, 0.21593482008646056, 0.15210033212853372, 1.0, 0.16320243991711347, 0.17149680354764385, 0.3291908352653813, 0.2922595268844623, 0.3886541009444187, 0.39991925132140466, -0.02688718422499002, 0.2899432274694887, -0.24818465135314258], [0.2408104260620775, -0.42833474557154144, 0.23945645758953538, -0.02354532014537483, 0.28675704975035005, -0.16232264249082093, 0.1852473640408633, -0.41865661154867995, -0.6284083461460755, 0.47508772968758317, -0.026426969699814125, 0.3227469089548972, -0.15061688178818664, 0.2197572770966175, 0.22043187934315153, -0.025981278063067905, 0.8464416220851051, 0.31201581352317687, 0.4328122224405162, 0.16320243991711347, 1.0, -0.10909609667944077, -0.19377591831419047, -0.5720832264330237, 0.2925635935836111, 0.03408782197950292, 0.11886687518205642, 0.4373857147571726, 0.29664425630983665], [0.09110432195034689, 0.45078646495605507, 0.6087434343855954, 0.48386968656640433, 0.046110503014782526, 0.6403023676016841, 0.004034448077038576, 0.01910801835236752, 0.16197378718120034, 0.3709702500135006, 0.06003365141165685, 0.07022734245900551, 0.0462697093968864, -0.3166547824531033, 0.41291949946660744, 0.35695709336058495, 0.07548141619321713, 0.37074962307488946, 0.39159116853179354, 0.17149680354764385, -0.10909609667944077, 1.0, 0.3855891000145545, 0.016245291671145284, 0.423815220100178, 0.06337251365176831, 0.005285790382667754, 0.015427461794665157, 0.07976638364302903], [-0.42486537409522074, 0.1596157277749938, 0.33099453947168506, 0.3351214800367245, -0.2901246570413385, 0.4670127922833663, 0.30812208553073683, 0.5405064628206041, 0.4921734811512781, 0.6358281457836001, 0.4206756982126799, 0.05105128853052132, 0.0390576320857136, -0.5748634066157653, 0.583809125803969, 0.49947207180353087, 0.1053929209260203, 0.24856522005875542, 0.18441766497744572, 0.3291908352653813, -0.19377591831419047, 0.3855891000145545, 1.0, 0.13604707502925595, 0.5556285053206514, -0.1460541582018445, -0.22453512720256524, -0.09794279588645517, -0.11462409133731964], [0.025756461789899526, 0.48797023698584524, -0.3999489998603005, 0.21994782789974052, 0.05780302830481229, 0.22643829319869424, -0.5235156316450981, 0.19459305535791893, 0.5247859759405975, -0.2404896603492412, -0.45295913192402654, -0.6836717560335263, -0.0736407518380352, -0.36361048612437086, -0.3973863265174276, -0.161976479019256, -0.5155418893552428, -0.6074575897329022, -0.28827866341889524, 0.2922595268844623, -0.5720832264330237, 0.016245291671145284, 0.13604707502925595, 1.0, -0.042401402822672025, 0.13457594037757536, 0.3201964196217973, 0.1289981212404882, -0.07301218765798073], [-0.06522946219538553, 0.2047476790574005, 0.3722760114697867, 0.40989044285572995, -0.0417695988581765, 0.2784847954138291, 0.25123653357925907, 0.15087382428297574, -0.005941133827961302, 0.701233250775064, 0.13966000348384183, -0.06663910872764882, 0.10594757216219138, -0.4961154889947782, 0.37072767894974906, 0.33585769704032337, 0.5689916683140324, 0.38009454793151154, 0.23108793464434768, 0.3886541009444187, 0.2925635935836111, 0.423815220100178, 0.5556285053206514, -0.042401402822672025, 1.0, -0.2063735253445388, -0.1812405821609325, 0.21445581106978637, -0.06854484655145882], [0.3115099636111066, 0.0786411298954038, 0.1813139776803997, 0.235472908000918, 0.3303897692911905, 0.15129261592021653, -0.06443997023147569, 0.13657413792915124, 0.08970917767183542, -0.06010395391503954, -0.005167512678825366, -0.13128964065209958, -0.3933597379503896, -0.040231943104963364, 0.12759597908236187, 0.25991259162269614, 0.09012852080136417, 0.15843602069159773, -0.016315031008249867, 0.39991925132140466, 0.03408782197950292, 0.06337251365176831, -0.1460541582018445, 0.13457594037757536, -0.2063735253445388, 1.0, -0.20978322995200338, -0.05790429644670867, -0.4680467130801152], [0.1732373445568407, 0.20564731496796443, -0.14276160261278986, 0.009166220424690456, 0.2925577452755321, 0.13219631101691098, -0.488288952155449, -0.4857786746784381, -0.0050572374263876995, -0.12545804389990745, -0.5706236797694755, -0.07350809710312324, 0.14192500913707948, 0.038318838581467375, -0.35608400656301603, -0.47458650318026174, -0.15969629834687596, -0.37724266738191387, 0.184772720422144, -0.02688718422499002, 0.11886687518205642, 0.005285790382667754, -0.22453512720256524, 0.3201964196217973, -0.1812405821609325, -0.20978322995200338, 1.0, 0.5667160494223831, 0.82914922278943], [0.3297221144320485, -0.10623634986941151, -0.15463442274981537, -0.11348791315836039, 0.16839378879479364, -0.07977255075605698, -0.3322455392296587, -0.4169023177709215, -0.1943847026288526, 0.3218667609556591, -0.38769670854662835, -0.1834229389336568, 0.04894037498440201, -0.17575121679013136, -0.1954576119148859, -0.1934905535181792, 0.2944963027112286, -0.24865866094416197, 0.1534414891383929, 0.2899432274694887, 0.4373857147571726, 0.015427461794665157, -0.09794279588645517, 0.1289981212404882, 0.21445581106978637, -0.05790429644670867, 0.5667160494223831, 1.0, 0.4161997282478727], [-0.02819556192589358, 0.11785840086864068, 0.023215946574604254, -0.16080193841501136, 0.2787341242703158, 0.15505346765721054, -0.18602270632645596, -0.5493900274784431, -0.13476131387057597, 0.060533960156298486, -0.3133110442268461, 0.30605291564463705, 0.1934597293227724, 0.2343452252043027, -0.08645671735897745, -0.4304771750607711, 0.008362078658443729, -0.12486000781304722, 0.4077849817260451, -0.24818465135314258, 0.29664425630983665, 0.07976638364302903, -0.11462409133731964, -0.07301218765798073, -0.06854484655145882, -0.4680467130801152, 0.82914922278943, 0.4161997282478727, 1.0]]}, {"name": 1, "matrix": [[1.12, 0.19450841798204044, -0.01696311043808209, 0.3402978849526211, 0.048118067972335914, 0.13143005895274387, -0.109298331466706, -0.22309323306050552, -0.053209362433338424, -0.09295639828416967, -0.36024214955778966, -0.16256667142670128, 0.2028592925861178, -0.04691674472600515, -0.06954390386314117, -0.18827282418756783, 0.17850102291390324, 0.005595610776516159, 0.3586301183062717, 0.28240587812931434, 0.21913748771649053, 0.08108284653580873, -0.4546059502818862, 0.02498376793620254, -0.055445042866077696, 0.3520062588805504, 0.18709633212138796, 0.29345268184452317, -0.028759473164411454], [0.16590423886703448, 1.01, 0.10944624185994192, 0.4434454384558908, -0.07789975888741894, 0.5953422355038007, -0.17420666730477893, 0.12932140520641072, 0.4241662511661191, -0.10984784503331292, -0.18222242303328479, -0.25622010128076333, 0.07362662286844615, -0.2298460011437022, 0.09763850260628465, 0.05164758698835795, -0.28392312474900333, -0.035378477537054996, 0.13979450046332736, 0.06152210051215993, -0.39406796592581816, 0.45980219425517616, 0.13567336860874474, 0.507489046465279, 0.19451029510453047, 0.07077701690586342, 0.2262120464647609, -0.10198689587463504, 0.10960831280783584], [-0.015902916035701962, 0.11145442978397756, 0.88, 0.5276492477332856, 0.1727882814095153, 0.495523398099315, 0.4462089877225165, 0.05804213249052041, 0.0916987308594621, 0.4064613840538577, 0.43337779845628155, 0.4338417379084598, 0.08394369481424387, -0.24334515669517917, 0.7453789590315164, 0.38992856767207473, 0.4548087506464286, 0.6060888695534533, 0.6748679450466619, 0.03719180483928103, 0.22269450555826792, 0.5600439596347478, 0.3475442664452693, -0.3999489998603005, 0.3201573698640166, 0.1740614185731837, -0.12277497824699928, -0.1329856035648412, 0.020430032985651745], [0.2820486974382085, 0.4249685451868954, 0.45303218239726545, 1.02, -0.06476220780621753, 0.541782022260266, 0.055967733256850664, 0.3983999601423803, 0.30680034873593753, 0.3286286706259273, -0.01847971210991351, -0.31247111263612914, -0.07002666050626452, -0.474041133619355, 0.2358596672540156, 0.34952766995917156, 0.20129499577703017, 0.1407529620425419, 0.35346322627162585, 0.2304082941403196, -0.02330986694392108, 0.4209666273127718, 0.32506783563562275, 0.2111499147837509, 0.36070358971304234, 0.22840872076089044, 0.008524584994962125, -0.11121815489519318, -0.14632976395766034], [0.052034654900316744, -0.07106644670431203, 0.18622736996358868, -0.07102951823907729, 1.12, -0.07543424782422163, -0.08054261691356353, -0.16044357937686937, -0.2512544488049887, -0.05954426568440409, -0.33698662574380706, 0.08919837546988704, -0.14547980588053333, 0.026018225757672292, -0.25668994366374565, -0.3951898688853696, 0.30523350652144743, 0.17745662342940438, 0.2307756332149566, 0.2391382382375032, 0.30683004323287455, 0.04703271307507818, -0.2698159310484448, 0.06531742198443788, -0.043022686823921796, 0.29735079236207146, 0.24867408348420225, 0.14650259625147047, 0.25364805308598737], [0.15828136131943352, 0.6934755710264052, 0.5912495090957737, 0.7202513942989417, -0.0815036700629521, 1.12, 0.06800931259905187, 0.11204709309016456, 0.6065929953327521, 0.2562974821473563, 0.10973994625136517, 0.06429752695597372, 0.12834331177882494, -0.2916075593688207, 0.6773635848402829, 0.37035310625948503, 0.0021220706857269012, 0.2865430800836619, 0.5017104327769739, 0.08810712499820858, -0.16069941606591273, 0.5570630598134652, 0.5183841994345366, 0.22190952733472036, 0.239496924055893, 0.14524091128340785, 0.12162060613555811, -0.08216572727873869, 0.17365988377607583], [-0.13631589654836368, -0.1856928211930061, 0.48053275600886386, 0.06439298342454862, -0.08616186925637029, 0.0658388026224864, 0.93, 0.3158655094910007, 0.15175702529954024, 0.37830889309924143, 0.8799328585453537, 0.6229226790781169, 0.23302035048220132, 0.015578678429328995, 0.5264170245962391, 0.2441506434543504, 0.49341297990897426, 0.49796058393006287, 0.4139439040792189, 0.04112256726023429, 0.20747704772576692, 0.0036713477501051045, 0.3450967357944253, -0.5287507879615491, 0.25877362958663686, -0.06186237142221666, -0.4492258359830131, -0.3322455392296587, -0.1878829333897205], [-0.19362808907138215, 0.13700386492164304, 0.06276649211184185, 0.3876323936520457, -0.16610629394311183, 0.09473072415804822, 0.33560710383418824, 1.1, 0.37012707917592896, 0.17050714392894287, 0.4219740092853797, -0.25369102112856295, -0.016474046830901683, -0.3244495276976028, 0.1384811248311065, 0.42127939324599556, -0.10211824663133723, 0.11875432245889746, -0.060802029908297174, 0.2874995948994667, -0.4479625743570876, 0.018534777801796496, 0.5837469798462525, 0.21989015255444838, 0.15992625373995428, 0.12974543103269368, -0.44691638070416306, -0.46693059590343217, -0.49994492500538323], [-0.061050742160356726, 0.35022901472431855, 0.11835533866744528, 0.3040853014019912, -0.2055718217495362, 0.578767628574369, 0.14283014145839082, 0.32258782130012154, 0.87, 0.005781460006902202, 0.23481852939453454, -0.07936661879787861, 0.2824136601324968, -0.3668392643916463, 0.28621995665203087, 0.2027513983279016, -0.34788871652403563, -0.17544001692864464, 0.07844167004875724, 0.10731811728994237, -0.7163855146065261, 0.17169221441207236, 0.5463125640779187, 0.5615209942564393, -0.006357013195918594, 0.07714989279777847, -0.004652658432276684, -0.20410393776029523, -0.11993756934481262], [-0.09592309184643041, -0.10872694865542197, 0.44899804052461023, 0.3900208398637379, -0.04837971586857832, 0.25117153250440916, 0.39952247588985307, 0.1321046340350368, 0.0053960293397753885, 1.1, 0.311920435781823, 0.09998953435566527, -0.03883450821053804, -0.28027729542081764, 0.5231359617822726, 0.46894688875898943, 0.6818639451918974, 0.2627777497273933, 0.39456998139988386, 0.2543627187497036, 0.43708071131257653, 0.34871203501269055, 0.6612612716149442, -0.27415821279813496, 0.799405905883573, -0.061907072532490726, -0.11793056126591299, 0.2735867468123102, 0.053269884937542665], [-0.40331458048317753, -0.227778028791606, 0.43771157644084435, -0.01795172033534455, -0.34340541861511764, 0.08934579694801413, 0.7740150144611907, 0.4133622948101679, 0.2817822352734415, 0.38816765341737974, 0.85, 0.49265906809148186, 0.08925312044208344, 0.038955416208266376, 0.5717940696327661, 0.5269032485225027, 0.25290279483204636, 0.35425876623077684, 0.17576025236287954, -0.07749118801532397, -0.026426969699814125, 0.05883297838342371, 0.37860812839141195, -0.4031336274123836, 0.13966000348384183, -0.005890964453860916, -0.6448047581395072, -0.33341916935010035, -0.3007786024577722], [-0.1740419658803508, -0.2277512011384563, 0.473281895900138, -0.4006982503216245, 0.09276631048868253, 0.06764635648493068, 0.601065742970113, -0.2399779929594514, -0.08187293307570637, 0.09998953435566527, 0.48752720279886225, 1.11, 0.42590369979694653, 0.3886562650616243, 0.5049744750926012, 0.15291014688990873, 0.3011458051741521, 0.5529086151571143, 0.44501297640643767, -0.108111615705838, 0.36147653802948493, 0.06320460821310496, 0.049009236989300466, -0.6153045804301737, -0.07063745525130775, -0.13128964065209958, -0.08012382584240434, -0.15774372748294485, 0.2999318573317443], [0.17700467686435767, 0.08333562808186762, 0.09700160289645957, -0.0674568747996126, -0.13539704705713002, 0.10950392656358458, 0.2217086829830653, -0.016797067356997795, 0.31693088525980195, -0.04457142419618571, 0.11550403821916681, 0.44562146367643474, 1.06, 0.018732531957932515, 0.1331808948708162, 0.02723270672333509, -0.03968346179623656, 0.18349151145724824, 0.18654971097400067, 0.00820180571260577, -0.14157986888089544, 0.04164273845719776, 0.034370716235427964, -0.07143152928289415, 0.11654232937841053, -0.35009016677584676, 0.1603752603248998, 0.04942977873424603, 0.1876559374430892], [-0.03539333374067055, -0.28666186659495446, -0.2614666045341819, -0.419018502038537, 0.028457434422454072, -0.27810720939804195, 0.012982232024440828, -0.2785677763060226, -0.4220623794613565, -0.35671655780831335, 0.03681108137111409, 0.371459085191641, 0.02235131654071493, 0.99, -0.1585903789881539, -0.06275850514502279, -0.15094183505663689, -0.07620433328195364, -0.045576309503056, -0.48388346551431693, 0.25052329589014394, -0.3103216868040412, -0.6323497472773418, -0.4072437444592954, -0.4415427852053526, -0.037013387656566296, 0.03563651988076466, -0.15817609511111824, 0.260123199976776], [-0.06584476004063367, 0.09490097449582806, 0.7520341283085834, 0.25593283042457016, -0.24727012921736963, 0.6214344815048467, 0.5943418019634957, 0.14001980399589656, 0.3027326464588788, 0.5749316015626957, 0.6848961932963903, 0.6237919986438015, 0.11623059915998503, -0.1439060846373989, 0.98, 0.6296978086566278, 0.45711710700504526, 0.5620444285884618, 0.5382600111173224, 0.19570074964970371, 0.23365779210374063, 0.45421144941326824, 0.642190038384366, -0.3973863265174276, 0.34106946463376914, 0.14545941615389252, -0.398814087350578, -0.21109422086807678, -0.08991498605333655], [-0.22161280347078297, 0.04911584252814433, 0.40962192967571487, 0.33304051571581444, -0.4277828477625135, 0.30362281684336156, 0.29041076537201677, 0.3964982524668193, 0.22302653816069173, 0.46894688875898943, 0.5393009720171499, 0.17979544744198062, 0.0249394261571595, -0.06876729819082285, 0.5432686976645417, 0.96, 0.1333060491247475, 0.24097901041936245, -0.03192267801453352, 0.11354979024090099, -0.028839218650005376, 0.3034135293564972, 0.5693981618560251, -0.1652160085996411, 0.3291405430995169, 0.25991259162269614, -0.5362827485936957, -0.1644669704904523, -0.3917342293053017], [0.15250572831479112, -0.33736747764293334, 0.5279963656929804, 0.15891710192923436, 0.26529641221023, 0.00243479689204455, 0.4982033971896439, -0.08961397153362247, -0.46115481027604716, 0.6818639451918974, 0.21962611130151397, 0.3245682566876973, -0.0436918922807049, -0.15366150776036006, 0.4659931673352403, 0.12118731738613409, 1.04, 0.6363492441615463, 0.5428384965871755, 0.4115049035029144, 0.9056925356310626, 0.06642364625003108, 0.10223113329823968, -0.5825623349714243, 0.4836429180669275, 0.08111566872122776, -0.17247200221462605, 0.2562117833587689, 0.008863803377950353], [0.005653297485552408, -0.04159886919192181, 0.6680752312123291, 0.16202957258385636, 0.14068633208817644, 0.23030565315135443, 0.6253458495865906, 0.10921156440416463, -0.1639982766941678, 0.2821403207599381, 0.3241090839983703, 0.5112918376721702, 0.13802458826430178, -0.07219357889869293, 0.5947214302505818, 0.25393487119459696, 0.49172441594301297, 1.1, 0.4055886236351675, 0.21161612368473134, 0.34945771114595814, 0.35962713438264277, 0.24359391565758032, -0.6499796210142054, 0.35348792957630576, 0.1758639829676735, -0.41496693412010527, -0.2710379404291366, -0.134848808438091], [0.31662839273887045, 0.1831790006071186, 0.5793677641438324, 0.37168298020315294, 0.22405401283005494, 0.6433698490904725, 0.38407166357865674, -0.052289745721135567, 0.08077162064426488, 0.3798197017213835, 0.15818422712659155, 0.461805918912341, 0.18862248554037847, -0.03900675137648937, 0.5382600111173224, -0.02857839746063001, 0.5589624123273887, 0.5023768179117416, 0.88, 0.15210033212853372, 0.3678903890744388, 0.3955070802171115, 0.18626184162722018, -0.28827866341889524, 0.23339881399079115, -0.017620233488909856, 0.15890453956304382, 0.1534414891383929, 0.3547729341016592], [0.273487797767336, 0.05524433515377626, 0.03759171671927329, 0.18390386780007162, 0.247384384383624, 0.09064867668084921, 0.04112256726023429, 0.30421468762617987, 0.08808185098325458, 0.26001522361080814, -0.0853984520985203, -0.11159908718021985, 0.008932659686996384, -0.5292475404062842, 0.16136728479887852, 0.12790666027135975, 0.4115049035029144, 0.224572212889919, 0.13993230555825104, 1.01, 0.16320243991711347, 0.18521654783145536, 0.3193151102074198, 0.33025326537944233, 0.33424252681220007, 0.3679257112156923, -0.029307030805239127, 0.2696472015466245, -0.2779668095155197], [0.24562663458331907, -0.36836788119152564, 0.2442455867413261, -0.02637075856281981, 0.25234620378030803, -0.17530845389008662, 0.1945097322429065, -0.41028347931770637, -0.7163855146065261, 0.5035929934688382, -0.027748318184804832, 0.34211172349219104, -0.1656785699670053, 0.23074514095144838, 0.1983886914088364, -0.029099031430636055, 0.7364042112140414, 0.32449644606410394, 0.39818724464527494, 0.14198612272788871, 1.09, -0.11455090151341281, -0.21315351014560954, -0.6464540458693167, 0.2925635935836111, 0.0303381615617576, 0.1307535627002621, 0.4680027147901747, 0.29664425630983665], [0.087460149072333, 0.4688179235542973, 0.5661313939786038, 0.5419340489543729, 0.039193927562565144, 0.5506600361374483, 0.004357203923201663, 0.01757937688417812, 0.1554948356939523, 0.41919638251525565, 0.061834660954006554, 0.07303643615736574, 0.03932925298735344, -0.2754896607341999, 0.46659903439726635, 0.37123537709500837, 0.07321697370742061, 0.37445711930563835, 0.3328524932520245, 0.17149680354764385, -0.11455090151341281, 0.9, 0.3855891000145545, 0.014133403753896396, 0.44924413330618873, 0.059570162832662206, 0.004968642959707688, 0.01666165873823837, 0.08295703898875019], [-0.46310325776379063, 0.15323109866399404, 0.29789508552451655, 0.3217166208352555, -0.2669146844780314, 0.5230543273573703, 0.35125917750503993, 0.49186088116674975, 0.4872517463397653, 0.6549029901571082, 0.46274326803394794, 0.0581984689247943, 0.041401090010856414, -0.6438470154096572, 0.6129995820941675, 0.49947207180353087, 0.11066256697232132, 0.2560221766605181, 0.20470360812496477, 0.3193151102074198, -0.2073402325961838, 0.33931840801280794, 0.85, 0.14557037028130387, 0.5056219398417928, -0.14751469978386295, -0.2267804784745909, -0.08814851629780966, -0.11347785042394644], [0.022150557139313593, 0.5026093440954206, -0.3719525698700795, 0.20675095822575607, 0.06416136141834165, 0.22870267613068118, -0.539221100594451, 0.21210643034013166, 0.4880509576247557, -0.26453862638416537, -0.43937035796630575, -0.64948816823185, -0.08174123454021907, -0.35997438126312714, -0.41328177957812473, -0.18303342129175926, -0.5464744027165575, -0.6803525005008505, -0.29980980995565104, 0.3185628843040639, -0.4862707424680701, 0.01608283875443383, 0.11564001377486756, 1.0, -0.04664154310493923, 0.11842682753226633, 0.3362062406028872, 0.1431879145769419, -0.07155194390482111], [-0.06653405143929324, 0.23341235412543654, 0.39461257215797396, 0.40579153842717264, -0.040098814903849436, 0.2756999474596908, 0.28138491760877016, 0.16596120671127332, -0.006357013195918594, 0.7643442433448199, 0.12709060317029608, -0.0619743711167134, 0.09005543633786267, -0.5506881927842039, 0.37072767894974906, 0.3157062352179039, 0.5860614183634534, 0.429506839162608, 0.2102900205263564, 0.33812906782164426, 0.2925635935836111, 0.3899100024921638, 0.5056219398417928, -0.0398573186533117, 0.87, -0.18367243755663953, -0.1739909588744952, 0.2123112529590885, -0.0760847796721193], [0.28347406688610705, 0.06841778300900131, 0.20669793455565563, 0.24253709524094555, 0.3237819739053667, 0.13616335432819487, -0.05864037291064288, 0.14750006896348336, 0.09509172833214555, -0.05589667714098678, -0.004702436537731083, -0.12209936580645261, -0.44843010126344407, -0.03942730424286409, 0.1352517378273036, 0.27290822120383096, 0.08111566872122776, 0.14259241862243796, -0.018109684419157352, 0.4359119839403311, 0.03511045663888801, 0.06907603988042746, -0.15773849085799208, 0.1251556245511451, -0.2063735253445388, 0.9, -0.23285938524672378, -0.056746210517774495, -0.5008099829957233], [0.15418123665558822, 0.18713905662084765, -0.15846537890019677, 0.008341260586468315, 0.2633019707479789, 0.12823042168640364, -0.4541087255045676, -0.41291187347667235, -0.004854947929332191, -0.13173094609490282, -0.5535049693763912, -0.06836253030590461, 0.14334425922845026, 0.039085215353096725, -0.34896232643175573, -0.5315368835618932, -0.15011452044606338, -0.3885599474033713, 0.21064090128124413, -0.02634944054049022, 0.10579151891203022, 0.004598637632920946, -0.21555372211446264, 0.35221606158397706, -0.17942817633932318, -0.18460924235776296, 0.93, 0.572383209916607, 0.746234300510487], [0.3593971047309329, -0.11154816736288209, -0.17473689770729134, -0.12256694621102923, 0.19196891922606474, -0.07099757017289071, -0.35218027158343823, -0.3793811091715386, -0.20410393776029523, 0.2735867468123102, -0.4225894123158249, -0.19809677404834936, 0.053345008732998196, -0.19508385063704584, -0.2228216775829699, -0.195425459053361, 0.26799163546721805, -0.26855135381969497, 0.1749232976177679, 0.26094890472253984, 0.463628857642603, 0.015273187176718505, -0.11067535935169433, 0.14060795215213215, 0.22946771784467143, -0.050376737908636546, 0.60638617288195, 0.93, 0.39538974183547904], [-0.027349695068116773, 0.1202155688860135, 0.022287308711620085, -0.1752741128723624, 0.28709614799842526, 0.1395481208914895, -0.2083454310856307, -0.46698152335667664, -0.1509326715350451, 0.053269884937542665, -0.2694474980350876, 0.34890032383488623, 0.20119811849568328, 0.25543629547269, -0.08905041887974677, -0.47782966431745594, 0.007442250006014919, -0.1211142075786558, 0.3547729341016592, -0.21343880016370262, 0.3174093542515252, 0.08933834968019252, -0.12150153681755883, -0.07228206578140092, -0.07814112506866304, -0.40252017324889905, 0.854023699473113, 0.39538974183547904, 1.11]]}, {"name": 2, "matrix": [[1.05, 0.25510416018123916, 0.03102294242255846, 0.3444180258519284, 0.08243632832899149, 0.21561755435488805, -0.12662468921335895, -0.13489337867377788, -0.07219288315192794, -0.13249775068245487, -0.33678774915563714, -0.20973408280753786, 0.2637317162466342, -0.003243767102264137, -0.021555446812262083, -0.11161700729701646, 0.1874117018251259, 0.013569899253920225, 0.3164581258378178, 0.3156259323381946, 0.2558572246275905, 0.15129033366066857, -0.33635485257447184, -0.03732978491517769, -0.0579894035805049, 0.32587254354428574, 0.1637488241337797, 0.31697926456161224, -0.0018592098170877127], [0.26491585864974837, 1.05, 0.1291226636825214, 0.5025565287570581, 0.019753610554996054, 0.6796142323356391, -0.14543570670577965, 0.19331527951672356, 0.3368094787840148, -0.09763462112465167, -0.17962663766331305, -0.1720571785493347, 0.16274423557748724, -0.15173837165388432, 0.12265562021916396, 0.036779677835498285, -0.26881487502680657, -0.0006230703909015899, 0.167602946459784, 0.13556806308775118, -0.35647130254448245, 0.41653014066449456, 0.14631470235937202, 0.40907939093689366, 0.19368986018899265, 0.15803503810271513, 0.2683676665486841, -0.050529197259790964, 0.1658713110510433], [0.035693062787244684, 0.15247463477404125, 0.87, 0.583427140000675, 0.22768485024988785, 0.5929644137181025, 0.4797604344068826, 0.0702371685650126, 0.12056039880656817, 0.49266024262345093, 0.3982484557640425, 0.4097285790672781, 0.12274870782193172, -0.20507963407718857, 0.6564341999410815, 0.3611141818940124, 0.583248675812467, 0.746027360215591, 0.6662038571709635, 0.04900516811230956, 0.27330935221731606, 0.537945104552754, 0.3605933187243488, -0.38290434956640584, 0.34175742800061665, 0.22215766734472242, -0.08259431171290975, -0.10959334834759489, 0.06590233275307363], [0.3444180258519284, 0.5523146009112223, 0.4826533612732857, 0.93, -0.005402199079247276, 0.6064825933650922, 0.08176194227341688, 0.37259290398975653, 0.23502423552298649, 0.27534641809408045, -0.011552275642679978, -0.3115839281509998, -0.003658835094361875, -0.3288626846326521, 0.3203774213261292, 0.33914860694243804, 0.21315961540617226, 0.20052380123054805, 0.3335541037813923, 0.2794036264250848, 0.035115478450978545, 0.45063726420238903, 0.27151314123489123, 0.1409347528364852, 0.38145340649414033, 0.3198111726179902, 0.04143520433671365, -0.04541996519200493, -0.10183271471343425], [0.09783652153330857, 0.020815632627845304, 0.2621825548332042, -0.0052463664134997584, 0.92, -0.04826595906058922, -0.019813278466890103, -0.1100254948947918, -0.12399333772529908, 0.009382174700222692, -0.22466784235089793, 0.15379330476275932, -0.03906444750923638, 0.1388133723693291, -0.1618992688190509, -0.34196296936077875, 0.27607302216777974, 0.20782347863451525, 0.2646827186688752, 0.3045081504698867, 0.29820861020832795, 0.046776170474475555, -0.1949017549920636, 0.015143844997053693, 0.03157877593846911, 0.3721258775544439, 0.32873222942455055, 0.1970521236006898, 0.3728276669231575], [0.19324214777089022, 0.6925592653325084, 0.5986116938487511, 0.6394436038740646, -0.04826595906058922, 0.88, 0.0708601549709765, 0.13985876819596396, 0.41865544508891017, 0.19506225110039008, 0.0907192568174465, 0.055306818487684636, 0.11039995245533968, -0.23902206935904594, 0.5538074723660459, 0.31362778170827976, 0.03861624514557302, 0.2753892068408837, 0.6053921586659362, 0.16484958149234444, -0.10327511734295954, 0.6869579841075115, 0.36064251361491145, 0.126889515038549, 0.20909583700343987, 0.1863926741054511, 0.11095387412451242, -0.022727255551989827, 0.14748485107568088], [-0.1158735363556209, -0.14543570670577965, 0.52521142292964, 0.06800759684424394, -0.018303695345603235, 0.07641781418438642, 0.97, 0.2511120196218463, 0.19684244610350746, 0.38274436880628426, 0.9161698211280204, 0.5610182135172608, 0.2164482861983319, 0.07826896944061415, 0.5112090167907023, 0.2201610907189358, 0.4782043997018661, 0.5534252772599588, 0.435297142792657, 0.007730926871467501, 0.2710030337785375, -0.007376307359165755, 0.34790079175012356, -0.45879687562444815, 0.2993330353973764, -0.0036134466532194184, -0.4197194954567435, -0.3475164211267227, -0.09317424862082435], [-0.1478638958539488, 0.20154146162381817, 0.08330454876315448, 0.4110045435763294, -0.10678945092729793, 0.14671459016635435, 0.2655437448874697, 0.98, 0.3094809936830045, 0.11818537224223839, 0.40568269871183865, -0.1581397877892155, 0.04363174520111563, -0.2474248542084523, 0.13330198056629164, 0.368307793560126, -0.08683935542220131, 0.095422049959514, -0.03214210318044554, 0.3604014696355418, -0.3726558133502611, 0.061734908705082955, 0.5054336571676455, 0.13087423151679417, 0.14084149834232038, 0.19103772164288463, -0.43354945499455977, -0.37310315554076906, -0.42752269122452113], [-0.07389153922609096, 0.4108335400552269, 0.12294773343640121, 0.23037029026510555, -0.1308818564878157, 0.4784633658158974, 0.20094333039733053, 0.29710175393568433, 0.89, 0.08885486296532254, 0.36330898023968694, 0.002182849042771869, 0.2823049353376191, -0.2842986933741683, 0.2831932206088519, 0.13934329469904633, -0.3452663639927304, -0.103935273742071, 0.16238860087022727, 0.058753168534175275, -0.5694982661818239, 0.11924599265795706, 0.45923942893653047, 0.4657204284785765, 0.06746158224267458, 0.13286957946143133, 0.05025225432237142, -0.17828659775543187, -0.0429084206621