{"stateborders": [5, 15, 25, 36, 46, 60], "times": [{"name": 0, "matrix": [[1.0, 0.7531132041180185, 0.35111980783266944, 0.7270587770273488, 0.3667022536793112, 0.4294314718411666, 0.23637196288876006, 0.030257596850724294, 0.2369467927593753, 0.059753046442111345, 0.06326637395581108, 0.33094084908197086, 0.09669555971184826, 0.3730418468813909, 0.4580980635274921, 0.27727065467467926, 0.5355293383647541, 0.2300475125619548, 0.3638716247233577, 0.29141812922942206, 0.2739580715409248, 0.5707492931475231, 0.003138616248089434, 0.1809608154075635, 0.21853974950021304, 0.6657141773166257, 0.43086434952363883, 0.30317219829571695, 0.4460996217894543], [0.7531132041180185, 1.0, -0.23304788765327167, 0.828043968838433, 0.3885552292341733, -0.1038229875632751, 0.3687900797432804, 0.39321170716976817, 0.6889784085220676, 0.23748453345382003, -0.0024512190690053654, 0.3946662032664522, 0.27059642454315347, 0.4351043824734325, -0.05210637459019902, 0.2352132215381488, 0.41416258263343764, -0.28932112315024505, 0.6616390898983752, -0.3427550033788426, 0.49367877731481113, 0.20210918428444113, -0.3582789433090333, 0.5820484339791792, -0.07812182399094374, 0.8729553415760247, 0.5858257227627479, 0.6614604735378568, 0.4587230882781558], [0.35111980783266944, -0.23304788765327167, 1.0, -0.3018981431163394, 0.34076600246965405, 0.9592713749463672, 0.013460949631456314, -0.033422390791208255, -0.4392740497887977, -0.15302904863826752, 0.574094352180086, 0.41161663235761187, 0.23929358770074205, 0.3973130656742111, 0.8250191491614552, -0.0904555654979124, -0.09866535017971302, 0.9577263684564424, -0.07571697309827102, 0.9203195743487508, -0.4607043215106205, 0.8268397683852581, 0.6108575639816949, -0.6300971637585467, 0.30737928170144474, 0.04459357441100435, -0.2216983995656272, -0.1649233835469286, 0.14340603672860378], [0.7270587770273488, 0.828043968838433, -0.3018981431163394, 1.0, 0.29484291335763607, -0.14314432698264926, 0.46055805999483546, -0.12895546672809166, 0.6395688439834186, 0.3873306263005692, -0.28263355536067014, 0.08845174533653602, -0.1996899375449945, 0.03927882831115955, 0.08715874466578379, 0.1675024138081688, 0.8162430822693986, -0.32046591833223476, 0.509889315739459, -0.21509311957071167, 0.8031599446157234, 0.011373255408651667, -0.1340510842511441, 0.7417920925042476, -0.002699864277780235, 0.5249857066713853, 0.6330439940470254, 0.27075048742392754, 0.4361976124850165], [0.3667022536793112, 0.3885552292341733, 0.34076600246965405, 0.29484291335763607, 1.0, 0.5360122430783275, 0.865636264333563, 0.3630690050410363, 0.6722696011477903, 0.6404916893865297, 0.7452240999345555, 0.9172933806440784, 0.4726947550513605, 0.6985875286123123, 0.6317398030327823, -0.3980189496692268, 0.3066599742647687, 0.5138167572252563, 0.876537836381361, 0.294679418416671, 0.4098054486023275, 0.6191621271485692, 0.6172393944228013, 0.341014445479258, -0.09250790264909071, 0.5879689465964903, 0.3228059095907553, 0.3964523046034917, 0.5875246449651251], [0.4294314718411666, -0.1038229875632751, 0.9592713749463672, -0.14314432698264926, 0.5360122430783275, 1.0, 0.24543636087974177, -0.034997871148183785, -0.21835169179421476, 0.06486067864718653, 0.6606779363928733, 0.5428049005483453, 0.2213725191935262, 0.4685143086495443, 0.9169367024352397, -0.21875188745236204, 0.03662779869699116, 0.9554220909947916, 0.15238685407436506, 0.905532545745001, -0.263846724707658, 0.8737500704568125, 0.7182088611921318, -0.4252683908506399, 0.16089557094940438, 0.17064586268004267, -0.06239146221113065, -0.09785610530568961, 0.32212934117156106], [0.23637196288876006, 0.3687900797432804, 0.013460949631456314, 0.46055805999483546, 0.865636264333563, 0.24543636087974177, 1.0, 0.16315824032435206, 0.8120844026153228, 0.9186068375803144, 0.5375448326043807, 0.6364713699422601, 0.23000781960361041, 0.2983367915745602, 0.4985321340715726, -0.28705792236797584, 0.4766768622614049, 0.2250987847586776, 0.872720324197855, 0.13743921238880186, 0.6706652192418621, 0.19965063158227467, 0.5977295999520628, 0.6959769904588615, -0.07459996930934601, 0.4426714585108005, 0.611752632546712, 0.3442296893521354, 0.7424994782480252], [0.030257596850724294, 0.39321170716976817, -0.033422390791208255, -0.12895546672809166, 0.3630690050410363, -0.034997871148183785, 0.16315824032435206, 1.0, 0.3856200426274886, 0.10820012798263709, 0.5819004279280088, 0.6356332326823194, 0.9418516909814925, 0.6078034366191934, -0.22158971667574598, 0.22456803790372967, -0.5368464568772168, -0.0026475752539335, 0.5086306894360746, -0.26968378757525985, -0.2694571549736114, 0.18389187488535558, -0.28107553583265343, 0.05100753760990994, 0.054984430981674104, 0.7017883903179204, 0.1935609432351105, 0.8785107262631291, 0.27387698642055086], [0.2369467927593753, 0.6889784085220676, -0.4392740497887977, 0.6395688439834186, 0.6722696011477903, -0.21835169179421476, 0.8120844026153228, 0.3856200426274886, 1.0, 0.7338684384587968, 0.2375613970127667, 0.5394550894901532, 0.2726704099913132, 0.35141656210962924, -0.020128317148376724, -0.17716786289665684, 0.4174816306492395, -0.28086324822036374, 0.9183286790519908, -0.42131308877353646, 0.7603608324206307, -0.03273130966536779, 0.044686166879013715, 0.8648397160646705, -0.27308913529642104, 0.639982482153652, 0.6111407106174658, 0.5850090243544799, 0.5540849929565956], [0.059753046442111345, 0.23748453345382003, -0.15302904863826752, 0.3873306263005692, 0.6404916893865297, 0.06486067864718653, 0.9186068375803144, 0.10820012798263709, 0.7338684384587968, 1.0, 0.44480118940082625, 0.38192894072739014, 0.15408894875655751, -0.031906641475963206, 0.3333730177544795, -0.08761208439000416, 0.35088629423261586, 0.051501556326616064, 0.7325826821060857, 0.07065599515448429, 0.5995988681915391, -0.11028084567988804, 0.5004038667036652, 0.7779281375223269, -0.007038660987018567, 0.31184398515960127, 0.758201144992421, 0.3599502601314263, 0.8107285255024108], [0.06326637395581108, -0.0024512190690053654, 0.574094352180086, -0.28263355536067014, 0.7452240999345555, 0.6606779363928733, 0.5375448326043807, 0.5819004279280088, 0.2375613970127667, 0.44480118940082625, 1.0, 0.8316666498535678, 0.73926396126334, 0.6052017351076148, 0.5690451247325877, -0.17824103388895068, -0.3351523629016972, 0.6962723239997936, 0.5645572929342604, 0.4862821145900632, -0.24376297936840458, 0.5843233861918482, 0.5777225009937379, -0.08992807803497496, 0.05788078912346096, 0.4477208771356706, 0.19453225866051171, 0.4605502920561788, 0.5625351548308837], [0.33094084908197086, 0.3946662032664522, 0.41161663235761187, 0.08845174533653602, 0.9172933806440784, 0.5428049005483453, 0.6364713699422601, 0.6356332326823194, 0.5394550894901532, 0.38192894072739014, 0.8316666498535678, 1.0, 0.7186426537347415, 0.8892376189714576, 0.4886633476841353, -0.31993404849943863, -0.011488157133234414, 0.5320437199800291, 0.8009482634262567, 0.2280788822791343, 0.09979515905410434, 0.7196837910692716, 0.413147609532081, 0.0942735401422795, -0.0955805573854437, 0.6931720771435353, 0.15405457144412268, 0.5458370653035634, 0.44957753862511174], [0.09669555971184826, 0.27059642454315347, 0.23929358770074205, -0.1996899375449945, 0.4726947550513605, 0.2213725191935262, 0.23000781960361041, 0.9418516909814925, 0.2726704099913132, 0.15408894875655751, 0.73926396126334, 0.7186426537347415, 1.0, 0.6184409679232558, 0.04878498373109682, 0.2605701583576651, -0.49575065262581425, 0.28908562793068926, 0.4761937864560338, 0.04124599804626759, -0.33818495391144665, 0.35011149372037886, -0.032163392103767154, -0.07557431125575666, 0.28408943213843585, 0.648628574949034, 0.1761256273106711, 0.8128127387344171, 0.34590427210992614], [0.3730418468813909, 0.4351043824734325, 0.3973130656742111, 0.03927882831115955, 0.6985875286123123, 0.4685143086495443, 0.2983367915745602, 0.6078034366191934, 0.35141656210962924, -0.031906641475963206, 0.6052017351076148, 0.8892376189714576, 0.6184409679232558, 1.0, 0.3105905422133862, -0.3795533170110809, -0.08936082811601885, 0.42504280741987005, 0.5965557505743855, 0.08267275636769911, -0.046992657790362415, 0.7920071844047742, 0.14337378107676807, -0.14267954645400682, -0.25582466662642755, 0.6565847682692598, -0.1389786695698453, 0.4208772970313166, 0.11839867635269148], [0.4580980635274921, -0.05210637459019902, 0.8250191491614552, 0.08715874466578379, 0.6317398030327823, 0.9169367024352397, 0.4985321340715726, -0.22158971667574598, -0.020128317148376724, 0.3333730177544795, 0.5690451247325877, 0.4886633476841353, 0.04878498373109682, 0.3105905422133862, 1.0, -0.2503467797488454, 0.35452028062929414, 0.8830210325382417, 0.2699452090181418, 0.892345070926331, 0.07627803847833697, 0.7307564747076888, 0.8674922175851608, -0.13336256423569298, 0.21248075439272487, 0.11070895166566154, 0.1293209587272162, -0.17598319999054726, 0.4603736421363369], [0.27727065467467926, 0.2352132215381488, -0.0904555654979124, 0.1675024138081688, -0.3980189496692268, -0.21875188745236204, -0.28705792236797584, 0.22456803790372967, -0.17716786289665684, -0.08761208439000416, -0.17824103388895068, -0.31993404849943863, 0.2605701583576651, -0.3795533170110809, -0.2503467797488454, 1.0, -0.13854228095267018, -0.22778541624080295, -0.2344717432213834, -0.018416572907233066, -0.24785866356077269, -0.30721165431130154, -0.4818621108643423, 0.048983411884897035, 0.738728300813368, 0.2203716310553527, 0.4415368764912723, 0.441052851761793, 0.2355099399598578], [0.5355293383647541, 0.41416258263343764, -0.09866535017971302, 0.8162430822693986, 0.3066599742647687, 0.03662779869699116, 0.4766768622614049, -0.5368464568772168, 0.4174816306492395, 0.35088629423261586, -0.3351523629016972, -0.011488157133234414, -0.49575065262581425, -0.08936082811601885, 0.35452028062929414, -0.13854228095267018, 1.0, -0.048973710669759, 0.29214517882211405, 0.07415154525268115, 0.8610762794630332, 0.07502630116684722, 0.2691234733399921, 0.5443489695986314, 0.05343176246966297, 0.06824972224677522, 0.3095515608182879, -0.23486314822133117, 0.1986684692688018], [0.2300475125619548, -0.28932112315024505, 0.9577263684564424, -0.32046591833223476, 0.5138167572252563, 0.9554220909947916, 0.2250987847586776, -0.0026475752539335, -0.28086324822036374, 0.051501556326616064, 0.6962723239997936, 0.5320437199800291, 0.28908562793068926, 0.42504280741987005, 0.8830210325382417, -0.22778541624080295, -0.048973710669759, 1.0, 0.0743706876853299, 0.917086820867152, -0.32667595941392097, 0.7991549193659447, 0.7818427163569797, -0.5085463138951547, 0.2833339306065811, 0.020060194084751588, -0.19059700417658537, -0.14989167347022153, 0.2090598893029222], [0.3638716247233577, 0.6616390898983752, -0.07571697309827102, 0.509889315739459, 0.876537836381361, 0.15238685407436506, 0.872720324197855, 0.5086306894360746, 0.9183286790519908, 0.7325826821060857, 0.5645572929342604, 0.8009482634262567, 0.4761937864560338, 0.5965557505743855, 0.2699452090181418, -0.2344717432213834, 0.29214517882211405, 0.0743706876853299, 1.0, -0.1188993141253228, 0.5597235250450839, 0.31090097805601596, 0.25540643681104686, 0.664476615461426, -0.2379818811631512, 0.7723825374190658, 0.5832635105012984, 0.6499780317967047, 0.6874866378062517], [0.29141812922942206, -0.3427550033788426, 0.9203195743487508, -0.21509311957071167, 0.294679418416671, 0.905532545745001, 0.13743921238880186, -0.26968378757525985, -0.42131308877353646, 0.07065599515448429, 0.4862821145900632, 0.2280788822791343, 0.04124599804626759, 0.08267275636769911, 0.892345070926331, -0.018416572907233066, 0.07415154525268115, 0.917086820867152, -0.1188993141253228, 1.0, -0.2947295106299889, 0.6201227895834601, 0.7548713957266383, -0.44931948353977597, 0.42572150940335207, -0.12500961901921223, -0.043022954083666166, -0.28375656102374114, 0.2737815116682336], [0.2739580715409248, 0.49367877731481113, -0.4607043215106205, 0.8031599446157234, 0.4098054486023275, -0.263846724707658, 0.6706652192418621, -0.2694571549736114, 0.7603608324206307, 0.5995988681915391, -0.24376297936840458, 0.09979515905410434, -0.33818495391144665, -0.046992657790362415, 0.07627803847833697, -0.24785866356077269, 0.8610762794630332, -0.32667595941392097, 0.5597235250450839, -0.2947295106299889, 1.0, -0.1699843851697793, 0.15604390986803798, 0.8406468295117235, -0.19171399191609087, 0.18696680799414425, 0.44790508162097425, 0.018062228192824697, 0.2912853278224189], [0.5707492931475231, 0.20210918428444113, 0.8268397683852581, 0.011373255408651667, 0.6191621271485692, 0.8737500704568125, 0.19965063158227467, 0.18389187488535558, -0.03273130966536779, -0.11028084567988804, 0.5843233861918482, 0.7196837910692716, 0.35011149372037886, 0.7920071844047742, 0.7307564747076888, -0.30721165431130154, 0.07502630116684722, 0.7991549193659447, 0.31090097805601596, 0.6201227895834601, -0.1699843851697793, 1.0, 0.4558473677300836, -0.39664014018401034, -0.010243732775486795, 0.42191483115488476, -0.18297651077447655, 0.07174372256041608, 0.15762742195924992], [0.003138616248089434, -0.3582789433090333, 0.6108575639816949, -0.1340510842511441, 0.6172393944228013, 0.7182088611921318, 0.5977295999520628, -0.28107553583265343, 0.044686166879013715, 0.5004038667036652, 0.5777225009937379, 0.413147609532081, -0.032163392103767154, 0.14337378107676807, 0.8674922175851608, -0.4818621108643423, 0.2691234733399921, 0.7818427163569797, 0.25540643681104686, 0.7548713957266383, 0.15604390986803798, 0.4558473677300836, 1.0, -0.043946854210633074, 0.07739419489615083, -0.17922829699908457, 0.02212556954407375, -0.31764213417615017, 0.35080903577428796], [0.1809608154075635, 0.5820484339791792, -0.6300971637585467, 0.7417920925042476, 0.341014445479258, -0.4252683908506399, 0.6959769904588615, 0.05100753760990994, 0.8648397160646705, 0.7779281375223269, -0.08992807803497496, 0.0942735401422795, -0.07557431125575666, -0.14267954645400682, -0.13336256423569298, 0.048983411884897035, 0.5443489695986314, -0.5085463138951547, 0.664476615461426, -0.44931948353977597, 0.8406468295117235, -0.39664014018401034, -0.043946854210633074, 1.0, -0.16044426651042995, 0.3919073585457564, 0.7794673586126915, 0.4004905992701149, 0.580733347476352], [0.21853974950021304, -0.07812182399094374, 0.30737928170144474, -0.002699864277780235, -0.09250790264909071, 0.16089557094940438, -0.07459996930934601, 0.054984430981674104, -0.27308913529642104, -0.007038660987018567, 0.05788078912346096, -0.0955805573854437, 0.28408943213843585, -0.25582466662642755, 0.21248075439272487, 0.738728300813368, 0.05343176246966297, 0.2833339306065811, -0.2379818811631512, 0.42572150940335207, -0.19171399191609087, -0.010243732775486795, 0.07739419489615083, -0.16044426651042995, 1.0, -0.024841767410582204, 0.17428525815791, 0.14788663615080108, 0.14524119580148034], [0.6657141773166257, 0.8729553415760247, 0.04459357441100435, 0.5249857066713853, 0.5879689465964903, 0.17064586268004267, 0.4426714585108005, 0.7017883903179204, 0.639982482153652, 0.31184398515960127, 0.4477208771356706, 0.6931720771435353, 0.648628574949034, 0.6565847682692598, 0.11070895166566154, 0.2203716310553527, 0.06824972224677522, 0.020060194084751588, 0.7723825374190658, -0.12500961901921223, 0.18696680799414425, 0.42191483115488476, -0.17922829699908457, 0.3919073585457564, -0.024841767410582204, 1.0, 0.5730299797061802, 0.8645694743578382, 0.6144687839174671], [0.43086434952363883, 0.5858257227627479, -0.2216983995656272, 0.6330439940470254, 0.3228059095907553, -0.06239146221113065, 0.611752632546712, 0.1935609432351105, 0.6111407106174658, 0.758201144992421, 0.19453225866051171, 0.15405457144412268, 0.1761256273106711, -0.1389786695698453, 0.1293209587272162, 0.4415368764912723, 0.3095515608182879, -0.19059700417658537, 0.5832635105012984, -0.043022954083666166, 0.44790508162097425, -0.18297651077447655, 0.02212556954407375, 0.7794673586126915, 0.17428525815791, 0.5730299797061802, 1.0, 0.5949396059905121, 0.9028079304882843], [0.30317219829571695, 0.6614604735378568, -0.1649233835469286, 0.27075048742392754, 0.3964523046034917, -0.09785610530568961, 0.3442296893521354, 0.8785107262631291, 0.5850090243544799, 0.3599502601314263, 0.4605502920561788, 0.5458370653035634, 0.8128127387344171, 0.4208772970313166, -0.17598319999054726, 0.441052851761793, -0.23486314822133117, -0.14989167347022153, 0.6499780317967047, -0.28375656102374114, 0.018062228192824697, 0.07174372256041608, -0.31764213417615017, 0.4004905992701149, 0.14788663615080108, 0.8645694743578382, 0.5949396059905121, 1.0, 0.5723580305531226], [0.4460996217894543, 0.4587230882781558, 0.14340603672860378, 0.4361976124850165, 0.5875246449651251, 0.32212934117156106, 0.7424994782480252, 0.27387698642055086, 0.5540849929565956, 0.8107285255024108, 0.5625351548308837, 0.44957753862511174, 0.34590427210992614, 0.11839867635269148, 0.4603736421363369, 0.2355099399598578, 0.1986684692688018, 0.2090598893029222, 0.6874866378062517, 0.2737815116682336, 0.2912853278224189, 0.15762742195924992, 0.35080903577428796, 0.580733347476352, 0.14524119580148034, 0.6144687839174671, 0.9028079304882843, 0.5723580305531226, 1.0]]}, {"name": 1, "matrix": [[0.98, 0.6853330157473969, 0.33005261936270924, 0.6907058381759813, 0.392371411436863, 0.4122542129675199, 0.2623728788065237, 0.026021533291622892, 0.2369467927593753, 0.06333822922863803, 0.06579702891404353, 0.34086907455443, 0.10249729329455916, 0.3320072437244379, 0.4855839473391417, 0.3049977201421472, 0.514108164830164, 0.2162446618082375, 0.36751034097059126, 0.2855897666448336, 0.2410831029560138, 0.6049942507363745, 0.0027305961358378076, 0.17191277463718532, 0.2294667369752237, 0.672371319089792, 0.47825942797123916, 0.29104531036388825, 0.40148965961050886], [0.7154575439121176, 1.09, -0.2237259721471408, 0.9191288054106607, 0.33804304943373076, -0.10486121743890785, 0.3798537821355788, 0.3617547705961867, 0.7509864652890538, 0.21848577077751444, -0.0026718287852158483, 0.438079485625762, 0.28142028152487963, 0.3915939442260893, -0.04741680087708111, 0.2587345436919637, 0.4017377051544345, -0.2864279119187426, 0.615324353605489, -0.3393274533450542, 0.5381098672731441, 0.17179280664177496, -0.30811989124576866, 0.6402532773770971, -0.08515278815012868, 0.9253326620705863, 0.6326917805837677, 0.7276065208916425, 0.4678975500437189], [0.3897429866942631, -0.22139549327060806, 0.9, -0.33812592029030014, 0.2896511020992059, 0.9496786611969035, 0.013864778120400004, -0.029077479988351182, -0.3997393853078059, -0.15608962961103287, 0.614280956832692, 0.3992681333868835, 0.23929358770074205, 0.35758175910679, 0.9157712555692153, -0.10040567770268277, -0.09570538967432163, 0.814067413187976, -0.07344546390532289, 0.7914748339399257, -0.46991840794083295, 0.7937661776498477, 0.6841604716594983, -0.5985923055706194, 0.30737928170144474, 0.03924234548168383, -0.23721728753522112, -0.17646802039521362, 0.14484009709588982], [0.7634117158787163, 0.9439701244758135, -0.3018981431163394, 1.13, 0.29484291335763607, -0.1345556673636903, 0.5112194465942674, -0.1160599200552825, 0.722712793701263, 0.3873306263005692, -0.30524423978952375, 0.08756722788317066, -0.16973644691324533, 0.04163555800982913, 0.09587461913236217, 0.18592767932706739, 0.8978673904963385, -0.3172612591489124, 0.509889315739459, -0.20003660120076186, 0.8513495412926668, 0.00989473220552695, -0.1179649541410068, 0.793717538979545, -0.00275386156333584, 0.5459851349382407, 0.7216701532136088, 0.24909044843001335, 0.396939827361365], [0.3483671409953456, 0.3768985723571481, 0.29646642214859903, 0.31843034642624696, 0.86, 0.5360122430783275, 0.8569799016902273, 0.3412848647385741, 0.5781518569870997, 0.710945775219048, 0.6557972079424088, 1.0457144539342493, 0.4396061221977653, 0.621742900464958, 0.7201833754573718, -0.4418010341328418, 0.3005267747794733, 0.5549220978032768, 0.9729569983833107, 0.25342429983833703, 0.46308015692063004, 0.6872699611349119, 0.6666185459766254, 0.3785260344819764, -0.09435806070207253, 0.6173673939263149, 0.2872972595357722, 0.3964523046034917, 0.5875246449651251], [0.4423144159964016, -0.09032599918004934, 0.8921223787001215, -0.1574587596809142, 0.525291998216761, 1.13, 0.21598399757417275, -0.029748190475956216, -0.19433300569685114, 0.06032043114188348, 0.7399592887600182, 0.6133695376196301, 0.228013694769332, 0.4731994517360397, 0.9077673354108873, -0.19468917983260223, 0.041023134540630106, 1.0891811837340624, 0.1600061967780833, 0.7968686402556009, -0.27967752819011754, 0.9786000789116301, 0.7253909498040532, -0.4465318103931719, 0.1802030394633329, 0.18088461444084525, -0.06239146221113065, -0.08317768950983617, 0.3285719279949923], [0.22691708437320965, 0.32453527017408673, 0.012653292653568935, 0.4651636405947838, 0.9781689786969261, 0.2086209067477805, 1.02, 0.13868450427569926, 0.7227551183276373, 0.8451182905738892, 0.4784149010178988, 0.6301066562428375, 0.25070852336793537, 0.2983367915745602, 0.4237523139608367, -0.249740392460139, 0.40517533292219415, 0.25661261462489243, 0.9949011695855545, 0.12369529114992167, 0.6572519148570248, 0.20763665684556565, 0.5319793439573358, 0.6054999816992095, -0.08429796531956098, 0.3806974543192884, 0.5872825272448434, 0.3889795489679129, 0.764774462595466], [0.032375628630274995, 0.38141535595467513, -0.03776730159406533, -0.13540324006449625, 0.41389866574678136, -0.034997871148183785, 0.16805298753408263, 0.95, 0.35091423879101463, 0.09738011518437338, 0.593538436486569, 0.6483458973359658, 0.9041776233422327, 0.5470230929572741, -0.22823740817601837, 0.22232235752469237, -0.5314779923084446, -0.0027270025115515052, 0.4882854618586316, -0.288561652705528, -0.2317331532773058, 0.1581470124014058, -0.30075082334093917, 0.05304783911430634, 0.061032718389658264, 0.6245916673829491, 0.18581850550570608, 0.9839320134147047, 0.31221976451942796], [0.21325211348343778, 0.7716558175447158, -0.42170308779724575, 0.5756119595850768, 0.6050426410330113, -0.21398465795833047, 0.8364469346937825, 0.4318944477427873, 0.95, 0.7338684384587968, 0.23518578304263904, 0.5124823350156456, 0.2726704099913132, 0.37601572145730333, -0.022744998377665696, -0.20019968507322222, 0.4717542426336406, -0.30052367559578924, 0.8356790979373117, -0.40867369611033033, 0.7907752657174559, -0.0281489263122163, 0.04066441185990248, 0.9859172763137243, -0.27582002664938526, 0.5567847594736773, 0.5561380466618939, 0.6259596560592935, 0.49313564373137014], [0.06752094247958582, 0.26123298679920204, -0.13313527231529274, 0.3563441761965237, 0.7237556090067785, 0.0655092854336584, 0.7991879486948735, 0.09305211006506789, 0.6311268570745653, 1.0, 0.3780810109907023, 0.3246395996182816, 0.15100716978142636, -0.03541637203831916, 0.34004047810956906, -0.09812553451680467, 0.3473774312902897, 0.05304660301641455, 0.7838634698535117, 0.07984127452456724, 0.5876068908277082, -0.10807522876629028, 0.4353513640321887, 0.7623695747718804, -0.007460980646239681, 0.3367915039723694, 0.6975450533930273, 0.3671492653340548, 0.7296556729521697], [0.06073571899757864, -0.0027698775479760625, 0.6027990697890903, -0.29393889757509695, 0.6632494489417544, 0.720138950668232, 0.5912993158648188, 0.5877194322072888, 0.2375613970127667, 0.47148926076487585, 0.95, 0.8649333158477105, 0.702300763200173, 0.6596698912673001, 0.5064501610120031, -0.18358826490561922, -0.3720191228208839, 0.7310859401997832, 0.598430730510316, 0.42306543969335497, -0.26082638792419294, 0.5784801523299297, 0.6066086260434248, -0.07733814711007847, 0.05209271021111486, 0.46115250344974074, 0.182860323140881, 0.40988975992999915, 0.5681605063791925], [0.33094084908197086, 0.40650618936444577, 0.4198489650047641, 0.09198981514999746, 0.9906768510956048, 0.46681221447157695, 0.687389079537641, 0.5657135770872643, 0.5610332930697594, 0.385748230134664, 0.723549985372604, 0.86, 0.6539648148986148, 0.9070223713508867, 0.5082098815915007, -0.2719439412245228, -0.012522091275225512, 0.5586459059790305, 0.832986193963307, 0.24404440403867372, 0.09081359473923495, 0.6980932773371934, 0.42554203781804345, 0.10181542335366187, -0.0927131406638804, 0.7902161679436303, 0.17562221144629986, 0.5185452120383851, 0.5125183940326273], [0.11023293807150701, 0.23812485359797506, 0.2656158823478237, -0.17173334628869527, 0.46324085995033326, 0.2036627176580441, 0.24610836697586316, 0.9135961402520477, 0.2590368894917475, 0.14638450131872963, 0.628374367073839, 0.6683376679733096, 0.92, 0.6308097872817209, 0.051712082754962634, 0.224090336187592, -0.46600561346826536, 0.3208850470030651, 0.5095273515079561, 0.038358778183028866, -0.355094201607019, 0.3115992294111372, -0.03312829386688017, -0.08313174238133234, 0.30113479806674204, 0.7329502896924084, 0.1743643710375644, 0.9103502673825472, 0.33552714394662836], [0.3991547761630883, 0.4046470757002923, 0.34963549779330577, 0.038886040028047957, 0.7894039073319129, 0.4825697379090306, 0.2953534236588146, 0.6260375397177693, 0.33384573400414774, -0.03158757506120358, 0.6354618218629955, 0.7647443523154536, 0.5504124614516976, 1.1, 0.35407321812326026, -0.3795533170110809, -0.09829691092762075, 0.43354366356826746, 0.5846246355628978, 0.07605893585828319, -0.040413685699711675, 0.8949681183773948, 0.12616892734755591, -0.15552070563486745, -0.2762906399565418, 0.7419407881442636, -0.13758888287414686, 0.39141588623912443, 0.12076664987974531], [0.407707276539468, -0.045332545893473145, 0.9322716385524443, 0.08192921998583676, 0.5622484246991762, 0.9536141705326493, 0.5384147047972985, -0.2082943336752012, -0.020128317148376724, 0.28670079526885234, 0.5235215147539807, 0.4349103794388804, 0.050736383080340695, 0.26710786630351213, 1.0, -0.2628641187362877, 0.36161068624188003, 0.8565304015620945, 0.2861419215592303, 0.892345070926331, 0.06483633270658642, 0.6211430035015355, 0.954241439343677, -0.15203332322868998, 0.21248075439272487, 0.12620820489885415, 0.13190737790176052, -0.1619045439913035, 0.4051288050799765], [0.28004336122142603, 0.2587345436919637, -0.09588289942778715, 0.18760270346514907, -0.342296296715535, -0.23843955732307465, -0.29279908081533534, 0.22681371828276697, -0.18956961329942282, -0.09812553451680467, -0.18358826490561922, -0.281541962679506, 0.2553587551905118, -0.43269078139263223, -0.24283637635638003, 0.96, -0.1565527774765173, -0.24145254121525114, -0.20867985146703122, -0.018600738636305396, -0.2329871437471263, -0.2979953046819625, -0.4095827942346909, 0.04408507069640733, 0.6648554707320312, 0.20714933319203152, 0.44595224525618504, 0.4278212662089392, 0.20253854836547772], [0.5890822722012296, 0.4431539634177783, -0.09471873617252449, 0.8162430822693986, 0.343459171176541, 0.0347964087621416, 0.47191009363879083, -0.5636887797210777, 0.4091319980362547, 0.3122888018670281, -0.31839474475661234, -0.011028630847905037, -0.46600561346826536, -0.07595670389861602, 0.37224629466075887, -0.12191720723834976, 0.98, -0.04162765406929515, 0.30967388955144093, 0.06525335982235941, 0.8180224654898816, 0.07427603815517875, 0.25297606493959257, 0.5933403768625083, 0.05289744484496634, 0.06415473891196871, 0.2785964047364591, -0.21372546488141136, 0.1986684692688018], [0.2576532140693894, -0.29510754561325, 1.015189950563829, -0.34610319179881355, 0.529231259942014, 1.0700727419141667, 0.1958359427400495, -0.0026475752539335, -0.2836718807025674, 0.04532136956742214, 0.6405705380798101, 0.49480065958142705, 0.25439535257900653, 0.4292932354940688, 1.0066439770935955, -0.25967537451451533, -0.04162765406929515, 1.07, 0.07065215330106339, 1.0271372393712104, -0.3332094786021994, 0.9030450588835175, 0.8600269879926777, -0.5543154821457187, 0.2720005733823178, 0.02246741737492178, -0.16200745355009757, -0.14989167347022153, 0.17770090590748389], [0.38934263845399275, 0.6020915718075214, -0.0742026336363056, 0.5149882088968536, 0.876537836381361, 0.14933911699287775, 0.7854482917780695, 0.4730265411755494, 0.9091453922614708, 0.8351442576009376, 0.5081015636408344, 0.8650241245003573, 0.4285744078104304, 0.6084868655858732, 0.2834424694690489, -0.2344717432213834, 0.27461646809278717, 0.07883292894644969, 0.99, -0.11414334156030988, 0.486959466789223, 0.3482090954227379, 0.26306862991537827, 0.7109899785437258, -0.26891952571436084, 0.6796966329287779, 0.5599329700812464, 0.695476494022474, 0.6187379740256266], [0.31473157956777587, -0.3358999033112658, 1.0031483360401385, -0.22369684435354015, 0.2593178882066705, 1.032307102149301, 0.12781846752158574, -0.27777430120251767, -0.4339524814367426, 0.07348223496066365, 0.5397731471949702, 0.2508867705070478, 0.045370597850894354, 0.07936584611299113, 1.008349930146754, -0.020074064468884042, 0.07415154525268115, 0.8345490069891084, -0.12960025239660186, 0.93, -0.27704573999218957, 0.6325252453751293, 0.8228098213420358, -0.4987446267291514, 0.3916637886510839, -0.12625971520940435, -0.04087180637948286, -0.24403064248041736, 0.25187899073477493], [0.2602601679638785, 0.44431089958333003, -0.41924093257466466, 0.7389071490464655, 0.35243268579800163, -0.29023139717842383, 0.7041984802039551, -0.24251143947625026, 0.7451536157722181, 0.5336429926904698, -0.24863823895577267, 0.10179106223518643, -0.36862159976347686, -0.0408836122776153, 0.07017579540007002, -0.28255887645928085, 0.9213516190254456, -0.3234091998197818, 0.5485290545441822, -0.32420246169298783, 1.14, -0.15638563435619696, 0.14824171437463607, 0.8070209563312546, -0.18979685199692997, 0.19070614415402715, 0.4926955897830717, 0.02022969557596366, 0.3291524204393333], [0.5250893496957213, 0.2101935516558188, 0.9012553475399314, 0.011032057746392116, 0.6501202335059977, 0.7863750634111313, 0.19565761895062916, 0.16918052489452715, -0.03273130966536779, -0.11138365413668692, 0.6135395555014407, 0.6980932773371934, 0.35711372359478644, 0.863287831001204, 0.6722959567310737, -0.30413953776818853, 0.07877761622518958, 0.8471042145279014, 0.32644602695881675, 0.5333055990417757, -0.19038251139015283, 0.93, 0.47863973611658783, -0.3768081331748098, -0.011268106053035475, 0.4345722760895313, -0.20493369206741374, 0.0695914108836036, 0.14659350242210242], [0.00354663636034106, -0.37261010104139464, 0.5864232614224271, -0.15013721436128138, 0.6110670004785733, 0.6248417092371547, 0.6694571519463104, -0.24453571617440847, 0.042898720203853165, 0.4503634800332987, 0.5719452759838005, 0.4090161334367602, -0.034414829551030854, 0.16344611042751558, 0.7807429958266447, -0.4770434897556988, 0.304109524874191, 0.6645663089034327, 0.24519017933860499, 0.7548713957266383, 0.17476917905220254, 0.3965872099251727, 0.99, -0.048781008173802716, 0.08513361438576593, -0.19894340966898388, 0.02035552398054785, -0.2890543421002967, 0.32274431291234496], [0.16648395017495843, 0.5471255279404283, -0.6553010503088886, 0.793717538979545, 0.3648854566628061, -0.4465318103931719, 0.668137910840507, 0.048457160729414445, 0.7351137586549699, 0.8868380767754526, -0.09532376271707346, 0.09050259853658832, -0.07330708191808395, -0.1298383872731462, -0.13602981552040685, 0.05094274836029292, 0.484470582942782, -0.5034608507562032, 0.6445423169975832, -0.5122242112353446, 0.8070209563312546, -0.36887533037112963, -0.03955216878956977, 1.09, -0.17167536516616005, 0.36055476986209595, 0.8730034416462145, 0.3804660693066091, 0.5981553479006425], [0.20105656954019602, -0.08437156991021924, 0.2920103176163725, -0.0030508466338916656, -0.07955679627821802, 0.146414969563958, -0.08205996624028061, 0.055534275291490846, -0.28947448341420634, -0.007390594036369495, 0.06424767592704167, -0.10131539082857033, 0.24431691163905483, -0.27117414662401323, 0.20823113930487036, 0.7239537347971007, 0.0486229038473933, 0.2408338410155939, -0.22608278710499363, 0.40869264902721797, -0.19363113183525177, -0.008912047514673511, 0.08745544023265044, -0.17327980783126437, 0.85, -0.02335126136594727, 0.16557099525001448, 0.1685907652119132, 0.15686049146559877], [0.6257713266776281, 0.9602508757336272, 0.03924234548168383, 0.4567375648041052, 0.4997736046070168, 0.1842975316944461, 0.47365846060655653, 0.6807347386083827, 0.6079833580459694, 0.2744227069404491, 0.40294878942210355, 0.707035518686406, 0.7070051466944471, 0.5974921391250264, 0.10517350408237845, 0.2115567658131386, 0.07097971113664624, 0.01705116497203885, 0.7723825374190658, -0.13626048473094135, 0.18696680799414425, 0.443010572712629, -0.17743601402909373, 0.42325994722941696, -0.02186075532131234, 1.0, 0.5214572815326239, 0.8559237796142598, 0.6513369109525151], [0.47395078447600275, 0.5272431504864732, -0.252736175504815, 0.6520353138684362, 0.32603396868666285, -0.05428057212368367, 0.6668103694759161, 0.1645268017498439, 0.5561380466618939, 0.7733651678922694, 0.18480564572748612, 0.16637893715965252, 0.16908060221824425, -0.12925016269995615, 0.12026849161631106, 0.4415368764912723, 0.3436022325082996, -0.20965670459424393, 0.6649204019714802, -0.040441576838646194, 0.41207267509129636, -0.15735979926604982, 0.0194705011987849, 0.8807981152323413, 0.19868519430001738, 0.6188723780826747, 0.91, 0.6603829626494685, 0.7854428995248074], [0.3183308082105028, 0.7011481019501282, -0.18801265724349858, 0.25450545817849185, 0.4043813506955615, -0.08904905582817754, 0.35455658003269946, 0.904866048051023, 0.5791589341109351, 0.37434827053668335, 0.41449526285056093, 0.5676705479157059, 0.7477877196356637, 0.44612993485319563, -0.15310538399177612, 0.4278212662089392, -0.2254686222924779, -0.13340358938849717, 0.6304786908428035, -0.26105603614184186, 0.019868451012107168, 0.07604834591404105, -0.30493644880910414, 0.37245625732120685, 0.1685907652119132, 0.7781125269220543, 0.6603829626494685, 0.96, 0.5780816108586538], [0.4059506558284034, 0.4266124720986849, 0.13480167452488753, 0.4580074931092673, 0.5405226733679152, 0.2834738202309737, 0.764774462595466, 0.27113821655634535, 0.4765130939426722, 0.818835810757435, 0.6075379672173544, 0.3866366832175961, 0.3389861866677276, 0.10063887489978776, 0.4879960606645172, 0.21195894596387202, 0.21456194681030596, 0.2383282738053313, 0.6393625731598142, 0.29842184771837466, 0.2738082081530737, 0.13398330866536243, 0.35431712613203087, 0.6388066822239872, 0.16412255125567277, 0.6083240960782924, 0.8666956132687529, 0.5723580305531226, 0.85]]}, {"name": 2, "matrix": [[0.87, 0.6908169481074983, 0.34296084141617406, 0.7468098053046018, 0.392857368532015, 0.5257650434740452, 0.2625265847904307, 0.05654958913346864, 0.22199575595934964, 0.06969468251828465, 0.10690724517073776, 0.31764337983101515, 0.1569653220672558, 0.2670284946832522, 0.43376806942566515, 0.26003101245941806, 0.5979520829718502, 0.26639643701383786, 0.40251392646164924, 0.2489627824923042, 0.22889910898948515, 0.6448214035364562, 0.0031660099472005355, 0.19403739590722482, 0.1635263417316015, 0.7055207229645555, 0.43922724934315527, 0.26235614478364266, 0.3400350798463572], [0.7754067784880083, 1.06, -0.26748748707500475, 0.7152585685124192, 0.4278594099764872, -0.012419105977168096, 0.28683699579322347, 0.2788658714003434, 0.659771659804508, 0.21307511961457015, -0.08436936523017, 0.38128545945046444, 0.24071745990037735, 0.4470915966209133, -0.053868408890314884, 0.27978838612757095, 0.3748008856880255, -0.2778668646780259, 0.745966377389917, -0.24402524383327212, 0.5846111113775022, 0.16104288965356514, -0.25775577519611986, 0.4578070146331858, -0.009003202081020014, 0.9568609969922675, 0.5817433130078801, 0.7117373340912517, 0.41492535870446223], [0.4375707287033945, -0.21155828523204917, 1.08, -0.2841129005991702, 0.25580892976065794, 0.8892376209879809, 0.09087986353905263, 0.03874379798432038, -0.4023110717469827, -0.1280220808615528, 0.6351438178837104, 0.44958387505696135, 0.27275175957364733, 0.2879520120779138, 0.7382974061740115, -0.08073860254113266, -0.05787171422690614, 0.9885305729990119, -0.08690592487399756, 0.7484143016595766, -0.4187645332561546, 0.8070414315928469, 0.5375206189479966, -0.48543771980561445, 0.22465597786351313, 0.0024288829279168864, -0.23337822806415562, -0.16855158941255236, 0.04732841212203444], [0.7049326199604186, 0.7069416084134376, -0.2729712182227321, 0.87, 0.3454367828056082, -0.031974111808287214, 0.30050017787697814, -0.1382704574346566, 0.6980528702795331, 0.3012736758672816, -0.2976646496528117, 0.13796258563692965, -0.1943954980024823, 0.09800583657189157, 0.09960308637928535, 0.23534389243375195, 0.7699705701760412, -0.30254867010446357, 0.5830963901392928, -0.08951184317249061, 0.7611329425713224, 0.04233558938438668, -0.05657645045858166, 0.6019196469547485, 0.03753906491562106, 0.5300431656327179, 0.6971740236984181, 0.36469007756059635, 0.4173836322410961], [0.38214307666296005, 0.4415144975289283, 0.23471128606905728, 0.37363570385096395, 0.85, 0.6186838132580083, 0.6568921668234716, 0.2462647508062185, 0.6028413723624442, 0.5589819065794361, 0.6730342378106862, 0.7463262006665508, 0.4116136325213639, 0.7674443433094302, 0.480881537008177, -0.24692659414713505, 0.30606696693831165, 0.38670841078053675, 0.7342254532182759, 0.39045417364855955, 0.4284964375828391, 0.6176172442902407, 0.519505358082859, 0.3152337303738751, -0.023321750317938615, 0.7008640444041612, 0.35406711954383774, 0.4051808505801962, 0.5097696557560245], [0.5071538914926631, -0.012197336227575808, 0.8092062350990626, -0.02731768775853665, 0.5910640001661329, 1.07, 0.20379725668119797, -0.019272715388039756, -0.18369420407492368, 0.04089749130832202, 0.6251826161860917, 0.4981766155650183, 0.2382118719300325, 0.49823944693359956, 0.948950403110102, -0.1133675420085191, 0.09956175063492566, 0.7344940303697124, 0.22105162655964433, 0.8528694429973337, -0.14943801459275952, 0.7853513441139184, 0.74102150181371, -0.3603366969477591, 0.16408571515771686, 0.21358422057213514, -0.01516503727180099, -0.03566540472708522, 0.28106020087836847], [0.25223142460257064, 0.28683699579322347, 0.0978706222728259, 0.34592462337000973, 0.6638803813641468, 0.19802940979399425, 1.09, 0.18792002827256526, 0.7521825752628998, 0.908883585502713, 0.490925228528296, 0.5155222582387714, 0.2813300790997182, 0.20475135729605415, 0.5804891139121443, -0.3246869814248945, 0.4280898917008238, 0.2899389480731377, 0.8034324815915603, 0.04844415366480036, 0.4998470677760657, 0.19779645979159993, 0.5589424987531683, 0.5882641479813102, -0.10994707437726756, 0.3802434274528869, 0.530234427005499, 0.22440528969103146, 0.5705774055584899], [0.06445437041019007, 0.3321323861622068, 0.043301891864828655, -0.15846726582398846, 0.2774016733219473, -0.02222262080457645, 0.21165729500173144, 0.9, 0.26292064332926707, 0.09886754832036823, 0.6054775322577479, 0.6481217478772707, 1.0442840748373041, 0.39999623642544113, -0.1597459179915357, 0.14555608820679056, -0.5648089254475963, 0.0026756327062495656, 0.35342611768973287, -0.28099668180688664, -0.2775052202386158, 0.2685892715431301, -0.3438480737413952, 0.07293446932414539, -0.03639493895611603, 0.6243321260649805, 0.12527484106218417, 0.7099216644878286, 0.15401790787823158], [0.21264856623474546, 0.7549964354463958, -0.44124440127088427, 0.6345935184359391, 0.6094660028279655, -0.15059614928664913, 0.731480302549242, 0.24730159521069672, 1.02, 0.6634430294182134, 0.15643427353662867, 0.5205289356771627, 0.19107047260173862, 0.3952132703960713, -0.013451530445746146, -0.08684809192078771, 0.4501625333305428, -0.2023914772172213, 0.8832228945769829, -0.25727573721003655, 0.8338769616365063, -0.065529330547893, 0.1549441557721906, 0.6492182302546062, -0.12433900651038175, 0.7087365166376965, 0.6809091086648436, 0.649700191724946, 0.5689902390279676], [0.06586530435793933, 0.21307511961457015, -0.09918827886570757, 0.3012736758672816, 0.6331325676563002, 0.044746666960869985, 0.728821743091798, 0.1059295160575374, 0.5677541309444326, 0.94, 0.5076121791488507, 0.3162147404645557, 0.14491622016250513, -0.11408203806538234, 0.2515070425781818, -0.07732259923377957, 0.2489148615244579, 0.02767349170290718, 0.6877629408798626, 0.01227728361116446, 0.5023869734516024, -0.10474507402818208, 0.4977376706844141, 0.7979000069196855, -0.0191824521311371, 0.2765202526535882, 0.7503222367912435, 0.2908657894480569, 0.702422776