{"nodes": [{"name": "DANLaIPS"}, {"name": "DANLFEF"}, {"name": "DANLpIPS"}, {"name": "DANRaIPS"}, {"name": "DANRFEF"}, {"name": "DANRpIPS"}, {"name": "DMNLAG"}, {"name": "DMNLHC"}, {"name": "DMNLlattemp"}, {"name": "DMNmPFC"}, {"name": "DMNPCC"}, {"name": "DMNRAG"}, {"name": "DMNRHC"}, {"name": "DMNRlattemp"}, {"name": "FPTCLdlPFC"}, {"name": "FPTCLfrontal"}, {"name": "FPTCLIPL"}, {"name": "FPTCLIPS"}, {"name": "FPTCRdlPFC"}, {"name": "FPTCRfrontal"}, {"name": "FPTCRIPL"}, {"name": "FPTCRIPS"}, {"name": "SALACC"}, {"name": "SALLFIC"}, {"name": "SALRFIC"}, {"name": "SENLSM"}, {"name": "SENLV1"}, {"name": "SENRSM"}, {"name": "SENRV1"}], "stablestate": -1, "similarStates": [1, 4], "stateborders": [5, 15, 26, 37, 48, 61], "times": [{"name": 0, "matrix": [[1.0, 0.2530295369552255, 0.0412534371561155, -0.2998929482666892, -0.03880542935387197, -0.6237670993505628, 0.2248680891098564, 0.12590573942851038, 0.5489938626934137, 0.009820332829288732, 0.3543557360994921, -0.7466388759958732, 0.17661660487897848, -0.021424899832252365, -0.6040651602706596, -0.5024603428166047, -0.3038571382284674, 0.05314662028185442, -0.572944126500981, -0.45338517731752015, -0.3193201659126636, -0.4657075348455584, 0.6080014854098919, -0.5053189579086628, 0.8491808344517046, 0.4195778676069289, -0.021411507452087915, 0.2699222089620997, 0.21823201870006287], [0.2530295369552255, 1.0, -0.6351615989944146, 0.6861386651055623, 0.9051745976291309, -0.044267982270138055, -0.5814842144323057, 0.189020104033716, 0.45896905463843596, 0.00048049757529740767, -0.5889679212607639, -0.4435361019104067, 0.5621607755445496, 0.8120433506533933, -0.48098784290842833, 0.3828296741746592, 0.5484896319570195, -0.7960907859881129, 0.25782973121716546, 0.4725235180974091, 0.7677264161575003, -0.19910196475072406, 0.15045562234246584, -0.021270707481663185, 0.6907684004324199, 0.8364947401570474, 0.42899144539230516, 0.3916632332656417, 0.6131711666796708], [0.0412534371561155, -0.6351615989944146, 1.0, -0.22757663065754669, -0.8091860687974752, 0.4407644551854398, -0.039925446894524805, 0.05319861277671906, -0.7331683092297625, -0.5954130291303921, 0.29746915433316135, 0.5598611055594865, -0.2579167588604665, -0.3455953950008223, 0.13115511099110314, -0.1315107967144623, -0.24357493149280046, 0.76955997661478, 0.17900959486358062, -0.17725114242591555, -0.3802365881712063, 0.6756890764919242, -0.14932228972664405, 0.11452345800003517, -0.23015621915947956, -0.8481444310062236, 0.33891865786612113, -0.8349860696931642, 0.19042322260614092], [-0.2998929482666892, 0.6861386651055623, -0.22757663065754669, 1.0, 0.6254386858378163, 0.6245162611995785, -0.9310706778499386, 0.276655143615285, -0.2230377375253194, -0.4570309702538306, -0.9384396551017881, 0.19325736015980002, 0.4837279756144947, 0.8872090406534409, 0.111338106351838, 0.9025812988934515, 0.9304823672556906, -0.41844119584967476, 0.772083791266966, 0.9306928348657565, 0.9601718659475039, 0.40368947013240775, -0.4556995139431587, 0.5988409731630581, 0.2182516376562071, 0.2929674503415805, 0.7904096670315378, -0.10228078165234804, 0.7586104681395262], [-0.03880542935387197, 0.9051745976291309, -0.8091860687974752, 0.6254386858378163, 1.0, -0.00895776925598638, -0.4195670606781005, -0.10526161236916402, 0.5003028709051427, 0.3160323983740538, -0.5250297987755911, -0.34954916810658265, 0.29751034606128335, 0.6351329453349439, -0.3657252316285815, 0.3709694422563784, 0.5066044520017646, -0.925353301141041, 0.30873293408999025, 0.42837477189599377, 0.7848585774933358, -0.2392336632717768, 0.18672425501812248, 0.04208807808250522, 0.38759231151315143, 0.8135892246503951, 0.2112706667293014, 0.5363714232206597, 0.34942586767269673], [-0.6237670993505628, -0.044267982270138055, 0.4407644551854398, 0.6245162611995785, -0.00895776925598638, 1.0, -0.6822813999765903, -0.0634387099868845, -0.8157557110722684, -0.5377447545726451, -0.49582685139890986, 0.8224902178363318, -0.10101366516078548, 0.28883094540637383, 0.3158002660737166, 0.6611806544500051, 0.5430745446506289, 0.08264695487630984, 0.9400891261896271, 0.6143225229762339, 0.5649582429439209, 0.9295369576755199, -0.4954137700210018, 0.6544186329667314, -0.40498852836165405, -0.517116428395477, 0.7296571618175568, -0.6642069883477584, 0.513781474379738], [0.2248680891098564, -0.5814842144323057, -0.039925446894524805, -0.9310706778499386, -0.4195670606781005, -0.6822813999765903, 1.0, -0.4562244265397989, 0.4201447454690779, 0.6951748498021131, 0.8559051176423146, -0.338575814057854, -0.5896821810931612, -0.8798091534468727, -0.01672320924862954, -0.8082739009913941, -0.7928110168917262, 0.26840777313440384, -0.7807962897076937, -0.8646239994137357, -0.8466441862078657, -0.5770476623622919, 0.5096712789707071, -0.47539301924935334, -0.23317362790790566, -0.0914659623579743, -0.9054182351394066, 0.406866048894391, -0.8621189340216658], [0.12590573942851038, 0.189020104033716, 0.05319861277671906, 0.276655143615285, -0.10526161236916402, -0.0634387099868845, -0.4562244265397989, 1.0, -0.18283086215143446, -0.700448867458455, -0.4779013486340609, -0.019437356021062682, 0.9132264173366159, 0.5921716171826918, 0.170185853610488, 0.3288006290779932, 0.26859814199226445, 0.17899546537986238, -0.09578405568572475, 0.43476968823859063, 0.08013895072212876, -0.011784399593913917, -0.6338719303986646, 0.01699695864730574, 0.3058402135683556, 0.060583528679564104, 0.2822897116477926, -0.2772397329876081, 0.30758924108158203], [0.5489938626934137, 0.45896905463843596, -0.7331683092297625, -0.2230377375253194, 0.5003028709051427, -0.8157557110722684, 0.4201447454690779, -0.18283086215143446, 1.0, 0.6912153504068254, 0.1975813958411656, -0.9352420828719874, 0.0481720022264904, -0.023891265161542125, -0.41571658563153807, -0.3617090954245562, -0.16578830473678552, -0.4587350767566998, -0.6318853455022055, -0.3282388450650159, -0.08773509716776945, -0.9110347115388024, 0.6248330990392279, -0.3958560226803876, 0.5490834510750857, 0.8511763361539043, -0.4904355171198984, 0.8870269141080457, -0.24377242885026965], [0.009820332829288732, 0.00048049757529740767, -0.5954130291303921, -0.4570309702538306, 0.3160323983740538, -0.5377447545726451, 0.6951748498021131, -0.700448867458455, 0.6912153504068254, 1.0, 0.4897624985515296, -0.4371699607953191, -0.5425235430002192, -0.5038803043364999, -0.2267373044694867, -0.5015629565539911, -0.4199158512394142, -0.4217761320831686, -0.4194566857563995, -0.5356050419098842, -0.22786378787739567, -0.6274284960612588, 0.6408027445898687, -0.3403923668172327, -0.1386352352603792, 0.3897390920797337, -0.7423751985909934, 0.7307324565426556, -0.6465494808667991], [0.3543557360994921, -0.5889679212607639, 0.29746915433316135, -0.9384396551017881, -0.5250297987755911, -0.49582685139890986, 0.8559051176423146, -0.4779013486340609, 0.1975813958411656, 0.4897624985515296, 1.0, -0.13931912329297977, -0.6193548735788396, -0.8918026195967671, -0.34615200078740577, -0.9552018225757207, -0.9522265349341243, 0.284911538958168, -0.5988051776306524, -0.9850232702193578, -0.846921449726198, -0.24860204687295495, 0.6640037696912399, -0.6491364918016642, -0.15414864825265362, -0.2960851233541451, -0.6346165689600118, 0.030749308497467397, -0.587889370325611], [-0.7466388759958732, -0.4435361019104067, 0.5598611055594865, 0.19325736015980002, -0.34954916810658265, 0.8224902178363318, -0.338575814057854, -0.019437356021062682, -0.9352420828719874, -0.4371699607953191, -0.13931912329297977, 1.0, -0.18810668155934362, -0.058849711484709084, 0.36354239406134997, 0.30885520073549133, 0.0904044735323407, 0.24729499143890105, 0.6876086200402242, 0.27366391822353786, 0.1427681739365088, 0.8826043926636183, -0.5383906164144749, 0.3318511412244002, -0.7360224272094152, -0.8152435955462103, 0.34347086476800553, -0.7993347179923159, 0.08552711289198071], [0.17661660487897848, 0.5621607755445496, -0.2579167588604665, 0.4837279756144947, 0.29751034606128335, -0.10101366516078548, -0.5896821810931612, 0.9132264173366159, 0.0481720022264904, -0.5425235430002192, -0.6193548735788396, -0.18810668155934362, 1.0, 0.8134131471122197, -0.06748087190870296, 0.4000593388634904, 0.4087328308496511, -0.21766536910907439, 0.006097251181673189, 0.5315194846802391, 0.36650636287583327, -0.11675563333298582, -0.46771303764567435, -0.045318880142824966, 0.5025999407145317, 0.39900877322523365, 0.3566805720056613, -0.054199882056000195, 0.4545490874003116], [-0.021424899832252365, 0.8120433506533933, -0.3455953950008223, 0.8872090406534409, 0.6351329453349439, 0.28883094540637383, -0.8798091534468727, 0.5921716171826918, -0.023891265161542125, -0.5038803043364999, -0.8918026195967671, -0.058849711484709084, 0.8134131471122197, 1.0, -0.07064386153170162, 0.7348791377371107, 0.7895258630663666, -0.4722230408271919, 0.47631794050522586, 0.8237762702077114, 0.8277307062865955, 0.14082416996987215, -0.4207837665539588, 0.2841152224774137, 0.48312988560122966, 0.4894971755074063, 0.6759588515619545, -0.008677135505762993, 0.7380719756691267], [-0.6040651602706596, -0.48098784290842833, 0.13115511099110314, 0.111338106351838, -0.3657252316285815, 0.3158002660737166, -0.01672320924862954, 0.170185853610488, -0.41571658563153807, -0.2267373044694867, -0.34615200078740577, 0.36354239406134997, -0.06748087190870296, -0.07064386153170162, 1.0, 0.5248468324888229, 0.38507956753385447, 0.5451675592240088, 0.10511977272979298, 0.43289527465417627, -0.04752843881532111, 0.14471027809837084, -0.7652348433217248, 0.7263196114678453, -0.5792333467422146, -0.40386326101234976, -0.08307971182772575, -0.09869533677354336, -0.30010890875396673], [-0.5024603428166047, 0.3828296741746592, -0.1315107967144623, 0.9025812988934515, 0.3709694422563784, 0.6611806544500051, -0.8082739009913941, 0.3288006290779932, -0.3617090954245562, -0.5015629565539911, -0.9552018225757207, 0.30885520073549133, 0.4000593388634904, 0.7348791377371107, 0.5248468324888229, 1.0, 0.9630211606427652, -0.10850310021583273, 0.692898024838844, 0.9852840186059596, 0.7953005385687496, 0.4001790999689582, -0.7210253233880065, 0.8227902223578955, -0.050936560545763815, 0.0826883343300333, 0.6426017470105932, -0.1359689117344466, 0.5244216778397264], [-0.3038571382284674, 0.5484896319570195, -0.24357493149280046, 0.9304823672556906, 0.5066044520017646, 0.5430745446506289, -0.7928110168917262, 0.26859814199226445, -0.16578830473678552, -0.4199158512394142, -0.9522265349341243, 0.0904044735323407, 0.4087328308496511, 0.7895258630663666, 0.38507956753385447, 0.9630211606427652, 1.0, -0.21548861607239267, 0.6278722632475625, 0.9501071321278102, 0.8448704934486462, 0.26383248322862657, -0.5468165114372285, 0.7715811222198051, 0.17104052111937784, 0.2882817089189108, 0.6583971758571134, 0.045341187960255144, 0.6039464780919857], [0.05314662028185442, -0.7960907859881129, 0.76955997661478, -0.41844119584967476, -0.925353301141041, 0.08264695487630984, 0.26840777313440384, 0.17899546537986238, -0.4587350767566998, -0.4217761320831686, 0.284911538958168, 0.24729499143890105, -0.21766536910907439, -0.4722230408271919, 0.5451675592240088, -0.10850310021583273, -0.21548861607239267, 1.0, -0.25186107925362883, -0.18503967921546305, -0.6301866163584607, 0.21445642195826517, -0.3122372501881797, 0.25425683531240134, -0.2766980010910282, -0.7020942342657812, -0.060547196402978315, -0.4617453984082892, -0.20380158263236453], [-0.572944126500981, 0.25782973121716546, 0.17900959486358062, 0.772083791266966, 0.30873293408999025, 0.9400891261896271, -0.7807962897076937, -0.09578405568572475, -0.6318853455022055, -0.4194566857563995, -0.5988051776306524, 0.6876086200402242, 0.006097251181673189, 0.47631794050522586, 0.10511977272979298, 0.692898024838844, 0.6278722632475625, -0.25186107925362883, 1.0, 0.6736133315960089, 0.7769465003199082, 0.8314326384180716, -0.3700397174217033, 0.5461816869359969, -0.2414489750689111, -0.2418611087173344, 0.7656999017595112, -0.4844147780992835, 0.6137505348835729], [-0.45338517731752015, 0.4725235180974091, -0.17725114242591555, 0.9306928348657565, 0.42837477189599377, 0.6143225229762339, -0.8646239994137357, 0.43476968823859063, -0.3282388450650159, -0.5356050419098842, -0.9850232702193578, 0.27366391822353786, 0.5315194846802391, 0.8237762702077114, 0.43289527465417627, 0.9852840186059596, 0.9501071321278102, -0.18503967921546305, 0.6736133315960089, 1.0, 0.8254406513247824, 0.37081044398305457, -0.724604729856118, 0.7421044527983093, 0.031193618497529642, 0.14791884822790743, 0.6715906991030711, -0.14941008741594813, 0.5806218703749243], [-0.3193201659126636, 0.7677264161575003, -0.3802365881712063, 0.9601718659475039, 0.7848585774933358, 0.5649582429439209, -0.8466441862078657, 0.08013895072212876, -0.08773509716776945, -0.22786378787739567, -0.846921449726198, 0.1427681739365088, 0.36650636287583327, 0.8277307062865955, -0.04752843881532111, 0.7953005385687496, 0.8448704934486462, -0.6301866163584607, 0.7769465003199082, 0.8254406513247824, 1.0, 0.3322894753443955, -0.2646348651852173, 0.47408581320254817, 0.19834929777116145, 0.40106597863635546, 0.6892013528863137, 0.028189770467195046, 0.6852951924339697], [-0.4657075348455584, -0.19910196475072406, 0.6756890764919242, 0.40368947013240775, -0.2392336632717768, 0.9295369576755199, -0.5770476623622919, -0.011784399593913917, -0.9110347115388024, -0.6274284960612588, -0.24860204687295495, 0.8826043926636183, -0.11675563333298582, 0.14082416996987215, 0.14471027809837084, 0.4001790999689582, 0.26383248322862657, 0.21445642195826517, 0.8314326384180716, 0.37081044398305457, 0.3322894753443955, 1.0, -0.3905909954903023, 0.39558976839103244, -0.3826477393809771, -0.6920102338120622, 0.6976125868741503, -0.8577030297669197, 0.493550762306395], [0.6080014854098919, 0.15045562234246584, -0.14932228972664405, -0.4556995139431587, 0.18672425501812248, -0.4954137700210018, 0.5096712789707071, -0.6338719303986646, 0.6248330990392279, 0.6408027445898687, 0.6640037696912399, -0.5383906164144749, -0.46771303764567435, -0.4207837665539588, -0.7652348433217248, -0.7210253233880065, -0.5468165114372285, -0.3122372501881797, -0.3700397174217033, -0.724604729856118, -0.2646348651852173, -0.3905909954903023, 1.0, -0.6022141336989149, 0.383005485600348, 0.3536006038635957, -0.30824014775810327, 0.4168989616184027, -0.11796525798634462], [-0.5053189579086628, -0.021270707481663185, 0.11452345800003517, 0.5988409731630581, 0.04208807808250522, 0.6544186329667314, -0.47539301924935334, 0.01699695864730574, -0.3958560226803876, -0.3403923668172327, -0.6491364918016642, 0.3318511412244002, -0.045318880142824966, 0.2841152224774137, 0.7263196114678453, 0.8227902223578955, 0.7715811222198051, 0.25425683531240134, 0.5461816869359969, 0.7421044527983093, 0.47408581320254817, 0.39558976839103244, -0.6022141336989149, 1.0, -0.25031476589968144, -0.182471665389509, 0.47726321284969153, -0.15355709332696235, 0.3018207888882024], [0.8491808344517046, 0.6907684004324199, -0.23015621915947956, 0.2182516376562071, 0.38759231151315143, -0.40498852836165405, -0.23317362790790566, 0.3058402135683556, 0.5490834510750857, -0.1386352352603792, -0.15414864825265362, -0.7360224272094152, 0.5025999407145317, 0.48312988560122966, -0.5792333467422146, -0.050936560545763815, 0.17104052111937784, -0.2766980010910282, -0.2414489750689111, 0.031193618497529642, 0.19834929777116145, -0.3826477393809771, 0.383005485600348, -0.25031476589968144, 1.0, 0.6931623503416994, 0.31168604710242687, 0.32990026941125666, 0.5627734564080148], [0.4195778676069289, 0.8364947401570474, -0.8481444310062236, 0.2929674503415805, 0.8135892246503951, -0.517116428395477, -0.0914659623579743, 0.060583528679564104, 0.8511763361539043, 0.3897390920797337, -0.2960851233541451, -0.8152435955462103, 0.39900877322523365, 0.4894971755074063, -0.40386326101234976, 0.0826883343300333, 0.2882817089189108, -0.7020942342657812, -0.2418611087173344, 0.14791884822790743, 0.40106597863635546, -0.6920102338120622, 0.3536006038635957, -0.182471665389509, 0.6931623503416994, 1.0, -0.0748276491996777, 0.7989550959218901, 0.16486304175896238], [-0.021411507452087915, 0.42899144539230516, 0.33891865786612113, 0.7904096670315378, 0.2112706667293014, 0.7296571618175568, -0.9054182351394066, 0.2822897116477926, -0.4904355171198984, -0.7423751985909934, -0.6346165689600118, 0.34347086476800553, 0.3566805720056613, 0.6759588515619545, -0.08307971182772575, 0.6426017470105932, 0.6583971758571134, -0.060547196402978315, 0.7656999017595112, 0.6715906991030711, 0.6892013528863137, 0.6976125868741503, -0.30824014775810327, 0.47726321284969153, 0.31168604710242687, -0.0748276491996777, 1.0, -0.5338354836345759, 0.9564919659134623], [0.2699222089620997, 0.3916632332656417, -0.8349860696931642, -0.10228078165234804, 0.5363714232206597, -0.6642069883477584, 0.406866048894391, -0.2772397329876081, 0.8870269141080457, 0.7307324565426556, 0.030749308497467397, -0.7993347179923159, -0.054199882056000195, -0.008677135505762993, -0.09869533677354336, -0.1359689117344466, 0.045341187960255144, -0.4617453984082892, -0.4844147780992835, -0.14941008741594813, 0.028189770467195046, -0.8577030297669197, 0.4168989616184027, -0.15355709332696235, 0.32990026941125666, 0.7989550959218901, -0.5338354836345759, 1.0, -0.3592783845420263], [0.21823201870006287, 0.6131711666796708, 0.19042322260614092, 0.7586104681395262, 0.34942586767269673, 0.513781474379738, -0.8621189340216658, 0.30758924108158203, -0.24377242885026965, -0.6465494808667991, -0.587889370325611, 0.08552711289198071, 0.4545490874003116, 0.7380719756691267, -0.30010890875396673, 0.5244216778397264, 0.6039464780919857, -0.20380158263236453, 0.6137505348835729, 0.5806218703749243, 0.6852951924339697, 0.493550762306395, -0.11796525798634462, 0.3018207888882024, 0.5627734564080148, 0.16486304175896238, 0.9564919659134623, -0.3592783845420263, 1.0]]}, {"name": 1, "matrix": [[0.87, 0.2631507184334345, 0.04290357464236012, -0.28789723033602166, -0.04423818946341404, -0.536439705441484, 0.19563523752557507, 0.1422734855542167, 0.5654636785742161, 0.010409552799046057, 0.31183304776755305, -0.8287691523554194, 0.1854474351229274, -0.02121065083392984, -0.5436586442435937, -0.42709129139411395, -0.27347142440562067, 0.04995782306494315, -0.635967980416089, -0.43071591845164414, -0.2746153426848907, -0.5215924390270255, 0.5715213962852983, -0.47499982043414296, 0.7218037092839489, 0.3860116381983746, -0.021839737601129675, 0.2348323217970267, 0.1964088168300566], [0.2758021952811958, 0.93, -0.6923261429039119, 0.5969406386418392, 0.9504333275105875, -0.04161190333392977, -0.616373267298244, 0.2154829185984362, 0.4773278168239734, 0.0005141324055682263, -0.6066369588985868, -0.45684218496771895, 0.5003230902346492, 0.7633207496141896, -0.41364954490124833, 0.39048626765815236, 0.5539745282765897, -0.7562862466887073, 0.283612704338882, 0.46307304773546093, 0.7600491519959253, -0.1871558468656806, 0.1489510661190412, -0.02382319237946277, 0.7391221884626894, 0.8783194771648998, 0.40325195866876684, 0.375996703935016, 0.6193028783464675], [0.03630302469738164, -0.6796229109240237, 1.11, -0.21164626651151844, -0.7849104867335509, 0.4848409007039838, -0.036332156674017575, 0.05532655728778783, -0.6891782106759767, -0.5180093353434411, 0.3063932289631562, 0.6214458271710301, -0.29402510510093177, -0.2972120397007072, 0.11148184434243766, -0.1315107967144623, -0.2630609260122245, 0.6849083791871542, 0.1646888272744942, -0.15775351675906485, -0.4068531493431908, 0.7567717656709552, -0.14484262103484472, 0.12483056922003835, -0.22555309477628996, -0.7802928765257258, 0.3084159786581702, -0.7848869055115744, 0.1656682036673426], [-0.28489830085335477, 0.6724158918034511, -0.20481896759179202, 1.08, 0.5628948172540347, 0.6744775620955448, -0.9031385575144404, 0.23792342350914508, -0.20519471852329388, -0.39761694412083265, -0.9947460344078954, 0.18359449215181, 0.5224262136636543, 0.8428485886207687, 0.11801839273294829, 0.9116071118823861, 1.0421402513263736, -0.40170354801568775, 0.6639920604895908, 0.9586136199117292, 0.8929598353311787, 0.36332052311916696, -0.41924355282770603, 0.5090148271885994, 0.2029740230202726, 0.2958971248449963, 0.8220260537127994, -0.09716674256973064, 0.7586104681395262], [-0.03414877783140733, 1.0228472953209178, -0.7768186260455762, 0.7130001018551104, 1.12, -0.00895776925598638, -0.44474108431878656, -0.11157730911131387, 0.5053058996141941, 0.36027693414642126, -0.48827771286129973, -0.342558184744451, 0.2945352426006705, 0.7177002282284866, -0.3437817177308666, 0.38580821994663356, 0.4914063184417117, -0.9068462351182202, 0.29020895804459085, 0.44979351049079347, 0.8162529205930692, -0.24641067316993012, 0.19979495286939106, 0.039141912616729856, 0.39534415774341447, 0.8786763626224268, 0.1964817200582503, 0.5470988516850729, 0.3109890222287001], [-0.6923814802791248, -0.04072654368852701, 0.5024714789114013, 0.5870452855276037, -0.008420303100627198, 0.85, -0.7163954699754199, -0.06978258098557295, -0.6933923544114281, -0.5269898594811923, -0.505743388426888, 0.904739239619965, -0.10000352850917762, 0.2570595414116727, 0.29053624478781925, 0.6215098151830047, 0.5485052900971352, 0.07686166803496815, 0.9964944737610049, 0.6266089734357586, 0.5084624186495289, 1.022490653443072, -0.549909284723312, 0.6740511919557334, -0.4373876106305864, -0.5533145783831604, 0.8099194496174881, -0.637638708813848, 0.4675411416855616], [0.23611149356534922, -0.5931138987209518, -0.03832842901874381, -0.9496920914069373, -0.44893675492556756, -0.6822813999765903, 1.12, -0.406039739620421, 0.45795777256129494, 0.6465126103159652, 0.7360784011723905, -0.37581915360421797, -0.6132694683368877, -0.9853862518604976, -0.015552584601225473, -0.7678602059418244, -0.8086672372295607, 0.2979326281791883, -0.7651803639135397, -0.9683788793433841, -0.8974428373803377, -0.5481952792441772, 0.5249614173398283, -0.4944087400193275, -0.21685147395435228, -0.0914659623579743, -1.0231226057075293, 0.3783854254717836, -0.9483308274238325], [0.11583328027422955, 0.16633769154967007, 0.04628279311574558, 0.23792342350914508, -0.09052498663748106, -0.06407309708675335, -0.5109713577245748, 0.98, -0.1846591707729488, -0.7494802881805469, -0.4779013486340609, -0.020603597382326443, 0.7762424547361235, 0.6336236303854803, 0.15657098532164895, 0.29263255987941394, 0.26859814199226445, 0.18257537468745963, -0.08237428788972329, 0.46955126329767793, 0.06891949762103074, -0.010134583650765968, -0.6845816848305578, 0.018866624098509373, 0.29666500716130495, 0.05270766995122077, 0.2399462549006237, -0.24397096502909515, 0.26760263974097637], [0.5050743536779406, 0.4222515302673611, -0.762495041598953, -0.19181245427177468, 0.5303210431594513, -0.8728586108473273, 0.39913750819562394, -0.18283086215143446, 1.05, 0.7534247319434397, 0.183750698132284, -0.8323654537560689, 0.050580602337814924, -0.02436909046477297, -0.4115594197752227, -0.35809200447031064, -0.1707619538788891, -0.5000212336648028, -0.67611731968736, -0.3085445143611149, -0.10001801077125716, -0.9930278355772947, 0.6123364370584433, -0.4314830647216225, 0.4831934369460754, 0.8852233896000605, -0.43648761023670957, 0.949118798095609, -0.23645925598476156], [0.008936502874652747, 0.00042283786626171873, -0.5180093353434411, -0.4981637575766754, 0.2749481865854268, -0.5162349643897394, 0.7438370892882611, -0.6444129580617787, 0.6704788898946206, 1.09, 0.41629812376880015, -0.4634001584430383, -0.5859254264402368, -0.46356987998957994, -0.2584805270952148, -0.4263285130708924, -0.4577082778509615, -0.4597359839706538, -0.4320403863290915, -0.5141808402334889, -0.21874923636229984, -0.6337027810218714, 0.7241071013865517, -0.3812394508353007, -0.1386352352603792, 0.3312782282677736, -0.6755614307178041, 0.723425131977229, -0.711204428953479], [0.3366379492945175, -0.5418504875599028, 0.300443845876493, -0.9384396551017881, -0.5670321826776384, -0.5404512680248118, 0.7275193499959673, -0.5161334565247858, 0.1975813958411656, 0.5093529984935908, 0.99, -0.123994019730752, -0.5264516425420136, -0.8293764362249935, -0.3219213607322874, -1.0411699866075357, -1.0855382498249018, 0.31055357746440315, -0.6107812811832655, -0.8963711758996156, -0.804575377239888, -0.22622786265438902, 0.7171240712665391, -0.5517660180314146, -0.13719229694486174, -0.28128086718643786, -0.5648087463744106, 0.03167178775239142, -0.640799413654916], [-0.7018405434361208, -0.3770056866238457, 0.5318680502815122, 0.21451566977737804, -0.3775131015551093, 0.9376388483334182, -0.3521188466201681, -0.018854235340430802, -0.8978323995571079, -0.49400205569871053, -0.13513954959419036, 1.09, -0.16365281295662895, -0.06414618551833291, 0.41443832922993895, 0.28723533668400697, 0.09492469720895774, 0.25224089126767907, 0.7288651372426377, 0.2654540006768317, 0.1570449913301597, 0.8826043926636183, -0.5545423349069092, 0.3550807211101082, -0.7654633242977918, -0.9130728270117556, 0.3743832425971261, -0.7513746349127769, 0.07782967273170245], [0.19427826536687634, 0.5115663057455402, -0.24502092091744315, 0.4111687792723205, 0.33618669104925014, -0.10909475837364833, -0.5543012502275715, 1.0045490590702777, 0.04961716229328512, -0.6076263681602456, -0.563612934956744, -0.1617717461410355, 0.93, 0.7402059638721199, -0.06748087190870296, 0.4000593388634904, 0.35559756283919647, -0.23072529125561886, 0.00518266350442221, 0.4783675362122152, 0.3591762356183166, -0.09924228833303794, -0.5051300806573283, -0.04078699212854247, 0.5277299377502583, 0.3511277204382056, 0.34598015484549144, -0.04606989974760017, 0.42727614215629284], [-0.021853397828897413, 0.8039229171468594, -0.38706684240092104, 0.9848020351253195, 0.692294910415089, 0.3148257304929475, -0.9853862518604976, 0.5980933333545188, -0.0269971296325426, -0.47868628911967487, -0.758032226657252, -0.055907225910473625, 0.7646083582854865, 1.09, -0.06923098430106758, 0.8377622170203061, 0.686887500867739, -0.4722230408271919, 0.4953706581254349, 0.7578741685910945, 0.7615122497836679, 0.15913131206595552, -0.47548565620597344, 0.24149793910580167, 0.46863598903319276, 0.4943921472624804, 0.6489204974994762, -0.0076358792450714336, 0.7528334151825093], [-0.56782125065442, -0.5338965056283554, 0.13246666210101415, 0.12469867911405856, -0.4132695117402971, 0.35053829534182546, -0.018897226450951377, 0.15657098532164895, -0.35335909778680735, -0.24260891578235078, -0.29769072067716895, 0.3671778180019635, -0.06275721087509376, -0.06852454568575056, 1.05, 0.5195983641639347, 0.36582558915716173, 0.49610247889384806, 0.09671019091140955, 0.3852767944422169, -0.05038014514424038, 0.14760448366033826, -0.7652348433217248, 0.7117932192384884, -0.5850256802096367, -0.3594383023009913, -0.0938800743653301, -0.09474752330260162, -0.27309910696610973], [-0.4723127222476084, 0.375173080691166, -0.13940144451733005, 0.9477103638381241, 0.3969373032143249, 0.6677924609945052, -0.7678602059418244, 0.29592056617019386, -0.3363894587448373, -0.44137540176751217, -0.8692336585439059, 0.3428292728163954, 0.4040599322521253, 0.6760888067181419, 0.5300953008137111, 0.95, 0.8378284097592057, -0.09982285219856611, 0.7275429260807862, 0.876902776559304, 0.8271125601114996, 0.44019700996585404, -0.8219688686623273, 0.7158274934513691, -0.046861635702102715, 0.07690015092693096, 0.5654895373693221, -0.15500455937726912, 0.5401543281749182], [-0.33120428066902946, 0.619793284111432, -0.2508821794375845, 0.8281293068575646, 0.46101005132160583, 0.52678230831111, -0.8324515677363126, 0.23099440211334743, -0.14920947426310696, -0.3863225831402611, -0.9903155963314894, 0.09402065247363434, 0.3964708459241616, 0.6710969836064116, 0.41588593293656284, 0.8474586213656334, 1.0, -0.2435021361618037, 0.7094956574697455, 0.8265932049511948, 0.8195243786451868, 0.29285405638377554, -0.46479403472164427, 0.7947285558863993, 0.1761717367529592, 0.27098480638377614, 0.6979010064085402, 0.04080706916422963, 0.5677096894064665], [0.04517462723957626, -0.8916216803066865, 0.7541687770824844, -0.4351788436836618, -0.8605785700611681, 0.07851460713249435, 0.2710918508657479, 0.15930596418807752, -0.4633224275242668, -0.43021165472483197, 0.2706659620102596, 0.234930241866956, -0.2329019449467096, -0.4958341928685515, 0.5288125324472885, -0.1074180692136744, -0.1853202098222577, 0.9, -0.27956579797152803, -0.18874047279977232, -0.6490922148492145, 0.24448032103242226, -0.2935030151768889, 0.25171426695927734, -0.2490282009819254, -0.6810314072378078, -0.062363612295067664, -0.429423220519709, -0.2282577725482483], [-0.48700250752583385, 0.2681429204658521, 0.19154026650403128, 0.8338504945683234, 0.3426935568398892, 1.0152962562847974, -0.6636768462515396, -0.10632030181115448, -0.6002910782270953, -0.4068729851837075, -0.5628768669728133, 0.7426173096434422, 0.0059143336462229934, 0.5287129139608008, 0.09565899318411161, 0.6374661828517365, 0.6341509858800382, -0.24682385766855625, 1.11, 0.6264603983842884, 0.6837129202815192, 0.7566037009604452, -0.3848413061185714, 0.5079489688504771, -0.25110693407166756, -0.2466983308916811, 0.7580429027419161, -0.5134796647852405, 0.6260255455812443], [-0.3853774007198921, 0.4725235180974091, -0.1790236538501747, 0.9679205482603868, 0.43694226733391367, 0.6573250995845703, -0.8819164794020105, 0.36955423500280205, -0.2954149605585143, -0.546317142748082, -0.8471200123886476, 0.29008375331695013, 0.5846714331482631, 0.8073007448035572, 0.46319794387996865, 0.9754311784199, 0.931104989485254, -0.205394043929164, 0.6197242650683282, 0.9, 0.9162391229705086, 0.3782266528627157, -0.724604729856118, 0.7272623637423431, 0.03524878890220849, 0.16123154456841912, 0.7521815829954397, -0.17032749965418087, 0.5167534646336827], [-0.2937745526396505, 0.8214672652885253, -0.3954460516980546, 0.8353495233743284, 0.8790416067925362, 0.5593086605144817, -0.7535133257250005, 0.08494728776545649, -0.07896158745099251, -0.2255851499986217, -0.9400828091960799, 0.1342020835003183, 0.39582687190589994, 0.7035711003436061, -0.0513307139205468, 0.6760054577834371, 0.895562723055565, -0.5860735532133685, 0.8857190103646952, 0.7181333666525607, 0.96, 0.3588726333719472, -0.22758598405928687, 0.4219363737502679, 0.18644833990489176, 0.4572152156454452, 0.5858211499533666, 0.026216486534491393, 0.6441774808879315], [-0.5215924390270255, -0.17720074862814442, 0.6756890764919242, 0.3754312072231392, -0.22487964347547018, 0.976013805559296, -0.5885886156095377, -0.011784399593913917, -1.0021381826926827, -0.6274284960612588, -0.2361719445293072, 0.8119960412505289, -0.12492852766629484, 0.15772307036625682, 0.16352261425115902, 0.44019700996585404, 0.2823007570546304, 0.21660098617784782, 0.7233463954237223, 0.326313190705088, 0.3256436858375076, 0.97, -0.41793236517462345, 0.4351487452301357, -0.34055648804906963, -0.6366494151070973, 0.7534215938240824, -0.9606273933389502, 0.48367974706026706], [0.67488164880498, 0.13992372877849324, -0.13439006075397963, -0.4556995139431587, 0.20726392307011599, -0.46568894381974163, 0.5249614173398283, -0.5704847373587982, 0.6060881060680511, 0.698474991602957, 0.5644032042375539, -0.4630159301164484, -0.5331928629160687, -0.36608187690194416, -0.7575824948885075, -0.7570765895574069, -0.47573036495038884, -0.3278491126975887, -0.33673614285375, -0.7101126352589956, -0.26198851653336513, -0.3749673556706902, 0.89, -0.6624355470688064, 0.4021557598803654, 0.3712806340567755, -0.3421465640114947, 0.42523694085077074, -0.12386352088566185], [-0.44468068295962326, -0.02297236408019624, 0.10307111220003166, 0.5808757439681663, 0.036195747150954485, 0.5955209559997257, -0.4944087400193275, 0.016147110714940453, -0.35627042041234885, -0.3676237561626114, -0.5972055724575311, 0.3783103009958162, -0.04894439055425097, 0.3238913536242516, 0.7989515726146299, 0.7158274934513691, 0.8641708568861818, 0.23645885684053325, 0.5024871519811172, 0.8311569871341065, 0.4883083875986246, 0.44306054059795635, -0.5239262963180559, 0.96, -0.28035253780764324, -0.182471665389509, 0.48680847710668534, -0.16737723172638896, 0.33803928355478674], [0.9425907262413922, 0.6216915603891779, -0.22785465696788476, 0.20952157214995878, 0.3837163883980199, -0.34829013439102247, -0.1981975837217198, 0.3364242349251912, 0.5106476094998298, -0.14833970172860578, -0.15569013473518015, -0.8390655670187332, 0.427209949607352, 0.5217802764493281, -0.5328946790028375, -0.05297402296759437, 0.15222606379624629, -0.2628631010364768, -0.26559387257580225, 0.02713844809285079, 0.22016772052598924, -0.3864742167747869, 0.4098158695923724, -0.21276755101472922, 0.87, 0.7902050793895372, 0.28363430286320845, 0.32660126671714407, 0.568401190972095], [0.377620080846236, 0.8030349505507655, -0.7802928765257258, 0.3281235443825702, 0.7240944099388517, -0.5533145783831604, -0.10244187784093123, 0.06543021097392923, 0.8171292827077481, 0.3741495283965443, -0.33457618939018396, -0.7255668000361272, 0.37506824683171963, 0.5286569495479988, -0.4240564240629673, 0.07111196752382863, 0.3113442456324237, -0.6599685802098343, -0.20800055349690758, 0.1449604712633493, 0.3729913601318106, -0.7473710525170272, 0.328848561593144, -0.1678739321583483, 0.6169144918041124, 0.93, -0.07707247867566804, 0.7110700353704822, 0.18794386760521709], [-0.02333854312277583, 0.3732225574913055, 0.38297808338871686, 0.7192727969986994, 0.2133833733965944, 0.6566914456358012, -0.8692015057338303, 0.2568836375994913, -0.44629632057910756, -0.7423751985909934, -0.6790397287872127, 0.36751382530176596, 0.4030490463663972, 0.6354013204682372, -0.0722793492901214, 0.6297497120703813, 0.5728055429956886, -0.06296908425909745, 0.819298894882677, 0.6850225130851325, 0.6892013528863137, 0.6627319575304428, -0.280498534459874, 0.5249895341346608, 0.34285465181266955, -0.06659660778771316, 0.9, -0.5338354836345759, 1.042576242845674], [0.2834183194102047, 0.36424680693704675, -0.7598373234207795, -0.09102989567058975, 0.6007359940071388, -0.7107014775321016, 0.4638272957396057, -0.2772397329876081, 0.7894539535561607, 0.7380397811080822, 0.029211843072594026, -0.7833480236324696, -0.06016186908216022, -0.007809421955186694, -0.0996822901412788, -0.14276735732116894, 0.04715483547866535, -0.5217723002013668, -0.47957063031829067, -0.1434336839193102, 0.02678028194383529, -0.7547786661948893, 0.41272997200221867, -0.1627705189265801, 0.2837142316936807, 0.72704913728892, -0.5124820642891929, 1.05, -0.39879900684164926], [0.21386737832606162, 0.6193028783464675, 0.17518936479764965, 0.7282660494139451, 0.3634029023796046, 0.44698988271037204, -0.9483308274238325, 0.34757584242218764, -0.25839877458128585, -0.5818945327801192, -0.5114637521832816, 0.07526385934494303, 0.4772765417703272, 0.8044984534793482, -0.33011979962936344, 0.5558869785101099, 0.5918675485301459, -0.1936115035007463, 0.6444380616277515, 0.6096529638936705, 0.6715892885852903, 0.41951814796043574, -0.11914491056620807, 0.2776751257771462, 0.5965398637924957, 0.16321441134137277, 1.042576242845674, -0.3233505460878237, 1.08]]}, {"name": 2, "matrix": [[0.91, 0.2473766160193456, 0.1282727769430001, -0.21919074674881203, -0.003341293620496545, -0.4285169144542, 0.2768117398090833, 0.15603444167127153, 0.541718211373194, 0.03574525106168091, 0.38837015066208175, -0.5767259597229072, 0.24107134737883526, -0.035026500455341746, -0.40100498997748846, -0.42543674342400856, -0.21334473348398966, 0.10177628600473544, -0.4337166788898465, -0.33913710156744575, -0.21935555930878164, -0.3250408718056243, 0.4654433504922448, -0.34211741172519977, 0.6977298412346966, 0.4015111233270685, 0.009316749658753202, 0.2837925038111422, 0.157971358110644], [0.2317528297444396, 1.05, -0.6306350955202986, 0.6208910066793368, 0.9692500095183895, 0.03599039370272974, -0.588583800959746, 0.15028482349972724, 0.4614524835670657, -0.01095789689092121, -0.6324786483166932, -0.34918044183015373, 0.5052460956938977, 0.8338644059963995, -0.46229053129413183, 0.4196562597488499, 0.5722157348484973, -0.7295533816800512, 0.3224931331494208, 0.5799641424971768, 0.682055042152283, -0.15751685136773397, 0.19486817783230778, 0.0023359345702736703, 0.6005729364467044, 0.8709627785516306, 0.38097957230667356, 0.4920588224965077, 0.5282230771970173], [0.10689398078583341, -0.6786834837504164, 0.91, -0.21460327770872234, -0.6446902118452407, 0.42405915538848493, 0.05084100500464727, 0.1225773864210182, -0.6522019784714224, -0.5390793376371855, 0.3639023127576328, 0.537550064803393, -0.12223837283809022, -0.33889406831068103, 0.21916300186104778, -0.13756137598962903, -0.19789358167048104, 0.6431111335828147, 0.15998181809683404, -0.21616895903273678, -0.4204209030129948, 0.7856372635234408, -0.20486499875134592, 0.12871623797164325, -0.2789987342193842, -0.783023859714862, 0.24855061028252443, -0.8816048344702483, 0.07657424936751371], [-0.22133967563850626, 0.5997242678152686, -0.21460327770872234, 1.04, 0.5558605028668678, 0.6187560332610165, -0.7633226794976936, 0.18876808419903843, -0.1427413183375743, -0.45418557151406785, -1.0255477349052604, 0.2509702229480833, 0.45643651493300086, 0.7616665900859737, 0.11470814652049956, 0.9614520752562327, 0.9574902053036098, -0.34277731945348766, 0.8751147330486785, 0.7847633830364481, 0.9005093509174822, 0.43407783607744194, -0.38288980274891476, 0.5931862722988945, 0.21604626948214214, 0.3341166380653272, 0.6687787158192028, -0.008052379223971387, 0.7331998008275532], [-0.0035067041957686515, 0.8595235933464963, -0.8494741614901996, 0.6075684566219253, 0.98, 0.0598210563243876, -0.4080949813785282, -0.14388942619572795, 0.45354732039499573, 0.24250404004561435, -0.5926070328980894, -0.2582429103895122, 0.2198075166840837, 0.6102952078484084, -0.3038473506301717, 0.36417229584453414, 0.4308077866531477, -0.9018733972438012, 0.376957862958119, 0.44115623209199684, 0.8864052679688249, -0.19253280615419271, 0.20589816268561154, 0.06516238826714434, 0.420726337348724, 0.8887253738482532, 0.23069247610401958, 0.5096463042936058, 0.3353786093473431], [-0.4520617998637714, 0.04687121040355501, 0.43262600701249476, 0.7425072399132198, 0.0761358898674024, 0.86, -0.6007576244061182, -0.0467446530144311, -0.6059689799040223, -0.5021606156658244, -0.4596564229184715, 0.7323715211167728, -0.04984297951451389, 0.2412802331553093, 0.3597909251908997, 0.7025976850063389, 0.4980310392416428, 0.09537534320777452, 0.8618832536740192, 0.686999262803367, 0.5069059508523013, 0.7677464431052788, -0.4802076282632783, 0.6794686871733189, -0.33752885539371896, -0.3798809967441071, 0.6726812679475113, -0.5929075450106471, 0.3936592201739002], [0.23973873894179534, -0.5061820688253816, 0.057654747943414436, -0.7633226794976936, -0.4080949813785282, -0.6639952690804466, 0.91, -0.3104215967331842, 0.3553523488004971, 0.7115376241319173, 0.8691514725441492, -0.29608663124025536, -0.4975343193091906, -0.9268973430700941, 0.0534743336018569, -0.8238371359429435, -0.7769655337450573, 0.3492384231604145, -0.7763693496411137, -0.8801298243519187, -0.8528868058547914, -0.4195067648413154, 0.46558980308131204, -0.3616202108283336, -0.2579193359404937, -0.1335494439180306, -0.7464924231547141, 0.3387029889149493, -0.8009480917808826], [0.12395259385101008, 0.12523735291643937, 0.12135161255680801, 0.1846644301947115, -0.11457861715585743, -0.04359837829230593, -0.3492242963248322, 0.96, -0.22047500204458365, -0.6797052390376795, -0.32753416383890543, 0.01996709319320994, 0.9256615266253331, 0.5098751559973641, 0.1907960799766282, 0.21605408050683267, 0.17818952364649498, 0.16221094395344313, -0.13495125336466557, 0.3073497160321235, 0.006091367604800823, 0.07416125704688295, -0.5714374718231602, 0.03431626707263122, 0.19201863396809127, -0.01972253495843518, 0.21946322392864825, -0.3412720729965605, 0.18129338196376385], [0.5314971130453978, 0.46620972566569524, -0.7909683568695973, -0.11895109861464524, 0.45354732039499573, -0.6268644619696784, 0.33143440224661747, -0.25232139122880126, 1.11, 0.5160104350499473, 0.11143339813242291, -0.9021309161456229, -0.0005955336537891731, 0.0557586