{"nodes": [{"name": "DANLaIPS"}, {"name": "DANLFEF"}, {"name": "DANLpIPS"}, {"name": "DANRaIPS"}, {"name": "DANRFEF"}, {"name": "DANRpIPS"}, {"name": "DMNLAG"}, {"name": "DMNLHC"}, {"name": "DMNLlattemp"}, {"name": "DMNmPFC"}, {"name": "DMNPCC"}, {"name": "DMNRAG"}, {"name": "DMNRHC"}, {"name": "DMNRlattemp"}, {"name": "FPTCLdlPFC"}, {"name": "FPTCLfrontal"}, {"name": "FPTCLIPL"}, {"name": "FPTCLIPS"}, {"name": "FPTCRdlPFC"}, {"name": "FPTCRfrontal"}, {"name": "FPTCRIPL"}, {"name": "FPTCRIPS"}, {"name": "SALACC"}, {"name": "SALLFIC"}, {"name": "SALRFIC"}, {"name": "SENLSM"}, {"name": "SENLV1"}, {"name": "SENRSM"}, {"name": "SENRV1"}], "stablestate": -1, "similarStates": [1, 4], "stateborders": [6, 17, 27, 38, 49, 61], "times": [{"name": 0, "matrix": [[1.0, 0.408098638056764, 0.9035579305970196, 0.11191872325791763, 0.2859032296601143, 0.5254814113424995, 0.28552429927940304, -0.2718856681670248, 0.14224627986032815, -0.1742557171926193, -0.029317131348775453, 0.5641290575364297, -0.21661242213598006, 0.19730367765197857, -0.29482240701306206, -0.4908862421663476, 0.48034839457899525, 0.544114303889249, -0.17149525990572798, -0.2885655544650061, 0.5841418992319952, 0.5446893429254094, -0.03798621617310157, 0.12279516823221881, 0.025946240373617688, 0.6789777621820885, -0.09621171371182217, 0.016536672294205655, 0.0035924676581086377], [0.408098638056764, 1.0, 0.3562661194315066, 0.1106588901311524, 0.11591208851255308, 0.3812491655206637, -0.060914754333090154, -0.18272456945876228, -0.19162770196990858, -0.32595906318426154, -0.32711037324964204, 0.1468084539340041, -0.3855030456420893, -0.2596881872206355, 0.08576105054847141, -0.08794528676255518, 0.023827961525511355, 0.2511753913554688, 0.27825047057553276, -0.19806220447840361, 0.1867204859809802, 0.25338878714311347, 0.12396088519292969, -0.26411689713286063, -0.0133528091436007, 0.4943822548836356, 0.12372428439966801, -0.2425086189304637, -0.030924180082674627], [0.9035579305970196, 0.3562661194315066, 1.0, 0.20146184978601664, 0.1548801850108067, 0.652828298729932, 0.19063109450293644, -0.3186882337817992, -0.045346453642355226, -0.2399675770300715, -0.10534297074051888, 0.3493281299350317, -0.2914304422971936, 0.005244379751028919, -0.15021769632105691, -0.41781013760625624, 0.33794387085926125, 0.3751933118114274, -0.04342352641125893, -0.26192864352323164, 0.33420463707906073, 0.6363217423740778, -0.0994079041298309, -0.04955777812502305, -0.07626175593333215, 0.6777287096741604, 0.034165775426461244, 0.2533341929087306, -0.009380687750054639], [0.11191872325791763, 0.1106588901311524, 0.20146184978601664, 1.0, 0.4715434726444129, 0.26582132301888634, -0.4243002503032728, -0.16266511806792067, -0.12486274458346151, -0.14024437939120918, -0.4387768329087973, -0.20760432454422015, -0.000488316899121349, -0.06181248865247017, 0.002903977180128211, 0.1510005297464771, -0.3110837719310716, -0.17343894512883282, -0.09377215729515609, -0.2716390512165825, 0.18826474700862017, 0.0008194462936011134, 0.1273478891794793, -0.3955998640771194, 0.06497049159746697, 0.18874418628397127, 0.4090893716858607, 0.363003946229415, 0.3096185963410225], [0.2859032296601143, 0.11591208851255308, 0.1548801850108067, 0.4715434726444129, 1.0, -0.1972896792524006, -0.23360148278901952, -0.24804165762491806, 0.02264375896326636, -0.12034624486104825, -0.22386129973124283, 0.11450729704311995, -0.00701596058063681, 0.3104029147193413, -0.20898199077593418, -0.20764247790414436, -0.18472057851767232, 0.11202845514208683, -0.4326830613520732, -0.1517941100480832, 0.6007149519290906, -0.23527402393916347, -0.09031081942885553, -0.28151141760985365, 0.3451727482586234, 0.34868329492112976, 0.5522686987643298, 0.11416725918206906, 0.5995550413001636], [0.5254814113424995, 0.3812491655206637, 0.652828298729932, 0.26582132301888634, -0.1972896792524006, 1.0, 0.13390046564241856, -0.20462483044404348, -0.006050264717281833, -0.26166207385125595, -0.1378440938488311, 0.1987007629548961, -0.08285749041880576, -0.1312677403473716, -0.11805213256966843, -0.15600190934745184, 0.31036624602857504, 0.3950132301999244, 0.24171514171348774, -0.2604888650495456, 0.05577933085939383, 0.6707144791434158, -0.023226932681446814, 0.04098704159577279, -0.03145490222919111, 0.3974960493375871, -0.20887867205221264, 0.17646270791648305, -0.29936157473442393], [0.28552429927940304, -0.060914754333090154, 0.19063109450293644, -0.4243002503032728, -0.23360148278901952, 0.13390046564241856, 1.0, 0.2738460100362293, 0.30323291780271533, 0.5562230969905821, 0.7948072099398379, 0.7774093642086602, 0.23255062768817356, 0.4233535912033533, -0.40574923064526475, -0.5388714801072455, 0.7578620059285319, 0.511807299740308, -0.11618316373310955, -0.3299234022791091, 0.07534697210195121, 0.23644029202690958, 0.15107209663832638, 0.4639850421249712, -0.4707384919731682, 0.2562804253352973, -0.5306657903811923, -0.5875614735853236, -0.18838553901853552], [-0.2718856681670248, -0.18272456945876228, -0.3186882337817992, -0.16266511806792067, -0.24804165762491806, -0.20462483044404348, 0.2738460100362293, 1.0, 0.01672664682980782, 0.1625583982243964, 0.29424836367365587, 0.11458593473641111, 0.4805050305350456, 0.12800482788551737, 0.09895674996626802, -0.04284268810343901, -0.12505310652166493, -0.12943816330428318, 0.2082310699703267, -0.0323738551890398, -0.43504794248717665, -0.44869928461600755, 0.1793821830704886, 0.34166029924054636, -0.19163762464371803, -0.16474977744968067, -0.4000529622631004, -0.3961551742088355, -0.28171839688343914], [0.14224627986032815, -0.19162770196990858, -0.045346453642355226, -0.12486274458346151, 0.02264375896326636, -0.006050264717281833, 0.30323291780271533, 0.01672664682980782, 1.0, 0.502519708998265, 0.2350373662475606, 0.4913530822546476, 0.1371261271721269, 0.7549819660587512, -0.26478305384053774, -0.17731984881708396, 0.6033250832651652, 0.3125757822039799, -0.2971335062359851, -0.033655253384204616, 0.4504341866441958, -0.08411443723196696, 0.2091448510362106, 0.43600174284136595, 0.09617396945629557, -0.4009808453322, -0.39744000189761597, -0.014361660117325974, -0.02816333901406347], [-0.1742557171926193, -0.32595906318426154, -0.2399675770300715, -0.14024437939120918, -0.12034624486104825, -0.26166207385125595, 0.5562230969905821, 0.1625583982243964, 0.502519708998265, 1.0, 0.6487897713386792, 0.4336666054507513, 0.4548220018061756, 0.5483347550912374, -0.2266282137284627, -0.12493750450264991, 0.421407790682863, 0.10148850158656839, -0.4440897199275372, -0.4030324664049885, 0.17549240198768923, -0.09981269945092998, 0.1139717900929747, 0.07654208305864732, -0.4574197194319625, -0.321230371765306, -0.17122764097576745, -0.36021691604437883, 0.13680707967847136], [-0.029317131348775453, -0.32711037324964204, -0.10534297074051888, -0.4387768329087973, -0.22386129973124283, -0.1378440938488311, 0.7948072099398379, 0.29424836367365587, 0.2350373662475606, 0.6487897713386792, 1.0, 0.664379931588461, 0.45860066681072836, 0.5582038755933973, -0.5072357562145974, -0.5241280839144539, 0.534686947183886, 0.3429617545447236, -0.37848688080653975, -0.3438252940394719, -0.044254002065117204, -0.02043233555578388, -9.32116336004949e-05, 0.4452925175792906, -0.3126371118859324, -0.07687428168257543, -0.33923748519203784, -0.571705331780661, 0.016422054886283514], [0.5641290575364297, 0.1468084539340041, 0.3493281299350317, -0.20760432454422015, 0.11450729704311995, 0.1987007629548961, 0.7774093642086602, 0.11458593473641111, 0.4913530822546476, 0.4336666054507513, 0.664379931588461, 1.0, 0.32094997344701476, 0.6902422686908798, -0.5822909092279637, -0.6403960634133217, 0.782403843995857, 0.6665130469860613, -0.34733864051455526, -0.413711012594267, 0.46646122137016643, 0.14718557778664967, -0.016393248928894426, 0.5234150585119897, -0.1941009133120077, 0.24367071064506934, -0.3876471760480559, -0.5898002006408886, 0.02889139505390568], [-0.21661242213598006, -0.3855030456420893, -0.2914304422971936, -0.000488316899121349, -0.00701596058063681, -0.08285749041880576, 0.23255062768817356, 0.4805050305350456, 0.1371261271721269, 0.4548220018061756, 0.45860066681072836, 0.32094997344701476, 1.0, 0.41542684585606493, -0.2937549317155335, -0.1409327795437919, 0.056367476837145186, 0.07615557166479042, -0.35205105420581495, -0.22419747470604193, -0.053778824957377055, -0.36505704065057604, -0.3977829670688772, 0.18684853373257956, -0.10270111171135299, -0.2980667759192019, -0.2143245706555853, -0.3708284481530332, -0.036343346831398976], [0.19730367765197857, -0.2596881872206355, 0.005244379751028919, -0.06181248865247017, 0.3104029147193413, -0.1312677403473716, 0.4233535912033533, 0.12800482788551737, 0.7549819660587512, 0.5483347550912374, 0.5582038755933973, 0.6902422686908798, 0.41542684585606493, 1.0, -0.564855129099283, -0.5541617004095072, 0.5802274465935715, 0.2674629791182807, -0.6325567060032975, -0.15123816806434212, 0.43451041761114645, -0.2953992390106764, 0.09603838746510102, 0.3311495861236982, 0.08422387923854187, -0.20749589824993983, -0.150323399192811, -0.22403441129279417, 0.22754381944376043], [-0.29482240701306206, 0.08576105054847141, -0.15021769632105691, 0.002903977180128211, -0.20898199077593418, -0.11805213256966843, -0.40574923064526475, 0.09895674996626802, -0.26478305384053774, -0.2266282137284627, -0.5072357562145974, -0.5822909092279637, -0.2937549317155335, -0.564855129099283, 1.0, 0.7253518661671818, -0.5426611494834539, -0.32861629945401594, 0.629339343612223, 0.2110371797544582, -0.3405121660347216, 0.015260523098960567, 0.0029380963200228067, -0.23263182286993114, -0.14288645872751812, -0.13063457923236832, -0.03431259861885408, 0.21991597821041056, -0.4005793886733077], [-0.4908862421663476, -0.08794528676255518, -0.41781013760625624, 0.1510005297464771, -0.20764247790414436, -0.15600190934745184, -0.5388714801072455, -0.04284268810343901, -0.17731984881708396, -0.12493750450264991, -0.5241280839144539, -0.6403960634133217, -0.1409327795437919, -0.5541617004095072, 0.7253518661671818, 1.0, -0.5574575622101183, -0.24199642507147362, 0.5332456220754954, 0.20771094498019085, -0.18815420806588443, 0.003350017045696227, 0.04155395873675539, -0.16961119656635457, -0.031589668647914924, -0.34217487482075165, 0.027600382011731307, 0.13917981583438857, -0.18151422450950316], [0.48034839457899525, 0.023827961525511355, 0.33794387085926125, -0.3110837719310716, -0.18472057851767232, 0.31036624602857504, 0.7578620059285319, -0.12505310652166493, 0.6033250832651652, 0.421407790682863, 0.534686947183886, 0.782403843995857, 0.056367476837145186, 0.5802274465935715, -0.5426611494834539, -0.5574575622101183, 1.0, 0.475135065007001, -0.2671648191008888, -0.11666001615062568, 0.3818447529857807, 0.3281052385422524, 0.1815451315621979, 0.41545621341029804, -0.13536462706864066, 0.08754582551991653, -0.5066370873886925, -0.3305375415643123, -0.15158078330874833], [0.544114303889249, 0.2511753913554688, 0.3751933118114274, -0.17343894512883282, 0.11202845514208683, 0.3950132301999244, 0.511807299740308, -0.12943816330428318, 0.3125757822039799, 0.10148850158656839, 0.3429617545447236, 0.6665130469860613, 0.07615557166479042, 0.2674629791182807, -0.32861629945401594, -0.24199642507147362, 0.475135065007001, 1.0, -0.03965303280234878, -0.3931925005742475, 0.5101744753637637, 0.4874580266664367, -0.09954080249812765, 0.43126148939041153, 0.01880101283604387, 0.3942620211484023, -0.39959903370962996, -0.36373221094578434, -0.10465027129276577], [-0.17149525990572798, 0.27825047057553276, -0.04342352641125893, -0.09377215729515609, -0.4326830613520732, 0.24171514171348774, -0.11618316373310955, 0.2082310699703267, -0.2971335062359851, -0.4440897199275372, -0.37848688080653975, -0.34733864051455526, -0.35205105420581495, -0.6325567060032975, 0.629339343612223, 0.5332456220754954, -0.2671648191008888, -0.03965303280234878, 1.0, 0.10014693384541679, -0.5166991425160865, 0.28064209927136574, 0.27610057431301976, 0.03942486540841194, -0.12583451034969934, 0.12853074673306067, -0.192463645254233, -0.06024083512760941, -0.38960270464208896], [-0.2885655544650061, -0.19806220447840361, -0.26192864352323164, -0.2716390512165825, -0.1517941100480832, -0.2604888650495456, -0.3299234022791091, -0.0323738551890398, -0.033655253384204616, -0.4030324664049885, -0.3438252940394719, -0.413711012594267, -0.22419747470604193, -0.15123816806434212, 0.2110371797544582, 0.20771094498019085, -0.11666001615062568, -0.3931925005742475, 0.10014693384541679, 1.0, -0.20379355431004884, -0.44943289550796706, -0.1019708129718479, 0.06100603178580742, 0.1490635957247891, -0.37155630736328404, -0.09768417244001897, 0.28621623144187164, -0.3009419181200316], [0.5841418992319952, 0.1867204859809802, 0.33420463707906073, 0.18826474700862017, 0.6007149519290906, 0.05577933085939383, 0.07534697210195121, -0.43504794248717665, 0.4504341866441958, 0.17549240198768923, -0.044254002065117204, 0.46646122137016643, -0.053778824957377055, 0.43451041761114645, -0.3405121660347216, -0.18815420806588443, 0.3818447529857807, 0.5101744753637637, -0.5166991425160865, -0.20379355431004884, 1.0, 0.1667724500631532, -0.01899314557014278, 0.004892118307468423, 0.2424715740740562, 0.17051455814924577, 0.08557266945453104, -0.041464383155809734, 0.3667372874875572], [0.5446893429254094, 0.25338878714311347, 0.6363217423740778, 0.0008194462936011134, -0.23527402393916347, 0.6707144791434158, 0.23644029202690958, -0.44869928461600755, -0.08411443723196696, -0.09981269945092998, -0.02043233555578388, 0.14718557778664967, -0.36505704065057604, -0.2953992390106764, 0.015260523098960567, 0.003350017045696227, 0.3281052385422524, 0.4874580266664367, 0.28064209927136574, -0.44943289550796706, 0.1667724500631532, 1.0, 0.07516887425578525, -0.024568245666734073, -0.019908237817491937, 0.515155269674165, -0.1593470047321954, 0.09666777572613923, -0.15991817188958582], [-0.03798621617310157, 0.12396088519292969, -0.0994079041298309, 0.1273478891794793, -0.09031081942885553, -0.023226932681446814, 0.15107209663832638, 0.1793821830704886, 0.2091448510362106, 0.1139717900929747, -9.32116336004949e-05, -0.016393248928894426, -0.3977829670688772, 0.09603838746510102, 0.0029380963200228067, 0.04155395873675539, 0.1815451315621979, -0.09954080249812765, 0.27610057431301976, -0.1019708129718479, -0.01899314557014278, 0.07516887425578525, 1.0, -0.11583126268075593, -0.07022574338577153, 0.07322282032004254, -0.0021777622181432554, -0.1495861825572655, 0.13442517484489014], [0.12279516823221881, -0.26411689713286063, -0.04955777812502305, -0.3955998640771194, -0.28151141760985365, 0.04098704159577279, 0.4639850421249712, 0.34166029924054636, 0.43600174284136595, 0.07654208305864732, 0.4452925175792906, 0.5234150585119897, 0.18684853373257956, 0.3311495861236982, -0.23263182286993114, -0.16961119656635457, 0.41545621341029804, 0.43126148939041153, 0.03942486540841194, 0.06100603178580742, 0.004892118307468423, -0.024568245666734073, -0.11583126268075593, 1.0, -0.03918184110572982, -0.17609364385957615, -0.7094416472533341, -0.29956278429837413, -0.3821088256326504], [0.025946240373617688, -0.0133528091436007, -0.07626175593333215, 0.06497049159746697, 0.3451727482586234, -0.03145490222919111, -0.4707384919731682, -0.19163762464371803, 0.09617396945629557, -0.4574197194319625, -0.3126371118859324, -0.1941009133120077, -0.10270111171135299, 0.08422387923854187, -0.14288645872751812, -0.031589668647914924, -0.13536462706864066, 0.01880101283604387, -0.12583451034969934, 0.1490635957247891, 0.2424715740740562, -0.019908237817491937, -0.07022574338577153, -0.03918184110572982, 1.0, -0.10133996238615642, 0.09417933476553736, 0.2927310289666719, 0.13312491523084777], [0.6789777621820885, 0.4943822548836356, 0.6777287096741604, 0.18874418628397127, 0.34868329492112976, 0.3974960493375871, 0.2562804253352973, -0.16474977744968067, -0.4009808453322, -0.321230371765306, -0.07687428168257543, 0.24367071064506934, -0.2980667759192019, -0.20749589824993983, -0.13063457923236832, -0.34217487482075165, 0.08754582551991653, 0.3942620211484023, 0.12853074673306067, -0.37155630736328404, 0.17051455814924577, 0.515155269674165, 0.07322282032004254, -0.17609364385957615, -0.10133996238615642, 1.0, 0.13886146012959313, -0.12129169561480359, 0.04487992920505537], [-0.09621171371182217, 0.12372428439966801, 0.034165775426461244, 0.4090893716858607, 0.5522686987643298, -0.20887867205221264, -0.5306657903811923, -0.4000529622631004, -0.39744000189761597, -0.17122764097576745, -0.33923748519203784, -0.3876471760480559, -0.2143245706555853, -0.150323399192811, -0.03431259861885408, 0.027600382011731307, -0.5066370873886925, -0.39959903370962996, -0.192463645254233, -0.09768417244001897, 0.08557266945453104, -0.1593470047321954, -0.0021777622181432554, -0.7094416472533341, 0.09417933476553736, 0.13886146012959313, 1.0, 0.3257463316078247, 0.8143678607409488], [0.016536672294205655, -0.2425086189304637, 0.2533341929087306, 0.363003946229415, 0.11416725918206906, 0.17646270791648305, -0.5875614735853236, -0.3961551742088355, -0.014361660117325974, -0.36021691604437883, -0.571705331780661, -0.5898002006408886, -0.3708284481530332, -0.22403441129279417, 0.21991597821041056, 0.13917981583438857, -0.3305375415643123, -0.36373221094578434, -0.06024083512760941, 0.28621623144187164, -0.041464383155809734, 0.09666777572613923, -0.1495861825572655, -0.29956278429837413, 0.2927310289666719, -0.12129169561480359, 0.3257463316078247, 1.0, 0.06653130070436569], [0.0035924676581086377, -0.030924180082674627, -0.009380687750054639, 0.3096185963410225, 0.5995550413001636, -0.29936157473442393, -0.18838553901853552, -0.28171839688343914, -0.02816333901406347, 0.13680707967847136, 0.016422054886283514, 0.02889139505390568, -0.036343346831398976, 0.22754381944376043, -0.4005793886733077, -0.18151422450950316, -0.15158078330874833, -0.10465027129276577, -0.38960270464208896, -0.3009419181200316, 0.3667372874875572, -0.15991817188958582, 0.13442517484489014, -0.3821088256326504, 0.13312491523084777, 0.04487992920505537, 0.8143678607409488, 0.06653130070436569, 1.0]]}, {"name": 1, "matrix": [[0.99, 0.350964828728817, 0.8041665582313474, 0.10744197432760091, 0.29733935884651885, 0.5937939948170243, 0.2626823553370508, -0.29091766493871657, 0.13940135426312159, -0.18819617456802887, -0.026678589527385662, 0.5528464763857012, -0.24477203701365743, 0.17757330988678072, -0.2653401663117559, -0.45652420521470327, 0.40829613539214593, 0.4733794443836466, -0.14920087611798333, -0.25393768792920535, 0.5082034523318358, 0.577370703500934, -0.03760635401137055, 0.10805974804435255, 0.025167853162409156, 0.6178697635857006, -0.08466630806640352, 0.01769423935480005, 0.003448768951784292], [0.3754507470122229, 1.02, 0.3384528134599313, 0.10623253452590631, 0.1321397809043105, 0.3278742823477708, -0.054214131356450236, -0.19368804362628803, -0.18204631687141315, -0.32595906318426154, -0.33692368444713133, 0.15121270755202423, -0.3546628019907222, -0.2908507696871118, 0.07632733498813955, -0.07563294661579746, 0.02358968191025624, 0.25619889918257815, 0.2893804893985541, -0.18617847220969938, 0.1960565102800292, 0.24578712352882007, 0.14007580026801053, -0.26675806610418923, -0.012151056320676637, 0.4251687391999266, 0.12867325577565475, -0.22068284322672196, -0.026285553070273433], [0.7860953996194071, 0.3135141850997258, 0.93, 0.1752718093138345, 0.15178258131059055, 0.6267151667807347, 0.1772869178877309, -0.35693082183561514, -0.04353259549666102, -0.21357114355676363, -0.09059495483684624, 0.31439531694152856, -0.32640209537285686, 0.005716373928621522, -0.13519592668895122, -0.4136320362301937, 0.314287799899113, 0.33017011439405614, -0.045594702731821875, -0.23049720630044385, 0.34423077619143255, 0.6490481772215594, -0.10239014125372584, -0.0535224003750249, -0.06863558033999893, 0.616733125803486, 0.03245748665513818, 0.2584008767669052, -0.008067391465046989], [0.12199140835113023, 0.1239379569468907, 0.2236226532624785, 0.92, 0.4573971684650805, 0.22860633779624223, -0.37338422026688006, -0.15778516452588304, -0.1410949013793115, -0.12621994145208826, -0.39928691794700555, -0.17853971910802932, -0.0005127327440774164, -0.053776865127649044, 0.00316533512633975, 0.13439047147436461, -0.27997539473796446, -0.17517333458012116, -0.09752304358696233, -0.26620627019225085, 0.20709122170948221, 0.0007702795159850466, 0.13498876253024808, -0.40746785999943297, 0.06302137684954295, 0.18308186069545213, 0.34772596593298155, 0.31581343321959104, 0.28794529459715096], [0.25731290669410284, 0.13098066001918496, 0.1316481572591857, 0.41967369065352744, 0.92, -0.20320836962997263, -0.2476175717563607, -0.2654045736586623, 0.022417321373633694, -0.10590469547772247, -0.24624742970436714, 0.10191149436837675, -0.005963566493541289, 0.3197150021609215, -0.2361496495768056, -0.19103107967181282, -0.2087342537249697, 0.10642703238498248, -0.44999038380615614, -0.15634793334952568, 0.6307506995255452, -0.2611541665724715, -0.09482636040029832, -0.28151141760985365, 0.37623829560189953, 0.3417096290227072, 0.5246552638261133, 0.11074224140660699, 0.5455950875831489], [0.5202265972290745, 0.3926866404862836, 0.7442242605521224, 0.24987204363775314, -0.17953360811968455, 1.06, 0.1405954889245395, -0.2169023202706861, -0.006413280600318744, -0.28259503975935646, -0.1392225347873194, 0.18081769428895547, -0.08700036493974606, -0.14439451438210876, -0.1274963031752419, -0.168482062095248, 0.33829920817114684, 0.34761164257593347, 0.21996077895927385, -0.2526741990980592, 0.05577933085939383, 0.6438858999776791, -0.019742892779229793, 0.038527819100026416, -0.026736666894812442, 0.38954612835083535, -0.18590201812646925, 0.1605810642039996, -0.3023551904817682], [0.279813813293815, -0.06700622976639918, 0.1868184726128777, -0.4030852377881091, -0.21257734933800776, 0.13523947029884276, 1.08, 0.26563062973514245, 0.3305238804049597, 0.622969868629452, 0.9060802193314151, 0.7152166150719674, 0.2348761339650553, 0.40641944755521914, -0.34894433835492766, -0.474206902494376, 0.8109123463435292, 0.5476338107221296, -0.1045648473597986, -0.35301804043864676, 0.06630533544971706, 0.24826230662825508, 0.1676900272685423, 0.4779045933887204, -0.4942754165718266, 0.23321518705512057, -0.4563725797278254, -0.546432170434351, -0.20534023753020375], [-0.28004223821203555, -0.18637906084793754, -0.3378095278087072, -0.17405167633267513, -0.22571790843867545, -0.19030109231296044, 0.3094459913409391, 0.96, 0.01773024563959629, 0.1398002224729809, 0.2736509782165, 0.12489866886268812, 0.4708949299243447, 0.13312502100093807, 0.10588372246390679, -0.0389868461741295, -0.142560541434698, -0.11519996534081203, 0.2269718662676561, -0.03625871781172458, -0.4263469836374331, -0.47113424884680793, 0.1775883612397837, 0.3792429321570065, -0.1839721196579693, -0.15980728412619025, -0.36804872528205235, -0.37634741549839373, -0.2676324770392672], [0.13655642866591503, -0.19162770196990858, -0.04579991817877878, -0.11861960735428843, 0.022870196552899024, -0.0052032276568623765, 0.29716825944666103, 0.01856657798108668, 1.01, 0.4874441177283171, 0.25384035554736545, 0.48152602060955463, 0.13438360462868437, 0.7398823267375761, -0.24360040953329473, -0.1560414669590339, 0.6576243407590301, 0.28756971962766154, -0.2644488205500268, -0.033655253384204616, 0.4504341866441958, -0.08747901472124564, 0.2384251301812801, 0.4621618474118479, 0.0932887503726067, -0.44508873831874207, -0.4451328021253299, -0.013212727307939896, -0.031542939695751095], [-0.16728548850491454, -0.36507415076637295, -0.2567653074221765, -0.14304926697903336, -0.13478779424437407, -0.26951193606679363, 0.528411942141053, 0.18043982202908004, 0.47236852645836913, 1.02, 0.6033744873449717, 0.41631994123272126, 0.4411773417519903, 0.49898462713302605, -0.23342706014031658, -0.11619187918746443, 0.40033740114871985, 0.11468200679282227, -0.4796168975217402, -0.41915376506118807, 0.18777687012682748, -0.10380520742896718, 0.0968760215790285, 0.07271497890571495, -0.5168842829581176, -0.3405041940712244, -0.1746521937952828, -0.356614746883935, 0.12859865489776307], [-0.03136933054318974, -0.27804381726219574, -0.10534297074051888, -0.45632790622514924, -0.21490684774199312, -0.12130280258697136, 0.8901840751326185, 0.2765934618532365, 0.22093512427270695, 0.6228381804851321, 0.9, 0.664379931588461, 0.4907027134874794, 0.6028601856408692, -0.4920186835281594, -0.46647399468386397, 0.48656512193733625, 0.3669690773628543, -0.408765831271063, -0.38508432932420855, -0.04469654208576838, -0.018184778644647653, -9.32116336004949e-05, 0.378498639942397, -0.29387888517277644, -0.0737993104152724, -0.29174423726515253, -0.6060076516875007, 0.015436731593106502], [0.6036180915639798, 0.12772335492258358, 0.31439531694152856, -0.22628871375319998, 0.13053831862915674, 0.18081769428895547, 0.7385388959982272, 0.1226069501679599, 0.47661248978700815, 0.4076466091237062, 0.6112295370613842, 1.13, 0.2760169771644327, 0.6626325779432446, -0.5357076364897266, -0.678819827218121, 0.7432836517960641, 0.6731781774559219, -0.31260477646309975, -0.40129968221643897, 0.4431381603016581, 0.16043227978744815, -0.018688303778939645, 0.5129467573417499, -0.18827788591264746, 0.21443022536766101, -0.4070295348504587, -0.6487802207049774, 0.026868997400132284], [-0.2339414159068585, -0.36622789335998485, -0.3001733555661094, -0.00044925154719164113, -0.0075772374270877555, -0.08865751474812217, 0.2581311967338727, 0.4228444268708402, 0.11655720809630787, 0.5184970820590401, 0.403568586793441, 0.2888549761023133, 1.04, 0.39880977202182233, -0.30256757966699954, -0.12402084599853688, 0.05467645253203083, 0.08300957311462157, -0.2992433960749427, -0.19280982824719606, -0.053778824957377055, -0.40521331512213943, -0.4176721154223211, 0.16068973901001843, -0.11091720064826123, -0.30998944695596997, -0.24004351913425556, -0.3708284481530332, -0.0319821452116311], [0.1953306408754588, -0.28306012407049275, 0.0056114863336009435, -0.06119436376594546, 0.33523514789688863, -0.11157757929526585, 0.4402877348514875, 0.125444731327807, 0.6643841301317011, 0.5373680599894126, 0.5861140693730672, 0.7730713409337855, 0.402964040480383, 0.97, -0.5987464368452401, -0.609577870450458, 0.5164024274682787, 0.2888600174477432, -0.5503243342228689, -0.13157720621597765, 0.40843979255447765, -0.29244524662056964, 0.08547416484393991, 0.30465761923380236, 0.07411701372991684, -0.19089622638994466, -0.1337878252816018, -0.23299578774450594, 0.25939995416588685], [-0.2977706310831927, 0.09433715560331857, -0.13219157276253007, 0.0024974203749102615, -0.23405982966904632, -0.12513526052384855, -0.37734678450009623, 0.09400891246795462, -0.29920485083980763, -0.25155731723859365, -0.43115039278240774, -0.64052000015076, -0.2790671851297568, -0.5479094752263045, 0.95, 0.6238026049037764, -0.5860740414421303, -0.28918234351953404, 0.5978723764316118, 0.20892680795691362, -0.30646094943124946, 0.015718338791929385, 0.0024973818720193854, -0.23961077755602908, -0.1528885108384444, -0.14892342032489989, -0.03705760650836241, 0.2353100966851393, -0.45265470920083767], [-0.4516153427930398, -0.09586036257118516, -0.37602912384563064, 0.15704055093633618, -0.2138717522412687, -0.13728168022575762, -0.533482765306173, -0.041557407460335836, -0.15781466544720474, -0.11369312909741143, -0.534610645592743, -0.5507406145354566, -0.14938874631641944, -0.5984946364422677, 0.7833800154605565, 0.94, -0.5128609572333089, -0.24441638932218837, 0.4959184285302108, 0.20978805442999277, -0.19003575014654328, 0.0029145148297557177, 0.042385037911490495, -0.1933567640856442, -0.03253735870735237, -0.38665760854744935, 0.029256404932435188, 0.12247823793426195, -0.17062337103893296], [0.44192052301267565, 0.02406624114076647, 0.3717382579451874, -0.27686455701865376, -0.19395660744355595, 0.3445065330917183, 0.8639626867585263, -0.13380682397818147, 0.6817573440896366, 0.3708388558009194, 0.49191199140917513, 0.8449961515155257, 0.06313157405760261, 0.6150410933891858, -0.5263813149989502, -0.607628742809029, 1.04, 0.4038648052559508, -0.24044833719079992, -0.12132641679665071, 0.37038941039620726, 0.2887326099171821, 0.15794426445911217, 0.3905288406056801, -0.12859639571520862, 0.07704032645752655, -0.5066370873886925, -0.2875676611609517, -0.16522305380653568], [0.4788205874225391, 0.26624591483679694, 0.3601855793389703, -0.1838452818365628, 0.09634447142219467, 0.38316283329392664, 0.4759807887584865, -0.12426063677211184, 0.3157015400260197, 0.09641407650723996, 0.3841171650900905, 0.7131689602750856, 0.06549379163171976, 0.2861853876565604, -0.28918234351953404, -0.2468363535729031, 0.5226485715077012, 1.09, -0.0424287450985132, -0.39712442557998995, 0.5815989019146905, 0.4777088661331079, -0.10849947472295915, 0.47438763832945274, 0.01974106347784606, 0.35089319882207803, -0.40359502404672626, -0.36736953305524217, -0.1182548065608253], [-0.1526307813160979, 0.2643379470467561, -0.04385776167537152, -0.08908354943039828, -0.44133672257911466, 0.2683038073019714, -0.1034030157224675, 0.23530110906646914, -0.30307617636070483, -0.3996807479347835, -0.33306845510975497, -0.3751257317557197, -0.34501003312169864, -0.5376732001028028, 0.5538186223787562, 0.6079000091660647, -0.22709009623575546, -0.038859972146301804, 1.08, 0.09814399516850845, -0.4443612625638344, 0.29467420423493407, 0.27333956856988956, 0.04021336271658018, -0.12835120055669333, 0.11696297952708522, -0.1789911900864367, -0.06746973534292254, -0.3818106505492472], [-0.28279424337570597, -0.19410096038883554, -0.2540707842175347, -0.2906537848017433, -0.17304528545481482, -0.26569864235053653, -0.326624168256318, -0.027517776910683828, -0.03163593818115234, -0.4594570117016869, -0.35414005286065603, -0.4302594530980377, -0.20177772723543774, -0.13308958789662106, 0.1983749489691907, 0.18486274103236985, -0.12132641679665071, -0.4482394506546421, 0.08913077112242095, 1.04, -0.1936038765945464, -0.3999952770020907, -0.0968722723232555, 0.05612554924294283, 0.1341572361523102, -0.3232539874060571, -0.09279996381801801, 0.27190541986977806, -0.3009419181200316], [0.5315691283011157, 0.1717828471025018, 0.30412621974194526, 0.19014739447870638, 0.6848150451991633, 0.04797022453907869, 0.08137472987010731, -0.4698517778861508, 0.4639472122435217, 0.15092346570941273, -0.04027114187925666, 0.5177719557208847, -0.06077007220183607, 0.4127848967305891, -0.3166763144122911, -0.16557570309797828, 0.3818447529857807, 0.4999709858564884, -0.5425340996418908, -0.19564181213764686, 1.12, 0.16510472556252165, -0.01975287139294849, 0.0051367242228418444, 0.21579970092591003, 0.1483476655898438, 0.0735924957308967, -0.041049739324251634, 0.37773940611218393], [0.49566730206212256, 0.23058379630023326, 0.5981424378316331, 0.000852224145345158, -0.2493904653755133, 0.5902287416462059, 0.21516066574448772, -0.5025431987699285, -0.09336702532748334, -0.09182768349485558, -0.021658275689130913, 0.15748856823171517, -0.38330989268310484, -0.29244524662056964, 0.014344891713022933, 0.0034840177275240764, 0.31169997661513976, 0.5020817674664297, 0.303093467213075, -0.45392722446304673, 0.1717756235650478, 1.0, 0.08043069545369022, -0.023339833383397367, -0.021899061599241133, 0.4584881900100069, -0.17846864530005888, 0.08700099815352531, -0.15991817188958582], [-0.040265389143487665, 0.13635697371222266, -0.10537237837762076, 0.12352745250409493, -0.08940771123456698, -0.02531735662277703, 0.1465399337391766, 0.16144396476343972, 0.2070534025258485, 0.1253689691022722, -8.575470291245531e-05, -0.01737684386462809, -0.40573862641025477, 0.08355339709463788, 0.0026149057248202982, 0.047371512959901135, 0.2069614499809056, -0.0975499864481651, 0.3147546547168425, -0.08667519102607071, -0.01633410519032279, 0.08193407293880593, 1.11, -0.10656476166629546, -0.07865283259206413, 0.0717583639136417, -0.0019382083741474973, -0.13013997882482098, 0.11829415386350332], [0.1338467333731185, -0.2456287143335604, -0.04856662256252259, -0.4470278464071449, -0.31247767354693756, 0.043856134507476885, 0.40366698664872497, 0.324577284278519, 0.3880415511288157, 0.07271497890571495, 0.40076326582136157, 0.560054112607829, 0.19245398974455696, 0.36426454473606806, -0.20936864058293803, -0.15434618887538265, 0.3905288406056801, 0.47007502343554863, 0.044944346565589606, 0.06222615242152357, 0.005185645405916529, -0.023339833383397367, -0.1054064490394879, 0.85, -0.03526365699515684, -0.17257177098238463, -0.7591025625610676, -0.2875802729264392, -0.3706455608636709], [0.024648928354936803, -0.01428750578365275, -0.06787296278066561, 0.07406636042111234, 0.2968485635024161, -0.03302764734065067, -0.47544587689289985, -0.1667247334400347, 0.09905918853998444, -0.4436971278490036, -0.3001316274104951, -0.1941009133120077, -0.10270111171135299, 0.08422387923854187, -0.14288645872751812, -0.03285325539383152, -0.13807191961001347, 0.016920911552439483, -0.11576774952172339, 0.1356478721095581, 0.2424715740740562, -0.019510073061142098, -0.07163025825348697, -0.03683093063938603, 0.99, -0.09525956464298703, 0.10736444163271258, 0.3073675804150055, 0.13978116099239016], [0.6993470950475512, 0.5537081254696719, 0.7455015806415766, 0.17175720951841386, 0.33473596312428455, 0.3497965234170766, 0.23577799130847354, -0.1729872663221647, -0.34484352698569204, -0.30838115689469375, -0.07687428168257543, 0.20955681115475963, -0.3308541212703141, -0.234470365022432, -0.13847265398631042, -0.32848787982792155, 0.09892678283750568, 0.44157346368621064, 0.12981605420039127, -0.3381162397005885, 0.1500528111713363, 0.5821254547318064, 0.07541950492964382, -0.1831373896139592, -0.11552755712021831, 0.93, 0.1277525433192257, -0.11037544300947127, 0.04084073557660039], [-0.09236324516334929, 0.10640288458371448, 0.034507433180725855, 0.3599986470835574, 0.6240636296036927, -0.20261231189064624, -0.48821252715069696, -0.42805666962151745, -0.36961920176478286, -0.1815012994343135, -0.3799459834150824, -0.39152364780853643, -0.20146509641625018, -0.15182663318473913, -0.03019508678459159, 0.030912427853139066, -0.5573007961275618, -0.4555428984289781, -0.20016219106440233, -0.09182312209361783, 0.07273676903635139, -0.16412741487416127, -0.002351983195594716, -0.7803858119786676, 0.09041216137491587, 0.11803224111015416, 0.91, 0.30620155171135516, 0.8062241821335393], [0.016536672294205655, -0.23765844655185442, 0.2584008767669052, 0.35937390676712083, 0.10389220585568285, 0.19763823286646104, -0.5875614735853236, -0.41992448466136567, -0.015941442730231833, -0.324195224439941, -0.6517440782299534, -0.6310862146857508, -0.39307815504221516, -0.230755443631578, 0.21111933908199412, 0.12247823793426195, -0.29087303657659486, -0.41101739836873624, -0.06445769358654208, 0.26618109524094064, -0.042708314650484025, 0.10923458657053732, -0.13313170247596628, -0.3115452956703091, 0.28687640838733847, -0.13220794822013593, 0.28665677181488575, 0.99, 0.0632047356691474], [0.003808015717595156, -0.03247038908680836, -0.009755915260056824, 0.3220033401946634, 0.5995550413001636, -0.3053488062291124, -0.16577927433631126, -0.2958043167276111, -0.02393883816195395, 0.13680707967847136, 0.014287187751066657, 0.02629116949905417, -0.040341114982852866, 0.22526838124932283, -0.4286199458804393, -0.19422022022516838, -0.15006497547566083, -0.10674327671862109, -0.34674640713145916, -0.2979324989388313, 0.3960762704865618, -0.14392635470062723, 0.13308092309644123, -0.4356040612212214, 0.1251374203169969, 0.04487992920505537, 0.8225115393483583, 0.06852723972549667, 0.92]]}, {"name": 2, "matrix": [[1.01, 0.35460130234277987, 0.8581732775319422, 0.07075723364516934, 0.23330967719954696, 0.38732393208622523, 0.25480918950295794, -0.2168649878965817, 0.16667769954599332, -0.1653976073683409, 0.005784709046927917, 0.4494180196692826, -0.189907545209533, 0.18096764674738947, -0.32293538458193455, -0.4575027428151341, 0.46223439023131613, 0.4545275990771503, -0.21007051752853123, -0.32783308906590797, 0.5070290740610329, 0.42113662561817616, 0.019495542205285783, 0.061095312154961695, 0.08869145905503051, 0.6750578321918772, -0.10014109835624972, 0.03363596291986661, 0.02356725719879748], [0.4255215628113359, 1.01, 0.2821045064581718, 0.15645622397821846, 0.19329312247611832, 0.3014578938349199, -0.12339274580455055, -0.13850452720137577, -0.12320876431876403, -0.30813404905800096, -0.3017874202028344, 0.10059202840218227, -0.257442538686696, -0.14603224267251505, 0.037662266257628585, -0.04830789245385956, 0.07438545610005622, 0.17624539401365721, 0.2653382781357812, -0.13572886740179643, 0.22756224656081248, 0.18890540517686957, 0.11878732780140516, -0.21057477459681223, 0.05217795620602776, 0.5832865627984253, 0.16359391204910037, -0.19779659663288407, 0.027077343503260545], [0.8334182791415977, 0.23153860435717877, 1.13, 0.14133876586057081, 0.07396157813105918, 0.6778982512235175, 0.15609769620764113, -0.2677875183217088, -0.11111198463844674, -0.2940632639441451, -0.07215987097505716, 0.34267476696055615, -0.2739645566127984, -0.023718629251506772, -0.14084133572799967, -0.42312555878174424, 0.3135863777099812, 0.44392841293703444, -0.02529054358921995, -0.27202683709948255, 0.2746405434792536, 0.7102896559325728, -0.08835373921556455, -0.038105432325019534, -0.09115468329797537, 0.49050180234719976, 0.06682022955465385, 0.13123658913500186, 0.008256305854478077], [0.08118461544551009, 0.17927275664170866, 0.165707518595152, 0.95, 0.47582326763966415, 0.2536654606981978, -0.46566658627943996, -0.12272691246035652, -0.1511801506542478, -0.17411445519008184, -0.5277787911606219, -0.18656696499616524, 0.04309603259609531, 0.02128211037200028, 0.01084738149365019, 0.24125865963582227, -0.19226769922667045, -0.21332594594367485, -0.014756820550082081, -0.14610253723364197, 0.2558537402430335, 0.0325762747063204, 0.06988296501641238, -0.30519615160073965, 0.08837375818787109, 0.19821902847102665, 0.48369278985820524, 0.3367406013339902, 0.29787063334702624], [0.27945884411813865, 0.21018281278956558, 0.06253115241989549, 0.43698055191397733, 0.86, -0.16575510880341757, -0.21543640219715765, -0.24446411965118897, 0.06408529515651565, -0.07986870452127859, -0.25375265673171815, 0.07738276986248545, 0.021494979078646535, 0.3603192561890962, -0.22323137630799303, -0.15504139425318775, -0.13040394786338233, 0.015240079567331956, -0.40911540008749375, -0.11291869223515595, 0.691549915308941, -0.2144269319476095, -0.06968461954721483, -0.24200955037230817, 0.35251936291276176, 0.36749062212999917, 0.5316942552236411, 0.14034549943982202, 0.6460339485777503], [0.3999540603064282, 0.363119735755699, 0.658891758198559, 0.3312572486764701, -0.1621517368729085, 0.95, 0.05671700851138323, -0.21480449601441798, -0.08603263880951761, -0.2781576843902408, -0.1652763414718731, 0.2247598277908234, -0.09211377641729446, -0.08376925566005526, -0.0793971154744725, -0.09151809560976863, 0.3381519768213734, 0.3666162960795958, 0.31435979632947636, -0.16286450134248182, 0.10206832286707812, 0.6595316056049266, -0.06747606897928904, 0.10739644039146817, -0.07064550497325912, 0.2860580090120144, -0.12602837726169644, 0.09803742627279369, -0.19162355745634782], [0.30241090622329075, -0.11040403571986103, 0.17985169345663, -0.5174073180882667, -0.22044655108546365, 0.059702114222508665, 1.12, 0.1950274121266495, 0.2761979138796985, 0.5972978282448483, 0.8323760277929383, 0.662437042860743, 0.14833405909465996, 0.2713469831947389, -0.3259372412561022, -0.6422333745775262, 0.6539052349942918, 0.5582352798557029, -0.19602881809209602, -0.33310864177638616, -0.007284549096544011, 0.1657365784604491, 0.1597946594052686, 0.32937072179457383, -0.5075301053484303, 0.21118709032139082, -0.5364974847276148, -0.5419032789804674, -0.2521303697680992], [-0.22629390041382436, -0.16680115103821597, -0.28488033864011575, -0.13009052720797792, -0.22330857083522068, -0.18411813944092967, 0.19087789271969954, 1.05, -0.0012310020593109031, 0.08326216033069582, 0.239