{"nodes": [{"name": "DANLaIPS"}, {"name": "DANLFEF"}, {"name": "DANLpIPS"}, {"name": "DANRaIPS"}, {"name": "DANRFEF"}, {"name": "DANRpIPS"}, {"name": "DMNLAG"}, {"name": "DMNLHC"}, {"name": "DMNLlattemp"}, {"name": "DMNmPFC"}, {"name": "DMNPCC"}, {"name": "DMNRAG"}, {"name": "DMNRHC"}, {"name": "DMNRlattemp"}, {"name": "FPTCLdlPFC"}, {"name": "FPTCLfrontal"}, {"name": "FPTCLIPL"}, {"name": "FPTCLIPS"}, {"name": "FPTCRdlPFC"}, {"name": "FPTCRfrontal"}, {"name": "FPTCRIPL"}, {"name": "FPTCRIPS"}, {"name": "SALACC"}, {"name": "SALLFIC"}, {"name": "SALRFIC"}, {"name": "SENLSM"}, {"name": "SENLV1"}, {"name": "SENRSM"}, {"name": "SENRV1"}], "stablestate": -1, "similarStates": [2, 5], "stateborders": [6, 17, 27, 37, 47, 60], "times": [{"name": 0, "matrix": [[1.0, 0.8164469018191227, 0.5743515680456437, 0.8139209149222789, 0.3897275247032657, 0.23001420007083517, -0.45872363214927264, 0.6912961984742655, -0.4791338712011686, -0.5331430574379726, -0.3502991924208372, -0.44329776560322265, 0.30817096513498465, 0.7405337499233445, 0.3554787719530616, 0.6821603165652345, 0.7082124026235748, -0.1477808365255122, -0.13657060790087977, 0.8454462048959948, 0.31259547491653156, 0.15163196721261013, 0.009461964457484756, -0.47786920427240454, -0.09665816965178758, 0.8944936531207975, 0.8686693634475636, 0.3384129176233155, 0.9136288599985943], [0.8164469018191227, 1.0, 0.7139117402320033, 0.7124151902780885, 0.6437234543772323, 0.5035243094504702, -0.13888073705469994, 0.5803167409829811, -0.3920645314756437, -0.23167022227858805, 0.013106214377202175, -0.005025789168065513, 0.3483098172370955, 0.882424840173801, 0.5377267456825064, 0.7711386436194342, 0.5151360958622011, 0.15540395298489854, 0.17303037018216247, 0.7885138473654633, 0.39906332849566944, 0.4046126172999639, 0.19027198745499022, -0.7744045577840071, -0.3262045448519107, 0.9127629509463947, 0.5970469561903693, 0.6911495836479964, 0.8166853731714913], [0.5743515680456437, 0.7139117402320033, 1.0, 0.7817165656190557, 0.06640742115561744, 0.9030233512632021, -0.3290386671208466, -0.06808363051015814, -0.5691732003943976, -0.5487567978752314, -0.04188913538362012, 0.11357120286474168, -0.1580499594150872, 0.45886670513497274, 0.5790581765576286, 0.7681193109425337, 0.727902152385288, 0.31553510253102834, 0.5464061302561968, 0.49811249414113157, 0.6891500226304426, 0.8404062195087446, -0.0011515268493615808, -0.7461172841381776, -0.7146406054749949, 0.565001309819264, 0.5090367942239549, 0.28608340120716447, 0.5708603525582436], [0.8139209149222789, 0.7124151902780885, 0.7817165656190557, 1.0, 0.038886834729772696, 0.5985643378694988, -0.6726375349305445, 0.2249337685160884, -0.6271538271799946, -0.7184429210808376, -0.4241392458083027, -0.34279972236722933, -0.07995071149020969, 0.457658079008673, 0.3362678400446274, 0.8292550579471878, 0.9424554552162616, -0.17859157650363214, 0.19971471223492854, 0.6867596163760217, 0.6832166307803446, 0.5343641980688121, -0.09320061220241607, -0.5117105399449889, -0.4656463110081896, 0.7101619287667202, 0.9182540413364914, 0.15911385672700784, 0.8357785315597205], [0.3897275247032657, 0.6437234543772323, 0.06640742115561744, 0.038886834729772696, 1.0, -0.07025682644665802, 0.5194436931827744, 0.7291371987508535, 0.10371087435271463, 0.5334904457285347, 0.3904082657321542, 0.17653681531985244, 0.6659310521837709, 0.7812575272669973, 0.5648942019862125, 0.2691654883549574, -0.15715098015179008, 0.246339092864681, -0.14010641161622214, 0.5690141097651134, -0.16868446413818705, -0.18642683716808903, 0.5671131918776536, -0.3703947798126556, 0.08280315112447043, 0.6558893141761586, 0.0767158004416698, 0.8289718689366363, 0.4107977605150845], [0.23001420007083517, 0.5035243094504702, 0.9030233512632021, 0.5985643378694988, -0.07025682644665802, 1.0, -0.14882009481957376, -0.342382647143281, -0.3182537517658453, -0.35593362272706547, 0.20619356770823538, 0.4291106158230462, -0.19767382540196832, 0.2763985611214919, 0.48670707416891795, 0.5593641080248428, 0.6048746389445093, 0.48651785386558205, 0.8218485898602834, 0.1558405200923007, 0.8199784223272863, 0.9801507797200104, 0.13292659230662043, -0.5797437150748118, -0.7125965832933876, 0.24757392285544827, 0.23920627386210155, 0.28652534111027833, 0.3602097580462213], [-0.45872363214927264, -0.13888073705469994, -0.3290386671208466, -0.6726375349305445, 0.5194436931827744, -0.14882009481957376, 1.0, 0.07929160789359545, 0.7055421163430161, 0.9269607979402951, 0.885836845040255, 0.739151496244284, 0.5360023350540623, 0.1838062101114398, 0.31678553655154496, -0.5028480865800526, -0.6437542527639418, 0.6883547080407959, 0.21656235451460587, -0.3232138054224064, -0.2578879845619337, -0.15011517458769671, 0.7291879326158502, 0.21432700169258423, 0.29182154380455094, -0.24679259498319175, -0.7288650579905571, 0.5270267087742129, -0.3279285514678793], [0.6912961984742655, 0.5803167409829811, -0.06808363051015814, 0.2249337685160884, 0.7291371987508535, -0.342382647143281, 0.07929160789359545, 1.0, 0.10626660937230464, 0.10980486963769161, 0.008744315903451903, -0.2556718610561787, 0.7754469758089728, 0.7831048405537635, 0.13202772709056004, 0.15190090168802067, 0.10083259086626782, -0.0887627189808214, -0.39742614902648654, 0.5858297064492562, -0.14655379245944647, -0.3908018590448255, 0.311490600478197, -0.0959264086847031, 0.4946791091596465, 0.6761191944986248, 0.4239362097167889, 0.5509656684609243, 0.6635621730412856], [-0.4791338712011686, -0.3920645314756437, -0.5691732003943976, -0.6271538271799946, 0.10371087435271463, -0.3182537517658453, 0.7055421163430161, 0.10626660937230464, 1.0, 0.6791572549066262, 0.741144879753046, 0.6277575802030945, 0.6450122072413745, 0.03269511231349495, -0.25092795568031767, -0.8178452823438845, -0.46071362882966826, 0.5056840781958925, 0.2603290334171728, -0.6461538125415943, -0.04441474582413033, -0.2022938793158953, 0.6265130104549409, 0.6861909849499129, 0.7511713340469868, -0.5302267687597887, -0.6101028520028102, 0.2943788302152675, -0.23159219938775918], [-0.5331430574379726, -0.23167022227858805, -0.5487567978752314, -0.7184429210808376, 0.5334904457285347, -0.35593362272706547, 0.9269607979402951, 0.10980486963769161, 0.6791572549066262, 1.0, 0.7238369021480792, 0.5623950163160288, 0.4656197122471221, 0.05485129585703036, 0.17507119129416734, -0.5013893271255631, -0.7329677202326482, 0.39502917525586245, -0.0024302298938025774, -0.29959635841925336, -0.3951244714078728, -0.37200264471831085, 0.6445974445601428, 0.3058506896518393, 0.33963152533168917, -0.26569148159497985, -0.6878918215279067, 0.44553386171574905, -0.3927511833257501], [-0.3502991924208372, 0.013106214377202175, -0.04188913538362012, -0.4241392458083027, 0.3904082657321542, 0.20619356770823538, 0.885836845040255, 0.008744315903451903, 0.741144879753046, 0.7238369021480792, 1.0, 0.9295964378301155, 0.5868249104921145, 0.31018225974758334, 0.30000372713924484, -0.43486236096366354, -0.34319596075284137, 0.8846700973571028, 0.6088568585369211, -0.40342488259217313, 0.178404893067793, 0.251350341716143, 0.8028083480431273, 0.1469420480034607, 0.2206778514994781, -0.24619658333282926, -0.60584489994543, 0.6034754699288892, -0.10535825053635225], [-0.44329776560322265, -0.005025789168065513, 0.11357120286474168, -0.34279972236722933, 0.17653681531985244, 0.4291106158230462, 0.739151496244284, -0.2556718610561787, 0.6277575802030945, 0.5623950163160288, 0.9295964378301155, 1.0, 0.34079811625524953, 0.17892380449347073, 0.23885395961087355, -0.32781281610341434, -0.260458593077661, 0.8920772474323223, 0.7919038370872046, -0.48785405108250174, 0.33260867658006515, 0.48675692255488784, 0.6320056869244494, 0.02556436274573221, 0.00791380038659884, -0.3288095922883623, -0.6291570848148873, 0.5272808798486751, -0.18755398481068647], [0.30817096513498465, 0.3483098172370955, -0.1580499594150872, -0.07995071149020969, 0.6659310521837709, -0.19767382540196832, 0.5360023350540623, 0.7754469758089728, 0.6450122072413745, 0.4656197122471221, 0.5868249104921145, 0.34079811625524953, 1.0, 0.7373032326510072, 0.15691044874967972, -0.2614438906876671, -0.06172208330544381, 0.44334560760260383, 0.08049550104210916, 0.10831202334249593, 0.0625097562640162, -0.17517374915408412, 0.7435197344297025, 0.20744167659979315, 0.6674093054317409, 0.2740373298843559, -0.008186397192438613, 0.720728354957209, 0.4733844191603357], [0.7405337499233445, 0.882424840173801, 0.45886670513497274, 0.457658079008673, 0.7812575272669973, 0.2763985611214919, 0.1838062101114398, 0.7831048405537635, 0.03269511231349495, 0.05485129585703036, 0.31018225974758334, 0.17892380449347073, 0.7373032326510072, 1.0, 0.5040174248417127, 0.421492590646383, 0.3358384882698367, 0.3775210976480013, 0.1714604337952099, 0.6242593604106311, 0.3011894212210267, 0.21374121235803403, 0.5058621942291667, -0.4609048739904451, 0.08548367697578525, 0.7902843129300411, 0.4023680205606324, 0.8534651040067092, 0.8018736762816104], [0.3554787719530616, 0.5377267456825064, 0.5790581765576286, 0.3362678400446274, 0.5648942019862125, 0.48670707416891795, 0.31678553655154496, 0.13202772709056004, -0.25092795568031767, 0.17507119129416734, 0.30000372713924484, 0.23885395961087355, 0.15691044874967972, 0.5040174248417127, 1.0, 0.5390087708873437, 0.2877658803458607, 0.465081052117544, 0.25387805153042176, 0.582115546819075, 0.2346807518163931, 0.33872571632164494, 0.5371201721235955, -0.458850229281927, -0.5156221857749403, 0.566950797039485, 0.20623186295118745, 0.5594135228394282, 0.3599903818313108], [0.6821603165652345, 0.7711386436194342, 0.7681193109425337, 0.8292550579471878, 0.2691654883549574, 0.5593641080248428, -0.5028480865800526, 0.15190090168802067, -0.8178452823438845, -0.5013893271255631, -0.43486236096366354, -0.32781281610341434, -0.2614438906876671, 0.421492590646383, 0.5390087708873437, 1.0, 0.637160428964163, -0.21545406876963707, 0.026445132593951724, 0.8425483222781291, 0.3569793474776067, 0.4169899148347626, -0.1927962792449894, -0.8123968735190105, -0.7332930662741304, 0.8185725473552126, 0.7238384252523844, 0.26004084160458096, 0.5907116446664303], [0.7082124026235748, 0.5151360958622011, 0.727902152385288, 0.9424554552162616, -0.15715098015179008, 0.6048746389445093, -0.6437542527639418, 0.10083259086626782, -0.46071362882966826, -0.7329677202326482, -0.34319596075284137, -0.260458593077661, -0.06172208330544381, 0.3358384882698367, 0.2877658803458607, 0.637160428964163, 1.0, -0.06739956621025604, 0.32460261666837414, 0.4892050601292817, 0.790034212676409, 0.5804454038845519, 0.002998844406980504, -0.2574665450862055, -0.35283735411207057, 0.50500103117702, 0.8573888064156149, 0.05027962577436607, 0.7836241755226998], [-0.1477808365255122, 0.15540395298489854, 0.31553510253102834, -0.17859157650363214, 0.246339092864681, 0.48651785386558205, 0.6883547080407959, -0.0887627189808214, 0.5056840781958925, 0.39502917525586245, 0.8846700973571028, 0.8920772474323223, 0.44334560760260383, 0.3775210976480013, 0.465081052117544, -0.21545406876963707, -0.06739956621025604, 1.0, 0.7518140126468109, -0.2638463503518704, 0.3585174956267202, 0.5211503792199368, 0.6808459314020336, -0.055002617113884954, 0.0010161866608013627, -0.11229428316375092, -0.4439263492420165, 0.5652824909050754, 0.02195406301018158], [-0.13657060790087977, 0.17303037018216247, 0.5464061302561968, 0.19971471223492854, -0.14010641161622214, 0.8218485898602834, 0.21656235451460587, -0.39742614902648654, 0.2603290334171728, -0.0024302298938025774, 0.6088568585369211, 0.7919038370872046, 0.08049550104210916, 0.1714604337952099, 0.25387805153042176, 0.026445132593951724, 0.32460261666837414, 0.7518140126468109, 1.0, -0.3259497689639982, 0.8064532284845326, 0.887342880432558, 0.42434260993032397, -0.13092085488833766, -0.29411304960814455, -0.17604208514371392, -0.15841102086071446, 0.3373322157018223, 0.1412160578911511], [0.8454462048959948, 0.7885138473654633, 0.49811249414113157, 0.6867596163760217, 0.5690141097651134, 0.1558405200923007, -0.3232138054224064, 0.5858297064492562, -0.6461538125415943, -0.29959635841925336, -0.40342488259217313, -0.48785405108250174, 0.10831202334249593, 0.6242593604106311, 0.582115546819075, 0.8425483222781291, 0.4892050601292817, -0.2638463503518704, -0.3259497689639982, 1.0, 0.04984507484378578, -0.006400244726271004, -0.0088960950727474, -0.6235229493293272, -0.3510197949759221, 0.9657919381656196, 0.7558196751724263, 0.3840321258028846, 0.6963524261299417], [0.31259547491653156, 0.39906332849566944, 0.6891500226304426, 0.6832166307803446, -0.16868446413818705, 0.8199784223272863, -0.2578879845619337, -0.14655379245944647, -0.04441474582413033, -0.3951244714078728, 0.178404893067793, 0.33260867658006515, 0.0625097562640162, 0.3011894212210267, 0.2346807518163931, 0.3569793474776067, 0.790034212676409, 0.3585174956267202, 0.8064532284845326, 0.04984507484378578, 1.0, 0.8577123862121159, 0.29371305543628307, -0.16574430960786404, -0.31882994332087555, 0.16449825086417, 0.43056548573048287, 0.25273940312170934, 0.5807138261850113], [0.15163196721261013, 0.4046126172999639, 0.8404062195087446, 0.5343641980688121, -0.18642683716808903, 0.9801507797200104, -0.15011517458769671, -0.3908018590448255, -0.2022938793158953, -0.37200264471831085, 0.251350341716143, 0.48675692255488784, -0.17517374915408412, 0.21374121235803403, 0.33872571632164494, 0.4169899148347626, 0.5804454038845519, 0.5211503792199368, 0.887342880432558, -0.006400244726271004, 0.8577123862121159, 1.0, 0.11757260828192216, -0.4681146577904358, -0.6045992872840857, 0.10710291225129408, 0.1678053427867781, 0.221087474471575, 0.3118995470639642], [0.009461964457484756, 0.19027198745499022, -0.0011515268493615808, -0.09320061220241607, 0.5671131918776536, 0.13292659230662043, 0.7291879326158502, 0.311490600478197, 0.6265130104549409, 0.6445974445601428, 0.8028083480431273, 0.6320056869244494, 0.7435197344297025, 0.5058621942291667, 0.5371201721235955, -0.1927962792449894, 0.002998844406980504, 0.6808459314020336, 0.42434260993032397, -0.0088960950727474, 0.29371305543628307, 0.11757260828192216, 1.0, 0.24394642948668124, 0.26128383616481626, 0.09248157201549664, -0.1518704320347651, 0.7126870319706367, 0.28605619813583255], [-0.47786920427240454, -0.7744045577840071, -0.7461172841381776, -0.5117105399449889, -0.3703947798126556, -0.5797437150748118, 0.21432700169258423, -0.0959264086847031, 0.6861909849499129, 0.3058506896518393, 0.1469420480034607, 0.02556436274573221, 0.20744167659979315, -0.4609048739904451, -0.458850229281927, -0.8123968735190105, -0.2574665450862055, -0.055002617113884954, -0.13092085488833766, -0.6235229493293272, -0.16574430960786404, -0.4681146577904358, 0.24394642948668124, 1.0, 0.714477543672552, -0.6778049581536044, -0.31467320727757897, -0.3492555632350603, -0.33596903989249105], [-0.09665816965178758, -0.3262045448519107, -0.7146406054749949, -0.4656463110081896, 0.08280315112447043, -0.7125965832933876, 0.29182154380455094, 0.4946791091596465, 0.7511713340469868, 0.33963152533168917, 0.2206778514994781, 0.00791380038659884, 0.6674093054317409, 0.08548367697578525, -0.5156221857749403, -0.7332930662741304, -0.35283735411207057, 0.0010161866608013627, -0.29411304960814455, -0.3510197949759221, -0.31882994332087555, -0.6045992872840857, 0.26128383616481626, 0.714477543672552, 1.0, -0.2822882022445988, -0.23074376150190004, 0.05567596026712867, -0.024331987791843264], [0.8944936531207975, 0.9127629509463947, 0.565001309819264, 0.7101619287667202, 0.6558893141761586, 0.24757392285544827, -0.24679259498319175, 0.6761191944986248, -0.5302267687597887, -0.26569148159497985, -0.24619658333282926, -0.3288095922883623, 0.2740373298843559, 0.7902843129300411, 0.566950797039485, 0.8185725473552126, 0.50500103117702, -0.11229428316375092, -0.17604208514371392, 0.9657919381656196, 0.16449825086417, 0.10710291225129408, 0.09248157201549664, -0.6778049581536044, -0.2822882022445988, 1.0, 0.7295475013119299, 0.5478855867224207, 0.7984207137509575], [0.8686693634475636, 0.5970469561903693, 0.5090367942239549, 0.9182540413364914, 0.0767158004416698, 0.23920627386210155, -0.7288650579905571, 0.4239362097167889, -0.6101028520028102, -0.6878918215279067, -0.60584489994543, -0.6291570848148873, -0.008186397192438613, 0.4023680205606324, 0.20623186295118745, 0.7238384252523844, 0.8573888064156149, -0.4439263492420165, -0.15841102086071446, 0.7558196751724263, 0.43056548573048287, 0.1678053427867781, -0.1518704320347651, -0.31467320727757897, -0.23074376150190004, 0.7295475013119299, 1.0, 0.03086866281625803, 0.8324792664794289], [0.3384129176233155, 0.6911495836479964, 0.28608340120716447, 0.15911385672700784, 0.8289718689366363, 0.28652534111027833, 0.5270267087742129, 0.5509656684609243, 0.2943788302152675, 0.44553386171574905, 0.6034754699288892, 0.5272808798486751, 0.720728354957209, 0.8534651040067092, 0.5594135228394282, 0.26004084160458096, 0.05027962577436607, 0.5652824909050754, 0.3373322157018223, 0.3840321258028846, 0.25273940312170934, 0.221087474471575, 0.7126870319706367, -0.3492555632350603, 0.05567596026712867, 0.5478855867224207, 0.03086866281625803, 1.0, 0.5007011742642132], [0.9136288599985943, 0.8166853731714913, 0.5708603525582436, 0.8357785315597205, 0.4107977605150845, 0.3602097580462213, -0.3279285514678793, 0.6635621730412856, -0.23159219938775918, -0.3927511833257501, -0.10535825053635225, -0.18755398481068647, 0.4733844191603357, 0.8018736762816104, 0.3599903818313108, 0.5907116446664303, 0.7836241755226998, 0.02195406301018158, 0.1412160578911511, 0.6963524261299417, 0.5807138261850113, 0.3118995470639642, 0.28605619813583255, -0.33596903989249105, -0.024331987791843264, 0.7984207137509575, 0.8324792664794289, 0.5007011742642132, 1.0]]}, {"name": 1, "matrix": [[0.95, 0.6939798665462543, 0.6145561778088388, 0.691832777683937, 0.38583024945623307, 0.24151491007437695, -0.5000087590427073, 0.7880776662606626, -0.5126732421852505, -0.565131640884251, -0.30125730548192, -0.4344318102911582, 0.2835172879241859, 0.7035070624271773, 0.3483691965140004, 0.5866578722461017, 0.6019805422300385, -0.14039179469923657, -0.13930202005889736, 0.9215363633366344, 0.3188473844148622, 0.16831148360599726, 0.008988866234610518, -0.46831182018695644, -0.0956915879552697, 0.7782094782150939, 0.9207895252544175, 0.3790224677381134, 0.7857208195987911], [0.9307494680737998, 1.07, 0.7496073272436036, 0.7052910383753076, 0.7338447379900448, 0.46324236469443264, -0.14304715916634095, 0.5396945691141725, -0.34109614238381003, -0.24788713783808922, 0.012188779370798025, -0.005025789168065513, 0.30302954099627305, 0.7588853625494688, 0.580744885337107, 0.6940247792574907, 0.463622486275981, 0.14607971580580462, 0.16610915537487597, 0.7333178780498809, 0.3671382622160159, 0.44102775285696066, 0.19788286695318982, -0.8131247856732075, -0.34577681754302536, 1.0314221345694259, 0.5970469561903693, 0.6635036003020766, 0.8003516657080614], [0.6088126621283824, 0.6639379184157631, 1.1, 0.7191792403695313, 0.0703918664249545, 0.8036907826242499, -0.3487809871480974, -0.06059443115404075, -0.5577897363865096, -0.5542443658539836, -0.03728133049142191, 0.11016406677879942, -0.15014746144433283, 0.50475337564847, 0.6311734124478152, 0.7681193109425337, 0.8006923676238169, 0.3281565066322695, 0.6119748658869405, 0.4383389948441958, 0.7236075237619647, 0.7227493487775204, -0.0012091031918296598, -0.6715055557243599, -0.8075438841867442, 0.5311012312301081, 0.5395790018773922, 0.266057563122663, 0.6279463878140681], [0.7569464508777194, 0.619801215541937, 0.6644590807761973, 1.03, 0.04238664985545224, 0.6703920584138388, -0.7331749130742935, 0.2001910539793187, -0.6647830568107943, -0.7687339255564963, -0.4411048156406348, -0.3873636862749691, -0.07995071149020969, 0.5125770484897139, 0.30600373444061096, 0.812669956788244, 0.8576344642467981, -0.1910929868588864, 0.2057061536019764, 0.727965193358583, 0.6832166307803446, 0.47024049430055465, -0.10065666117860936, -0.5731158047383876, -0.4656463110081896, 0.6107392587393794, 0.9090715009231264, 0.17502524239970865, 0.8524941021909149], [0.35075477223293916, 0.5600394053081921, 0.0677355695787298, 0.03616475629868861, 0.95, -0.08009278214919015, 0.5765824994328796, 0.7947595466384304, 0.11719328801856752, 0.5121508278993933, 0.36307968713090344, 0.16241387009426425, 0.7258648468803104, 0.8828210058117069, 0.4914579557280049, 0.2933903823069036, -0.14929343114420057, 0.22909535636415335, -0.14150747573238437, 0.6031549563510202, -0.1484423284416046, -0.16778415345128012, 0.5330864003649944, -0.36669083201452907, 0.0803190565907363, 0.6755659936014433, 0.0751814844328364, 0.8041027128685372, 0.43955360375114044], [0.2047126380630433, 0.46827760778893734, 0.8578721837000419, 0.5626504775973289, -0.06463628033092539, 1.09, -0.14882009481957376, -0.3115682089003857, -0.3500791269424299, -0.3452556140452535, 0.22887486015614128, 0.4891861020382726, -0.20360404016402736, 0.2542866762317726, 0.41856808378526944, 0.6376750831483208, 0.6714108492284054, 0.4962482109428937, 0.8793779911505033, 0.14960689928860868, 0.6969816589781934, 0.9115402251396097, 0.13558512415275284, -0.6319206494315449, -0.6484628907969827, 0.2772827935981021, 0.23442214838485953, 0.2693338206436616, 0.338597172563448], [-0.4954215227212145, -0.14860238864852895, -0.3224578937784297, -0.6524584088826281, 0.5921658102283628, -0.13691448723400787, 1.03, 0.07215536318317187, 0.6843758528527256, 0.936230405919698, 0.9655621610938779, 0.6874108915071842, 0.5842425452089279, 0.15623527859472383, 0.36113551166876123, -0.4575917587878479, -0.6180040826533841, 0.67458761387998, 0.22739047224033618, -0.3619994620730952, -0.252730224870695, -0.17113129902997423, 0.8239823638559107, 0.23790297187876852, 0.2772304666143234, -0.23198503928420022, -0.6705558533513126, 0.4690537708090495, -0.36727997764402487], [0.6843832364895228, 0.6499547499009389, -0.07148781203566605, 0.2249337685160884, 0.7801768026634133, -0.3321111677289825, 0.08325618828827522, 0.99, 0.09032661796645894, 0.1021185287630532, 0.009531304334762574, -0.21987780050831365, 0.7521835665347036, 0.6734701628762366, 0.13598855890327685, 0.1564579287386613, 0.1149491535875453, -0.09408848211967069, -0.44909154839992976, 0.6561292712231671, -0.1362950269872852, -0.445514119311101, 0.2772266344255953, -0.09784493685839717, 0.48973231806805007, 0.6693580025536385, 0.47904791697997146, 0.567494638514752, 0.6967402816933499], [-0.45517717764111015, -0.41558840336418235, -0.5634814683904535, -0.6773261333543942, 0.10993352681387751, -0.27369822651862696, 0.6420433258721446, 0.11901860249698121, 1.0, 0.6655741098084936, 0.7189105333604546, 0.690533338223404, 0.5934112306620646, 0.028444747712740606, -0.2710021921347431, -0.6951684899923019, -0.47453503769455835, 0.5613093267974407, 0.24991587208048585, -0.6913845794195059, -0.03775253395051078, -0.20836269569537216, 0.6202478803503915, 0.7822577228429006, 0.6760542006422882, -0.5196222333845929, -0.6467090231229788, 0.2678847354958934, -0.24085588736326957], [-0.49049161284293485, -0.24325373339251746, -0.5213189579814698, -0.6537830581835623, 0.48547630561296656, -0.31322158799981764, 1.0103872697549217, 0.11749121051233002, 0.7470729803972889, 1.09, 0.7889822233414063, 0.6073866176213112, 0.5168378805943056, 0.05375426993988975, 0.16281620790357565, -0.4813337540405405, -0.7036490114233422, 0.44638296803912453, -0.002478834491678629, -0.3175721399244086, -0.3911732266937941, -0.4129229356373251, 0.6445974445601428, 0.272207113790137, 0.38717993887812563, -0.28163297049067865, -0.5847080482987207, 0.5034532637387964, -0.38489615965923507], [-0.3643111601176707, 0.011533468651937915, -0.04565915756814594, -0.41565646089213665, 0.3786960177601896, 0.20619356770823538, 0.7972531605362295, 0.00900664538055546, 0.6670303917777414, 0.6442148429117904, 1.04, 0.8645246871820075, 0.6396391524364048, 0.3474041309172934, 0.321003988038992, -0.4087706193058437, -0.29171656663991513, 0.7519695827535373, 0.5479711726832289, -0.4558701173291556, 0.1837570398598268, 0.27648537588775735, 0.9152015167691651, 0.16604451424391056, 0.23612530110444158, -0.24865854916615757, -0.5210266139530698, 0.6095102246281782, -0.11378691057926044], [-0.3901020337308359, -0.004975531276384858, 0.10562121866420976, -0.3667957029329354, 0.1941904968518377, 0.4162372973483548, 0.739151496244284, -0.22754795633999902, 0.7093660656294967, 0.5905147671318303, 0.8180448652905016, 0.86, 0.357838022068012, 0.2039731371225566, 0.2555737367836347, -0.31470030345927774, -0.23962190563144814, 0.9902057446498779, 0.8394180673124368, -0.48785405108250174, 0.372521717769673, 0.43808123029939905, 0.6193655731859604, 0.026586937255561497, 0.008784318429124712, -0.374842935208733, -0.5347835220926542, 0.5114624534532148, -0.17254966602583155], [0.28968070722688555, 0.2995464428239021, -0.1754354549507468, -0.07355465457099292, 0.6925682942711218, -0.20953425492608643, 0.4984821716002779, 0.7521835665347036, 0.6901630617482708, 0.40043295253252503, 0.5398789176527453, 0.31353426695482955, 1.06, 0.7004380710184568, 0.17730880708713806, -0.24314281833953041, -0.059870420806280494, 0.4034445029183695, 0.08371532108379352, 0.10397954240879609, 0.061884658701376036, -0.1909393865779517, 0.8401772999055638, 0.21366492689778696, 0.5806460957256147, 0.24115285029823322, -0.008186397192438613, 0.7855939069033578, 0.44498135401071554], [0.7923711124179786, 0.7941823561564209, 0.45886670513497274, 0.3981625287375455, 0.6875066239949575, 0.2929824747887814, 0.2021868311225838, 0.8614153246091399, 0.03727242803738424, 0.05814237360845218, 0.3008767919551558, 0.1932377088529484, 0.7741683942835575, 0.93, 0.4435353338607072, 0.472071701523949, 0.32912171850443994, 0.3208929330008011, 0.1611728077674973, 0.661714922035269, 0.2620347964622932, 0.18168003050432893, 0.5210380600560417, -0.42864153281111395, 0.09659655498263732, 0.8930212736109463, 0.39029697994381346, 0.9217423123272459, 0.7858362027559782], [0.3661431351116535, 0.5538585480529816, 0.5037806136051368, 0.32617980484328857, 0.5310005498670397, 0.5013082863939855, 0.31678553655154496, 0.14126966798689924, -0.2835485899187589, 0.19432902233652577, 0.3330041371245618, 0.21019148445756872, 0.1600486577246733, 0.4636960308543758, 0.94, 0.5659592094317109, 0.2647446099181919, 0.48833510472342123, 0.23864536843859643, 0.6112213241600287, 0.20651906159842595, 0.38614731660667523, 0.5371201721235955, -0.4680272338675655, -0.5568719606369356, 0.5726203050098799, 0.1773594021380212, 0.553819387611034, 0.3779899009228764], [0.6821603165652345, 0.8174069622366003, 0.8526124351462125, 0.7794997544703565, 0.23148231998526336, 0.4978340561421101, -0.5078765674458532, 0.12911576643481756, -0.7197038484626184, -0.5013893271255631, -0.4609541026214834, -0.30814404713720944, -0.24314281833953041, 0.37091347976881706, 0.5390087708873437, 1.01, 0.5798159903573884, -0.2132995280819407, 0.022742814030798482, 0.7245915571591911, 0.3891074887505913, 0.37112102420293874, -0.20243609320723888, -0.7392811549022995, -0.6819625516349412, 0.9004298020907339, 0.7817454992725752, 0.2678420668527184, 0.5316404801997873], [0.6869660305448675, 0.49453065202771307, 0.7788553030522583, 0.8010871369338224, -0.1697230585639333, 0.6774595956178505, -0.7274423056232542, 0.10486589450091854, -0.5067849917126351, -0.6743303026140364, -0.30544440507002885, -0.22138980411601183, -0.05678431664100831, 0.3257633336217416, 0.30790949197007095, 0.6307888246745214, 1.08, -0.06402958789974324, 0.3505708260018441, 0.5430176167435028, 0.9006390024511063, 0.4991830473407146, 0.00332871729174836, -0.2214212287741367, -0.3881210895232777, 0.5454011136711816, 0.9517015751213326, 0.04826844074339143, 0.6974255162152029], [-0.14039179469923657, 0.13364739956701274, 0.3502439638094415, -0.17323382920852318, 0.2192417926495661, 0.433000889940368, 0.7503066317644675, -0.09231322774005427, 0.49051355585001566, 0.35552625773027624, 0.8669766954099607, 0.9366811098039385, 0.42561178329849964, 0.38884673057744135, 0.5162399678504739, -0.20252682464345884, -0.06268159657553812, 0.94, 0.6841507515085979, -0.28759252188353873, 0.3047398712827122, 0.5159388754277374, 0.7148882279721354, -0.06160293116755115, 0.0010974815936654718, -0.1100483975004759, -0.47944045718137784, 0.6444220396317859, 0.02041727859946887], [-0.1174507227947566, 0.15745763686576786, 0.5955826819792546, 0.19172612374553138, -0.12049151398995105, 0.7807561603672692, 0.19274049551799924, -0.3934518875362217, 0.28115535609054665, -0.002333020698050474, 0.6819196815613516, 0.8710942207959251, 0.09015496116716226, 0.1697458294572578, 0.26403317359163864, 0.02697403524583076, 0.3310946690017416, 0.7442958725203428, 1.05, -0.3063927828261583, 0.8548404221936046, 0.8074820211936279, 0.42009918383102074, -0.11390114375285376, -0.2617606141512486, -0.16547956003509107, -0.1489063596090716, 0.3710654372720046, 0.13839173673332808], [0.7524471223574354, 0.8200544012600818, 0.5130558689653655, 0.5906132700833786, 0.5064225576909509, 0.14804849408768567, -0.33937449569352673, 0.5272467358043307, -0.7043076556703378, -0.3025923220034459, -0.34291115020334717, -0.45370426750672666, 0.12347570661044535, 0.6429871412229501, 0.5064405257325952, 0.7245915571591911, 0.4892050601292817, -0.23218478830964592, -0.31291177820543825, 0.9, 0.056324934573477925, -0.006208237384482874, -0.009963626481477089, -0.5798763428762743, -0.39665236832279194, 0.8305810668224328, 0.831401642689669, 0.36867084077076917, 0.668498329084744], [0.35635884140484597, 0.4070445950655828, 0.5857775192358762, 0.5807341361632928, -0.1889265998347695, 0.8035788538807406, -0.2578879845619337, -0.15534702000701325, -0.04130571361644121, -0.43858816326273886, 0.20159752916660606, 0.31930432951686255, 0.05375839038705393, 0.31323699806986777, 0.2651892495525242, 0.4033866626496955, 0.8453366075637577, 0.3334212709328498, 0.8790340190481406, 0.050841976340661496, 1.02, 0.9349065009712064, 0.2525932276752034, -0.15745709412747083, -0.28694694898878803, 0.1793030934419453, 0.4477881051597022, 0.28559552552753154, 0.6445923470653626], [0.16679516393387114, 0.44102775285696066, 0.8740224682890945, 0.5397078400495002, -0.16591988507959923, 1.1173718888808117, -0.1606232368088355, -0.37907780327348073, -0.21240857328169008, -0.3906027769542264, 0.268944865636273, 0.52082990713373, -0.17167027417100245, 0.23939015784099815, 0.3556620021377272, 0.36278122590624345, 0.6094676740787796, 0.510727371635538, 0.9583303108671628, -0.006528249620796424, 0.81482676690151, 0.86, 0.11639688219910294, -0.40257860569977477, -0.5864613086655631, 0.11138702874134584, 0.16612728935891033, 0.19455697753498602, 0.33373251535844173], [0.01050278054780808, 0.1636339092112916, -0.0011169810438807334, -0.08574456322622279, 0.6351667749029721, 0.11830466715289219, 0.8021067258774354, 0.31460550648297897, 0.6515735308731385, 0.6574893934513456, 0.6904151793170894, 0.5624850613627599, 0.8104365105283758, 0.5513897917097917, 0.5747185841722473, -0.16580480015069088, 0.002878890630701284, 0.7625474431702778, 0.41585575773171746, -0.00845129031911003, 0.29958731654500875, 0.11639688219910294, 1.13, 0.2659016081404826, 0.2508324827182236, 0.08323341481394698, -0.13820209315163626, 0.719813902290343, 0.30321957002398253], [-0.5113200485714728, -0.6659879196942461, -0.6341996915174509, -0.48612501294773947, -0.3852105710051619, -0.539161655019575, 0.20146738159102917, -0.0959264086847031, 0.6518814357024173, 0.29667516896228413, 0.16751393472394518, 0.028632086275220077, 0.18877192570581178, -0.5208225076092029, -0.42673071323219214, -0.8042729047838204, -0.27548920324223986, -0.0599528526541346, -0.1335392719861044, -0.6546990967957935, -0.18729106985688634, -0.4493900714788184, 0.21955178653801313, 1.1, 0.6287402384318458, -0.7252513052243568, -0.31781993935035474, -0.29686722874980126, -0.3527674918871156], [-0.10342424152741272, -0.35230090844006356, -0.678908575201245, -0.5261803314392542, 0.08445921414695984, -0.6413369249640488, 0.3268401290610971, 0.4946791091596465, 0.7361479073660471, 0.29547942703856955, 0.1986100663495303, 0.006885006336340991, 0.6540611193231061, 0.08377400343626955, -0.49499729834394274, -0.7112942742859064, -0.3704792218176741, 0.0008840823948971856, -0.31175983258463325, -0.3896319724232736, -0.3539012370861719, -0.6287832587754492, 0.24038112927163097, 0.8002148489132583, 0.92, -0.31051702246905866, -0.21920657342680502, 0.05734623907514253, -0.027008506448946024], [1.0197227645577092, 1.0314221345694259, 0.548051270524686, 0.7598732637803907, 0.7477138181608207, 0.22034079134134896, -0.25913222473235137, 0.7302087300585148, -0.5249245010721908, -0.24974999269928105, -0.2338867541661878, -0.36826674336296583, 0.24389322359707677, 0.8139928423179423, 0.48190817748356224, 0.908615527564286, 0.5454011136711816, -0.10218779767901334, -0.15491703492646824, 1.09134489012715, 0.18423804096787041, 0.09317953365862584, 0.10265454493720129, -0.6506927598274602, -0.2992254943792747, 1.06, 0.6784791762200949, 0.5588432984568691, 0.806404920888467], [0.9902830743302224, 0.5791355475046582, 0.56503084158859, 0.9090715009231264, 0.08362022248142009, 0.24159833660072258, -0.6268239498718791, 0.4366542960082926, -0.5795977094026696, -0.6810129033126276, -0.5149681649536155, -0.6039908014222918, -0.0069584376135728215, 0.4506521830279084, 0.22066809335777057, 0.7745071150200513, 0.9345537989930203, -0.46612266670411734, -0.17108390252957162, 0.7860524621793235, 0.3788976274428249, 0.1862639304933237, -0.15946395363650337, -0.29264608276814846, -0.20997682296672904, 0.7222520262988106, 0.98, 0.03210340932890835, 0.890752815132989], [0.3688700802094139, 0.7879105253587159, 0.3204134093520242, 0.14161133248703697, 0.8041027128685372, 0.32377363545461446, 0.5006753733355022, 0.6281008620454537, 0.25022200568297737, 0.44553386171574905, 0.561232187033867, 0.5272808798486751, 0.720728354957209, 0.7425146404858369, 0.514660441012274, 0.22103471536389382, 0.05078242203210973, 0.5935466154503293, 0.347452182172877, 0.4032337320930288, 0.2830681314963145, 0.21003310074799625, 0.7625751242085813, -0.36322578576446274, 0.06180031589651283, 0.5150124515190755, 0.03086866281625803, 1.0, 0.5257362329774239], [0.9501740143985381, 0.8166853731714913, 0.5137743173024193, 0.9193563847156926, 0.3943658500944811, 0.3349950749829858, -0.2984149818357702, 0.736554012075827, -0.2223285114122488, -0.3731136241594626, -0.10957258055780635, -0.17442520587393842, 0.42604597724430215, 0.7617799924675299, 0.39598942001444193, 0.6261543433464162, 0.7836241755226998, 0.023929928681097924, 0.1511011819435317, 0.7938417657881335, 0.6387852088035125, 0.3306135198878021, 0.32324350389349077, -0.2922930647064672, -0.022628748646414235, 0.7664838852009191, 0.7658809251610746, 0.570799338661203, 0.86]]}, {"name": 2, "matrix": [[0.88, 0.8201705932046949, 0.527585164229628, 0.8723437002781602, 0.3516344046303788, 0.2929619324251768, -0.43159179670474496, 0.6997136987116102, -0.4999626172325494, -0.43145236487378263, -0.36594266883095095, -0.431704321055666, 0.23132333990450177, 0.7673123438195361, 0.3279950759661048, 0.7449285255878533, 0.6548219523639186, -0.07946963095046418, -0.07704252934562712, 0.8064206453972984, 0.2985560637995291, 0.19500823933340028, 0.03906861202510132, -0.4399737205893474, -0.12183061553184485, 0.7799466690327185, 0.7228497879641185, 0.3874929726036857, 0.9586060739414913], [0.8048403017429249, 1.05, 0.7040442190515026, 0.7505289877934188, 0.5381779040529566, 0.4768776292459634, -0.10154736024921357, 0.48112546930709876, -0.2693366307055375, -0.2126870495049345, 0.01823404057025049, 0.06568849211773728, 0.3573385750996826, 0.8740576361241656, 0.42568765709652884, 0.8248257862059735, 0.46302619371346915, 0.16393558821197876, 0.1695735871076437, 0.6882126392243806, 0.36146418890907145, 0.3693661856692617, 0.1839391342553309, -0.6011442981396233, -0.32675729848257684, 0.8847360051584097, 0.6038051051775215, 0.7129167123912635, 0.7525062791636935], [0.5886739727193744, 0.5889600678603916, 1.02, 0.7108701973278131, 0.012819054343660853, 0.9410313650155532, -0.25929805842947384, -0.07069409258042506, -0.5327114361982528, -0.5413408616897651, -0.024362359073137968, 0.1401828665135972, -0.2039359333304239, 0.34530348125062665, 0.4994930972554999, 0.6803696932820137, 0.7081159762516488, 0.3019356616557864, 0.5052820089510031, 0.530562273063597, 0.735337030760865, 0.7588624724972008, 0.056654895587261625, -0.700090939308167, -0.6527228981617735, 0.6074642466132542, 0.45294952054333393, 0.27067772171843074, 0.5015533399704758], [0.7073057029282379, 0.7306034394449211, 0.688655503661319, 0.93, 0.03732098150404831, 0.5360696560851135, -0.6726461958270075, 0.19007225612616932, -0.5241638768627886, -0.5776404376119115, -0.3899399740683863, -0.3264640080838587, -0.09912037303000043, 0.3892403469936668, 0.2675160986741515, 0.913076237469836, 0.8695039798867871, -0.1487093805923875, 0.23045434775795898, 0.5721374509581025, 0.6131679552098219, 0.48112156223435243, -0.043374907488750856, -0.5270300387756937, -0.4901500796733231, 0.7768971871392886, 0.9937733552229127, 0.17283544942517803, 0.7714055665044567], [0.3626229797750782, 0.6610228604128705, 0.012549179515373259, 0.03568409635036199, 1.14, -0.043999873190382795, 0.4875603354755157, 0.6063543509184451, 0.05669468062943507, 0.4242269231619518, 0.33252381482699767, 0.12835270467943208, 0.6719089010454796, 0.7719089195156343, 0.6215715397460937, 0.23940163547452242, -0.1364812418092848, 0.21045184363981057, -0.0712703086138884, 0.46316045446364146, -0.1338529801356839, -0.16841304876972127, 0.5262337008811657, -0.2973420705065935, 0.06165054338853671, 0.6474542381383623, 0.09948630516262018, 0.6603173813847306, 0.41105831214094896], [0.27465181164860325, 0.5326824582002783, 0.7884316842022202, 0.6642602260185102, -0.04177765737268669, 1.13, -0.1501730186971679, -0.3470076963119007, -0.29151802974959795, -0.29836402595923467, 0.1594352001282921, 0.35743136744682785, -0.18313267444082132, 0.3014676623352022, 0.4757250123448844, 0.5997491046453703, 0.5627969755670106, 0.43588372543240617, 0.9067229788519072, 0.14663282226303445, 0.8916602782330568, 0.7884527586609733, 0.17698368207683418, -0.5143209698733178, -0.7810345984034219, 0.2682377945823536, 0.2444418989398389, 0.2946597250050394, 0.3954493646515913], [-0.3717671912209189, -0.08850458003371824, -0.264934972743158, -0.6103641406578401, 0.4077777351249768, -0.14322056412785455, 0.97, 0.11595754121393585, 0.635166000575063, 0.9222797364986465, 0.968386306272862, 0.6321398818027509, 0.4810144352680411, 0.15845118359533314, 0.2141719263840401, -0.5587635192021319, -0.5766525776112666, 0.6875671724919472, 0.15258053827233128, -0.321530753060096, -0.23293288432272707, -0.1358762192194957, 0.6530458203288925, 0.2001678550415381, 0.29352729941979433, -0.24261157815709541, -0.5739307631174113, 0.4497969470253644, -0.2720231647713908], [0.7059611424501065, 0.5514022232508323, -0.07226507241554561, 0.2100798620341872, 0.59331447240407, -0.3532600872364394, 0.10512038782945586, 1.1, 0.12560404685778043, 0.09104004144097078, 0.05058059318104989, -0.18059156142086616, 0.7716503322640776, 0.6308124492937218, 0.08882752278000723, 0.13015954411221864, 0.10523469333882843, -0.05480999310659904, -0.36412428300786825, 0.46347576584092653, -0.12538312093716783, -0.35664383389191673, 0.2733410662343338, -0.06769177664939974, 0.4644316256897155, 0.6602866656288322, 0.3661731897711658, 0.43981523625672436, 0.5562461354345686], [-0.4341780623335298, -0.3010232931414831, -0.45803226289943233, -0.6425234619608375, 0.053630103298114254, -0.282859078370897, 0.7833714007092445, 0.11791400317261021, 1.14, 0.5783716477890227, 0.7777236903978614, 0.6431143011476284, 0.6211816686033588, 0.055122748829773506, -0.2932074228653873, -0.7292958611065579, -0.3326687315100489, 0.4195934557934614, 0.21484511762639874, -0.5423619188805066, -0.0252299034411997, -0.16886606474013213, 0.5478875707145898, 0.6301155239200391, 0.7158024995580292, -0.4574759743