{"stateborders": [10, 20, 29, 39, 50, 59], "nodes": [{"name": "DANLaIPS"}, {"name": "DANLFEF"}, {"name": "DANLpIPS"}, {"name": "DANRaIPS"}, {"name": "DANRFEF"}, {"name": "DANRpIPS"}, {"name": "DMNLAG"}, {"name": "DMNLHC"}, {"name": "DMNLlattemp"}, {"name": "DMNmPFC"}, {"name": "DMNPCC"}, {"name": "DMNRAG"}, {"name": "DMNRHC"}, {"name": "DMNRlattemp"}, {"name": "FPTCLdlPFC"}, {"name": "FPTCLfrontal"}, {"name": "FPTCLIPL"}, {"name": "FPTCLIPS"}, {"name": "FPTCRdlPFC"}, {"name": "FPTCRfrontal"}, {"name": "FPTCRIPL"}, {"name": "FPTCRIPS"}, {"name": "SALACC"}, {"name": "SALLFIC"}, {"name": "SALRFIC"}, {"name": "SENLSM"}, {"name": "SENLV1"}, {"name": "SENRSM"}, {"name": "SENRV1"}], "times": [{"name": 0, "matrix": [[1.0, 0.16710220284238542, -0.12223376961537619, 0.3483821647998096, -0.2480667521224838, -0.0250789049859966, 0.23538748502597465, -0.028890084216375768, -0.21306181261921928, -0.2275447912929857, 0.0842640084095621, 0.23650640733621037, 0.3208969013494512, 0.009147257251873828, 0.052021642198892236, -0.42448727460555186, 0.28256763309490235, 0.2911731820508054, 0.3467536288387786, -0.29010004032268155, -0.05429935599339798, 0.13709480559621953, -0.49101285337488537, -0.16890623762989132, -0.5155081163940373, 0.5460136605375491, 0.3770836813177073, 0.3250172772914954, 0.20380859919511662], [0.16710220284238542, 1.0, 0.43867718652719834, 0.26370251608140555, 0.03197972043147998, 0.14987589520342792, 0.10441185028652035, 0.4484586641550193, 0.26916099115868536, -0.06124405981117993, 0.14710328874537015, 0.31814293080838457, 0.17144890526871093, -0.11675524035224782, -0.13633398828186866, 0.18190946522530343, 0.07193934181504691, 0.08774636787128365, 0.0727137446962242, -0.3047568640643903, 0.3053000982899749, -0.15318293713835207, 0.2682918807159894, 0.1465783695696956, 0.2278400530619314, 0.11711713771253304, 0.07263480280377896, -0.2423129410474235, 0.24366651793625535], [-0.12223376961537619, 0.43867718652719834, 1.0, 0.23378085359236078, 0.5012028595371796, 0.7178852399496751, -0.3099436144750358, 0.2150499317086054, -0.17603482140023552, -0.2215059857427524, -0.3532723683223541, -0.27424479233872323, 0.15220065933144322, 0.33803948207396406, -0.18426946323450816, 0.02880724926503817, 0.048864207785776825, -0.07199585541643488, 0.30658136956574417, 0.04942224768029396, 0.13561507508220086, -0.09050895480054184, 0.21813244326973602, -0.09377618682473816, 0.5190427979894954, -0.11161888488368375, 0.44377627780327333, -0.2593901407638002, 0.43914845314039014], [0.3483821647998096, 0.26370251608140555, 0.23378085359236078, 1.0, 0.22595726103573807, 0.06749477862059519, -0.0395627974240499, -0.16835231656353505, -0.2828947085808728, -0.458090067888895, -0.07567242016819893, 0.05889648490285661, -0.13111562432098978, -0.1420049861803285, -0.16442324433181976, -0.32388668755777067, -0.2572323235957557, -0.041478169413384114, 0.3540766538318865, -0.26090697109560695, 0.2962497526500708, 0.4863752729918325, 0.011998174259120264, -0.39792027986717, -0.2325048947478712, 0.6288251590581165, 0.6956442298578166, -0.08555621840440912, 0.5680112556836511], [-0.2480667521224838, 0.03197972043147998, 0.5012028595371796, 0.22595726103573807, 1.0, 0.5353283796887597, -0.024678152775011883, 0.2415677941116869, -0.16540837189339358, -0.022031456507241438, -0.10196596492118574, 0.11849308734188571, 0.07349580927140588, 0.397732261185251, -0.010019284336738795, -0.15424395900325066, 0.06791302807974253, 0.1763401695970741, 0.31869142732301164, 0.31958608910323827, 0.3923622082563111, 0.12287135243811813, 0.005052416545341814, -0.32210883686065306, 0.46644094558620264, -0.02918679705302264, 0.45738391900119, -0.2804619304094178, 0.6135972035973465], [-0.0250789049859966, 0.14987589520342792, 0.7178852399496751, 0.06749477862059519, 0.5353283796887597, 1.0, -0.20225753954864253, 0.23669127822755553, 0.07206199007432136, 0.09726865056208785, -0.12354052652931562, -0.14888996912840075, 0.4169713148344139, 0.4483106361905332, -0.06503000468772996, -0.032414150085581156, 0.29265476058349876, 0.15286311766969665, 0.5461391470926739, 0.29147088355991, 0.026742331341665693, -0.08308033882362117, 0.015656821552886818, -0.04948411893608089, 0.4698186719357927, -0.29790137875610756, 0.3017135555401915, -0.11868916269927687, 0.24980096048442482], [0.23538748502597465, 0.10441185028652035, -0.3099436144750358, -0.0395627974240499, -0.024678152775011883, -0.20225753954864253, 1.0, 0.44389967162529986, 0.22512364304279184, 0.2944193371812715, 0.8181446783483273, 0.7538740047450652, 0.3590706893615784, 0.18591415635977546, 0.39806260435513563, 0.1504100355827383, 0.45098820617632435, 0.5470635487392834, -0.13655727453047847, -0.22221348117313178, -0.3857471710412025, -0.05454220486085095, -0.5386619115548508, -0.28232742012000633, -0.49172790885967704, -0.09197538505465182, -0.025184242959604138, 0.08380175046169598, -0.24015978077779182], [-0.028890084216375768, 0.4484586641550193, 0.2150499317086054, -0.16835231656353505, 0.2415677941116869, 0.23669127822755553, 0.44389967162529986, 1.0, 0.6670999060023776, 0.4775794341587058, 0.47064792583423337, 0.47542358348155156, 0.6083870981286221, 0.371480951795304, 0.18400620912886748, 0.33279331435315884, 0.2160013757443668, 0.4201456634761194, 0.06193485080350555, 0.034256850521110715, -0.04580354458686331, -0.1569580800804731, 0.07674386430640981, 0.19945540377088536, 0.2927962961477241, -0.4338382138743878, 0.00125299196576787, -0.16204370059090586, -0.07869021680226808], [-0.21306181261921928, 0.26916099115868536, -0.17603482140023552, -0.2828947085808728, -0.16540837189339358, 0.07206199007432136, 0.22512364304279184, 0.6670999060023776, 1.0, 0.6047086264893933, 0.5137462402326562, 0.19898726483857304, 0.45448677074362276, 0.008360550205550396, 0.022124177566132202, 0.36926420891006, -0.013422905921382176, 0.2815565996489205, -0.037957667534706946, 0.19655467581355385, -0.09669835777425297, -0.2016847809005014, 0.3616205289832142, 0.4289712612171454, 0.20055081547541317, -0.49317763376344953, -0.38913230715475566, 0.043827139543379634, -0.34853089382336633], [-0.2275447912929857, -0.06124405981117993, -0.2215059857427524, -0.458090067888895, -0.022031456507241438, 0.09726865056208785, 0.2944193371812715, 0.4775794341587058, 0.6047086264893933, 1.0, 0.4733916099507481, 0.2799290865240887, 0.26493345561171816, 0.23738403031291408, 0.3574431853353283, 0.5019064291583017, 0.21933074133897026, 0.394648919727392, 0.03991868140810366, 0.4988219900998679, -0.18190390748707388, -0.06021405997315065, -0.07594359714617922, 0.5233553996796139, 0.09776057550025799, -0.5962871154991647, -0.5129511095640006, -0.010418521600530486, -0.5015878163785241], [0.0842640084095621, 0.14710328874537015, -0.3532723683223541, -0.07567242016819893, -0.10196596492118574, -0.12354052652931562, 0.8181446783483273, 0.47064792583423337, 0.5137462402326562, 0.4733916099507481, 1.0, 0.6334337580563787, 0.3672320108250645, -0.0016726507943488796, 0.18115184060061204, 0.13881831611404472, 0.15193902898883868, 0.5181985419775058, -0.20756921020857177, -0.11022902669836446, -0.3954112880181387, -0.05761739600997849, -0.26964471463132, 0.03587485857373758, -0.2891930801034052, -0.11554169279348989, -0.19641378417592342, -0.005756669596936095, -0.2914446738752628], [0.23650640733621037, 0.31814293080838457, -0.27424479233872323, 0.05889648490285661, 0.11849308734188571, -0.14888996912840075, 0.7538740047450652, 0.47542358348155156, 0.19898726483857304, 0.2799290865240887, 0.6334337580563787, 1.0, 0.21604293107576106, 0.1514591479656692, 0.41316127638006833, 0.18797919756529022, 0.36106179912127256, 0.4711765836705796, 0.1270400253555781, -0.13536847824566764, -0.07215798591657419, -0.07802908007750695, -0.40799275717350586, -0.1047716253018664, -0.3335429669725639, 0.062040591381491254, -0.03905301261155461, -0.20661636503018319, -0.05008549968326947], [0.3208969013494512, 0.17144890526871093, 0.15220065933144322, -0.13111562432098978, 0.07349580927140588, 0.4169713148344139, 0.3590706893615784, 0.6083870981286221, 0.45448677074362276, 0.26493345561171816, 0.3672320108250645, 0.21604293107576106, 1.0, 0.20549438443507842, -0.17722467466740977, -0.1592259305746079, 0.4701907939358891, 0.3978719116252294, 0.2930819613867823, -0.0768142289510846, -0.1464020937363219, -0.24800941872200813, -0.021026250061495135, -0.028081978087756074, -0.009441942502036524, -0.21130731371291103, 0.26955139755786384, 0.42776965227610747, 0.09279057086916463], [0.009147257251873828, -0.11675524035224782, 0.33803948207396406, -0.1420049861803285, 0.397732261185251, 0.4483106361905332, 0.18591415635977546, 0.371480951795304, 0.008360550205550396, 0.23738403031291408, -0.0016726507943488796, 0.1514591479656692, 0.20549438443507842, 1.0, 0.6380788315824703, 0.4010505907064754, 0.31378871634353656, 0.5263144678538462, 0.31360829543999735, 0.3784478372931541, -0.3961126046427005, -0.2912881317769756, -0.39446798080223794, -0.24653634997060067, 0.08501195824691218, -0.39625734476138247, -0.005723613845515842, -0.26310469118215374, -0.05709937212885303], [0.052021642198892236, -0.13633398828186866, -0.18426946323450816, -0.16442324433181976, -0.010019284336738795, -0.06503000468772996, 0.39806260435513563, 0.18400620912886748, 0.022124177566132202, 0.3574431853353283, 0.18115184060061204, 0.41316127638006833, -0.17722467466740977, 0.6380788315824703, 1.0, 0.6657400485507695, 0.27113364803833, 0.562488884366898, 0.16304370090117692, 0.2155253744918993, -0.39294554732301984, -0.051473013528122995, -0.6549268661412126, -0.18473836811133598, -0.34566002611681124, -0.38875535570105174, -0.3315524420958451, -0.20885120413504038, -0.4058424014554627], [-0.42448727460555186, 0.18190946522530343, 0.02880724926503817, -0.32388668755777067, -0.15424395900325066, -0.032414150085581156, 0.1504100355827383, 0.33279331435315884, 0.36926420891006, 0.5019064291583017, 0.13881831611404472, 0.18797919756529022, -0.1592259305746079, 0.4010505907064754, 0.6657400485507695, 1.0, 0.10191774425625245, 0.28859108995132987, -0.03730466595586488, 0.23328038598416506, -0.25107205892317186, -0.21762231325517492, -0.0036802695856520693, 0.14480001691139532, 0.09354667764146668, -0.6269069993993475, -0.6209945081553463, -0.3331017590481954, -0.522002367139281], [0.28256763309490235, 0.07193934181504691, 0.048864207785776825, -0.2572323235957557, 0.06791302807974253, 0.29265476058349876, 0.45098820617632435, 0.2160013757443668, -0.013422905921382176, 0.21933074133897026, 0.15193902898883868, 0.36106179912127256, 0.4701907939358891, 0.31378871634353656, 0.27113364803833, 0.10191774425625245, 1.0, 0.3518471403400631, 0.3436234084410243, 0.1629960729390531, -0.08579938944568564, -0.3141275897888036, -0.36550638913504596, -0.28907602829937723, -0.2331462394182696, -0.19223061402717243, 0.06118332234837079, 0.10614779017596351, -0.06084341006391073], [0.2911731820508054, 0.08774636787128365, -0.07199585541643488, -0.041478169413384114, 0.1763401695970741, 0.15286311766969665, 0.5470635487392834, 0.4201456634761194, 0.2815565996489205, 0.394648919727392, 0.5181985419775058, 0.4711765836705796, 0.3978719116252294, 0.5263144678538462, 0.562488884366898, 0.28859108995132987, 0.3518471403400631, 1.0, 0.4162442058753336, 0.3117935158065537, -0.36323978732191387, -0.2938339508642275, -0.4215446258827736, -0.30015202377211914, -0.30886944172047426, -0.14707087345619513, -0.06754224165495235, -0.03193323555270034, 0.011398988955572413], [0.3467536288387786, 0.0727137446962242, 0.30658136956574417, 0.3540766538318865, 0.31869142732301164, 0.5461391470926739, -0.13655727453047847, 0.06193485080350555, -0.037957667534706946, 0.03991868140810366, -0.20756921020857177, 0.1270400253555781, 0.2930819613867823, 0.31360829543999735, 0.16304370090117692, -0.03730466595586488, 0.3436234084410243, 0.4162442058753336, 1.0, 0.43759289977431154, 0.09751741348565739, -0.0594739100981253, -0.07165861558856851, -0.302854090462447, -0.12819558911577902, 0.0904361832072457, 0.3953237481184199, -0.018003285892613928, 0.43715512104332027], [-0.29010004032268155, -0.3047568640643903, 0.04942224768029396, -0.26090697109560695, 0.31958608910323827, 0.29147088355991, -0.22221348117313178, 0.034256850521110715, 0.19655467581355385, 0.4988219900998679, -0.11022902669836446, -0.13536847824566764, -0.0768142289510846, 0.3784478372931541, 0.2155253744918993, 0.23328038598416506, 0.1629960729390531, 0.3117935158065537, 0.43759289977431154, 1.0, 0.0047304492460152866, -0.18737497156726252, 0.15752482176519614, 0.11883545598376931, 0.23013925908162486, -0.2528726279952407, -0.21898029642385386, -0.2655825193944373, 0.025481505705353662], [-0.05429935599339798, 0.3053000982899749, 0.13561507508220086, 0.2962497526500708, 0.3923622082563111, 0.026742331341665693, -0.3857471710412025, -0.04580354458686331, -0.09669835777425297, -0.18190390748707388, -0.3954112880181387, -0.07215798591657419, -0.1464020937363219, -0.3961126046427005, -0.39294554732301984, -0.25107205892317186, -0.08579938944568564, -0.36323978732191387, 0.09751741348565739, 0.0047304492460152866, 1.0, 0.45176501439062483, 0.37905359525064586, 0.10815977539485229, 0.41546349351327144, 0.3528848173624689, 0.311845306016293, 0.04115820498182733, 0.5624306918820896], [0.13709480559621953, -0.15318293713835207, -0.09050895480054184, 0.4863752729918325, 0.12287135243811813, -0.08308033882362117, -0.05454220486085095, -0.1569580800804731, -0.2016847809005014, -0.06021405997315065, -0.05761739600997849, -0.07802908007750695, -0.24800941872200813, -0.2912881317769756, -0.051473013528122995, -0.21762231325517492, -0.3141275897888036, -0.2938339508642275, -0.0594739100981253, -0.18737497156726252, 0.45176501439062483, 1.0, -0.1946815061542224, 0.08777172109767155, -0.013681646188200409, 0.3036585579515996, 0.3695252156796438, 0.21859978324236132, 0.1262583491684671], [-0.49101285337488537, 0.2682918807159894, 0.21813244326973602, 0.011998174259120264, 0.005052416545341814, 0.015656821552886818, -0.5386619115548508, 0.07674386430640981, 0.3616205289832142, -0.07594359714617922, -0.26964471463132, -0.40799275717350586, -0.021026250061495135, -0.39446798080223794, -0.6549268661412126, -0.0036802695856520693, -0.36550638913504596, -0.4215446258827736, -0.07165861558856851, 0.15752482176519614, 0.37905359525064586, -0.1946815061542224, 1.0, 0.28344135212018473, 0.5664530939544449, -0.019786726437146494, -0.07195648759592246, -0.19097126795324057, 0.19883619821140414], [-0.16890623762989132, 0.1465783695696956, -0.09377618682473816, -0.39792027986717, -0.32210883686065306, -0.04948411893608089, -0.28232742012000633, 0.19945540377088536, 0.4289712612171454, 0.5233553996796139, 0.03587485857373758, -0.1047716253018664, -0.028081978087756074, -0.24653634997060067, -0.18473836811133598, 0.14480001691139532, -0.28907602829937723, -0.30015202377211914, -0.302854090462447, 0.11883545598376931, 0.10815977539485229, 0.08777172109767155, 0.28344135212018473, 1.0, 0.4016146169124289, -0.22940090440053962, -0.46778009693904476, -0.03894989993727694, -0.44844837076308125], [-0.5155081163940373, 0.2278400530619314, 0.5190427979894954, -0.2325048947478712, 0.46644094558620264, 0.4698186719357927, -0.49172790885967704, 0.2927962961477241, 0.20055081547541317, 0.09776057550025799, -0.2891930801034052, -0.3335429669725639, -0.009441942502036524, 0.08501195824691218, -0.34566002611681124, 0.09354667764146668, -0.2331462394182696, -0.30886944172047426, -0.12819558911577902, 0.23013925908162486, 0.41546349351327144, -0.013681646188200409, 0.5664530939544449, 0.4016146169124289, 1.0, -0.3049778825116485, -0.11487673861219672, -0.3592428489655093, 0.12904783061383798], [0.5460136605375491, 0.11711713771253304, -0.11161888488368375, 0.6288251590581165, -0.02918679705302264, -0.29790137875610756, -0.09197538505465182, -0.4338382138743878, -0.49317763376344953, -0.5962871154991647, -0.11554169279348989, 0.062040591381491254, -0.21130731371291103, -0.39625734476138247, -0.38875535570105174, -0.6269069993993475, -0.19223061402717243, -0.14707087345619513, 0.0904361832072457, -0.2528726279952407, 0.3528848173624689, 0.3036585579515996, -0.019786726437146494, -0.22940090440053962, -0.3049778825116485, 1.0, 0.498866042009708, 0.030640667470081682, 0.5743730969998507], [0.3770836813177073, 0.07263480280377896, 0.44377627780327333, 0.6956442298578166, 0.45738391900119, 0.3017135555401915, -0.025184242959604138, 0.00125299196576787, -0.38913230715475566, -0.5129511095640006, -0.19641378417592342, -0.03905301261155461, 0.26955139755786384, -0.005723613845515842, -0.3315524420958451, -0.6209945081553463, 0.06118332234837079, -0.06754224165495235, 0.3953237481184199, -0.21898029642385386, 0.311845306016293, 0.3695252156796438, -0.07195648759592246, -0.46778009693904476, -0.11487673861219672, 0.498866042009708, 1.0, 0.17060137980920986, 0.7404125376523696], [0.3250172772914954, -0.2423129410474235, -0.2593901407638002, -0.08555621840440912, -0.2804619304094178, -0.11868916269927687, 0.08380175046169598, -0.16204370059090586, 0.043827139543379634, -0.010418521600530486, -0.005756669596936095, -0.20661636503018319, 0.42776965227610747, -0.26310469118215374, -0.20885120413504038, -0.3331017590481954, 0.10614779017596351, -0.03193323555270034, -0.018003285892613928, -0.2655825193944373, 0.04115820498182733, 0.21859978324236132, -0.19097126795324057, -0.03894989993727694, -0.3592428489655093, 0.030640667470081682, 0.17060137980920986, 1.0, 0.04434261643668726], [0.20380859919511662, 0.24366651793625535, 0.43914845314039014, 0.5680112556836511, 0.6135972035973465, 0.24980096048442482, -0.24015978077779182, -0.07869021680226808, -0.34853089382336633, -0.5015878163785241, -0.2914446738752628, -0.05008549968326947, 0.09279057086916463, -0.05709937212885303, -0.4058424014554627, -0.522002367139281, -0.06084341006391073, 0.011398988955572413, 0.43715512104332027, 0.025481505705353662, 0.5624306918820896, 0.1262583491684671, 0.19883619821140414, -0.44844837076308125, 0.12904783061383798, 0.5743730969998507, 0.7404125376523696, 0.04434261643668726, 1.0]]}, {"name": 1, "matrix": [[0.97, 0.18715446718347167, -0.10389870417306976, 0.3414145215038134, -0.22326007691023542, -0.028088373584316192, 0.2518646089777929, -0.02715667916339322, -0.21732304887160367, -0.20706576007661698, 0.08173608815727523, 0.26252211214319354, 0.2952251492414951, 0.008324004099205183, 0.052541858620881156, -0.3777936743989412, 0.31082439640439263, 0.3319374275379181, 0.32594841110845185, -0.30750604274204246, -0.05267037531359604, 0.12612722114852198, -0.48119259630738764, -0.1655281128772935, -0.4536471424267528, 0.5350933873267981, 0.3582294972518219, 0.3347677956102402, 0.23234180308243294], [0.18548344515504783, 1.12, 0.3728756085481186, 0.23996928963407907, 0.03325890924873918, 0.1678610026278393, 0.11380891681230719, 0.44397407751346907, 0.2368616722196431, -0.06369382220362713, 0.13386399275828684, 0.27360292049521073, 0.14744605853109138, -0.1015770591064556, -0.11588389003958835, 0.17099489731178522, 0.07985266941470208, 0.07721680372672961, 0.07416801959014868, -0.34132768775211714, 0.2747700884609774, -0.14092830216728391, 0.2817064747517889, 0.1465783695696956, 0.2551808594293632, 0.10072073843277841, 0.08135097914023244, -0.2423129410474235, 0.23148319203944256], [-0.11001039265383857, 0.46499781771883025, 1.08, 0.2431320877360552, 0.5513231454908976, 0.6389178635552109, -0.31304305061978616, 0.20214693580608906, -0.19187795532625673, -0.20157044702590468, -0.3285433025397893, -0.29069947987904665, 0.15676667911138653, 0.3650826406398812, -0.19348293639623357, 0.02563845184588397, 0.0415345766179103, -0.07199585541643488, 0.3311078791310037, 0.04596269034267339, 0.12340971832480278, -0.0977496711845852, 0.24648966089480168, -0.10409156737545937, 0.49309065809002056, -0.11719982912786794, 0.41271193835704423, -0.2775474506172662, 0.4127995459519667], [0.327479234911821, 0.2689765664030337, 0.21975400237681914, 0.87, 0.20562110754252166, 0.07559415205506662, -0.044310333114935894, -0.1565676544040876, -0.291381549838299, -0.45350916721000606, -0.08021276537829088, 0.06301923884605658, -0.12849331183456997, -0.13490473687131208, -0.17264440654841076, -0.32388668755777067, -0.26752161653958595, -0.04023382433098259, 0.3894843192150752, -0.27134324993943126, 0.32587472791507793, 0.4961027784516691, 0.012958028199849887, -0.4217954966592002, -0.23715499264282863, 0.5973839011052107, 0.7860779797393327, -0.07528947219588003, 0.545290805456305], [-0.25054741964370864, 0.03038073440990598, 0.45108257358346165, 0.22821683364609546, 1.14, 0.5835079338607481, -0.021469992914260338, 0.2174110147005182, -0.17367879048806326, -0.01872673803115522, -0.11624120001015174, 0.13152732694949315, 0.06541127025155123, 0.33807242200746335, -0.009217741589799692, -0.1388195631029256, 0.05976346471017343, 0.16928656281319113, 0.28682228459071046, 0.34834883712252973, 0.4198275628342529, 0.11549907129183104, 0.005102940710795232, -0.2898979531745878, 0.49442740232137483, -0.025684381406659924, 0.4711054365712257, -0.27204807249713525, 0.5215576230577444], [-0.026834428335016362, 0.1678610026278393, 0.7178852399496751, 0.06951962197921305, 0.4657356903292209, 0.87, -0.22450586889899324, 0.26509423161486223, 0.06773827066986207, 0.10699551561829664, -0.12230512126402246, -0.16377896604124084, 0.36693475705428424, 0.4124457852952905, -0.07023240506274836, -0.033386574588148595, 0.2868016653718288, 0.1589776423764845, 0.50244801532526, 0.2506649598615226, 0.026742331341665693, -0.08308033882362117, 0.0172225037081755, -0.04552538942119442, 0.43223317818092927, -0.2889643373934243, 0.3349020466496126, -0.11868916269927687, 0.25729498929895755], [0.2565723586783124, 0.10963244280084637, -0.27894925302753226, -0.03402400578468292, -0.026158841941512596, -0.175964059407319, 0.94, 0.4882896387878299, 0.1958575694472289, 0.2944193371812715, 0.7526931040804611, 0.7991064450297691, 0.3518892755743468, 0.18963243948697098, 0.3901013522680329, 0.13837723273611924, 0.5141265550410097, 0.6236524455627831, -0.13792284727578327, -0.19999213305581862, -0.4204644164349107, -0.04908798437476586, -0.5278886733237538, -0.26538777491280596, -0.5359834206570481, -0.10025316970957049, -0.02568792781879622, 0.07123148789244159, -0.26417575885557104], [-0.0300456875850308, 0.4484586641550193, 0.2042974351231751, -0.16161822390099365, 0.2343207602883363, 0.25799349326803556, 0.4749726486390709, 0.89, 0.6871129031824489, 0.5062342002082282, 0.5224191976759991, 0.4041100459593188, 0.6023032271473359, 0.4011994279389283, 0.1987267058591769, 0.339449180640222, 0.24192154083369086, 0.4663616864584926, 0.066889638867786, 0.029460891448155214, -0.05221604082902417, -0.13498394886920687, 0.06830203923270473, 0.21940094414797393, 0.3162199998395421, -0.40780792104192454, 0.001090103010218047, -0.1814889446618146, -0.08891994498656292], [-0.2066699582406427, 0.23955328213122998, -0.20067969639626848, -0.29703944400991644, -0.16871653933126146, 0.07926818908175351, 0.1958575694472289, 0.5870479172820923, 1.01, 0.5563319363702418, 0.49833385302567657, 0.22684548191597326, 0.4135829613766967, 0.0084441557076059, 0.01991175980951898, 0.41726855606836777, -0.01140947003317485, 0.2815565996489205, -0.039096397560748154, 0.20048576932982493, -0.1005662920852231, -0.21983641118154654, 0.39778258188153565, 0.4203918359928025, 0.19653979916590492, -0.4389280940494701, -0.3618930456539228, 0.04075923977534306, -0.36595743851453466], [-0.24119747877056483, -0.05573209442817374, -0.2303662251724625, -0.4031192597422276, -0.024675231288110413, 0.09532327755084609, 0.3091403040403351, 0.48235522850029283, 0.5321435913106661, 0.85, 0.511262938746808, 0.26873192306312516, 0.22519343726996044, 0.23026250940352666, 0.37174091274874144, 0.46677297911722065, 0.19520435979168355, 0.34334456016283105, 0.03632600008137433, 0.4938337701988692, -0.15825639951375428, -0.052988372776372576, -0.06834923743156131, 0.5966251556347597, 0.10949184456028896, -0.5724356308791981, -0.5078215984683606, -0.010001780736509267, -0.5116195727060946], [0.08679192866184895, 0.13827709142064792, -0.3038142367572245, -0.07945604117660889, -0.09992664562276203, -0.12230512126402246, 0.8181446783483273, 0.43770257102583704, 0.5188837026349828, 0.47812552605025554, 1.01, 0.6017620701535598, 0.3819212912580671, -0.0015388387308009693, 0.17571728538259368, 0.1554765140477301, 0.13522573580006642, 0.5130165565577307, -0.18888798128980033, -0.09700154349456072, -0.38354894937759454, -0.050703308488781074, -0.26964471463132, 0.03695110433094971, -0.3238962497158139, -0.1016766896582711, -0.20819861122647884, -0.005181002637242486, -0.30893135430777857], [0.21049070252922722, 0.2704214911871269, -0.3016692715725956, 0.05065097701645668, 0.1350821195697497, -0.15931226696738882, 0.7915677049823184, 0.5134574701600757, 0.20694675543211596, 0.3163198677722202, 0.5827590574118684, 0.95, 0.205240784521973, 0.14994455648601251, 0.35945031045065945, 0.1616621099061496, 0.32856623720035805, 0.4570412861604622, 0.1283104256091339, -0.14213690215795102, -0.07648746507156864, -0.07334733527285653, -0.4283923950321812, -0.10058076028979174, -0.36022640433036907, 0.06638343277819565, -0.04178672349436344, -0.21488101963139053, -0.05509404965159642], [0.27918030417402256, 0.15087503663646562, 0.12937056043172673, -0.1166929056456809, 0.07717059973497617, 0.45032902002116704, 0.38420563761688886, 0.577967743222191, 0.5135700509402936, 0.24108944460666354, 0.4186444923405735, 0.21388250176500345, 0.89, 0.21165921596813078, -0.19317489538747665, -0.16400270849184614, 0.5031041495114014, 0.4416378219040047, 0.26377376524810403, -0.08603193642521476, -0.16543436592204375, -0.272810360594209, -0.021446775062725038, -0.02976689677302144, -0.009253103651995793, -0.20285502116439458, 0.2884199953869143, 0.44915813488991285, 0.08165570236486487], [0.00850694924424266, -0.10391216391350057, 0.3650826406398812, -0.13632478673311535, 0.40966422902080857, 0.47969238072387055, 0.1673227407237979, 0.3789105708312101, 0.008611366711716908, 0.2611224333442055, -0.0017897363499533013, 0.16357587980292274, 0.17467022676981664, 1.05, 0.6763635614774185, 0.41709261433473444, 0.2855477318726183, 0.4526304423543077, 0.2947917977135975, 0.3670944021743595, -0.42384048696768956, -0.2534206746459688, -0.44574881830652885, -0.28105143896648477, 0.07226016450987535, -0.40418249165661013, -0.005723613845515842, -0.2473184097112245, -0.055957384686275966], [0.05410250788684793, -0.11724722992240705, -0.16399982227871227, -0.17922133632168355, -0.010620441396943122, -0.07218330520338026, 0.4418494908342006, 0.18032608494629013, 0.02057548513650295, 0.3860386401621546, 0.1594136197285386, 0.40489805085246694, -0.18431366165410618, 0.5615093717925739, 1.08, 0.699027050978308, 0.23859761027373041, 0.579363550897905, 0.1532610788471063, 0.23923316568600822, -0.41652228016240106, -0.05456139433981038, -0.6942224781096854, -0.20690697228469632, -0.33183362507213876, -0.3537673736879571, -0.34813006420063736, -0.2192937643417924, -0.3611997372953618], [-0.3777936743989412, 0.1691758026595322, 0.02765495929443664, -0.31417008693103754, -0.1341922443328281, -0.03597970659499509, 0.13687313238029186, 0.32280951492256404, 0.39880534562286485, 0.5470780077825489, 0.1554765140477301, 0.172940861760067, -0.16241044918610006, 0.4491766615912525, 0.7522862548623694, 1.14, 0.10905198635419014, 0.29436291175035645, -0.0320820127220438, 0.21461795510543186, -0.21341125008469608, -0.2480894371108994, -0.0037906776732216313, 0.12887201505114185, 0.09822401152354002, -0.5642162994594128, -0.5837348376660255, -0.2964605655528939, -0.4541420594111745], [0.2995216910805965, 0.07337812865134785, 0.05179606025292344, -0.2520876771238406, 0.06655476751814768, 0.25460964170764394, 0.5096166729792465, 0.2030412931997048, -0.01221484438845778, 0.21933074133897026, 0.161055370728169, 0.30690252925308165, 0.5078060574507602, 0.2855477318726183, 0.2413089467541137, 0.10089856681368993, 1.07, 0.3412917261298612, 0.2955161312592809, 0.18418556242113, -0.09094735281242679, -0.33925779697190794, -0.3508861335696441, -0.2948575488653648, -0.20516869068807725, -0.1903083078869007, 0.05751232300746854, 0.10296335647068461, -0.06084341006391073], [0.3290256957174101, 0.08511397683514514, -0.06911602119977749, -0.04728511313125788, 0.19044738316484006, 0.16050627355318148, 0.5798873616636404, 0.4747645997280149, 0.2900032976383881, 0.4222743441083095, 0.4404687606808799, 0.44290598865034475, 0.42572294543899547, 0.4631567317113846, 0.4837404405555323, 0.2597319809561969, 0.3061070120958549, 1.08, 0.44121885822785367, 0.29620384001622596, -0.37776937881479045, -0.2526971977432356, -0.42576007214160133, -0.29114746305895556, -0.3335789970581122, -0.12795165990688975, -0.05741090540670949, -0.027781914930849298, 0.011626968734683862], [0.3814289917226565, 0.06616950767356403, 0.26672579152219744, 0.38594355267675634, 0.3409998272356225, 0.5734461044473076, -0.1529441474741359, 0.06503159334368083, -0.03681893750866574, 0.04510810999115713, -0.18058521288145743, 0.12322882459491075, 0.2784278633174431, 0.3449691249839971, 0.16793501192821222, -0.04215427253012731, 0.37798574928512674, 0.457868626462867, 1.08, 0.4113373257878528, 0.08776567213709165, -0.051147562684387755, -0.06162640940616892, -0.30588263136707144, -0.12178580965999007, 0.09405363053553553, 0.4467158353738145, -0.018183318751540067, 0.4896137355685187], [-0.3017040419355888, -0.27732874629859516, 0.05387024997152042, -0.25047069225178265, 0.2780398975198173, 0.25357966869712173, -0.21999134636140047, 0.03254400799505518, 0.17100256795779184, 0.4239986915848877, -0.09589925322757707, -0.13266110868075429, -0.07450980208255206, 0.3784478372931541, 0.2090596132571423, 0.22394917054479846, 0.18255560169173948, 0.3273831915968814, 0.38070582280365106, 0.88, 0.005345407647997273, -0.1705112241262089, 0.1433475878063285, 0.12477722878295779, 0.22093368871835986, -0.23770027031552624, -0.24087832606623927, -0.23902426745499356, 0.025481505705353662], [-0.0510413946337941, 0.2778230894438772, 0.12069741682315877, 0.30217474770307223, 0.3413551211829906, 0.029416564475832265, -0.39731958617243857, -0.04900979270794374, -0.09379740704102538, -0.2000942982357813, -0.367732497856869, -0.06566376718408251, -0.12736982155060006, -0.3406568399927224, -0.35365099259071786, -0.2786899854047208, -0.0729294810288328, -0.40682856180054355, 0.08288980146280878, 0.004162795336493452, 0.91, 0.3975532126637499, 0.35631037953560707, 0.10058859111721263, 0.4279273983186696, 0.38817329909871584, 0.30560839989596716, 0.044862443430191794, 0.5568063849632687], [0.11927248086871099, -0.17309671896633783, -0.10137002937660687, 0.4863752729918325, 0.13884462825507346, -0.07311069816478663, -0.05126967256919989, -0.13498394886920687, -0.20370162870950642, -0.057805497574224624, -0.06165061373067699, -0.07412762607363159, -0.24800941872200813, -0.24759491201042924, -0.05559085461037284, -0.21326986699007142, -0.27329100311625915, -0.2908956113555852, -0.06482656200695658, -0.2004912195769709, 0.510494466261406, 0.9, -0.21609647183118688, 0.08952715551962498, -0.012997563878790388, 0.32187807142869557, 0.31779168548449366, 0.20111180058297243, 0.13635901710194448], [-0.49101285337488537, 0.30048690640190817, 0.2072258211062492, 0.011518247288755452, 0.005557658199875996, 0.01534368512182908, -0.5709816262481419, 0.0828833734509226, 0.3941663765917035, -0.07214641728887027, -0.27773405607025964, -0.41207268474524095, -0.023549400068874553, -0.3707999019541036, -0.6745746721254491, -0.0036434668897955486, -0.35819626135234506, -0.40468284084746264, -0.06735909865325439, 0.16855155928875987, 0.34872930763059423, -0.17326654047725792, 1.1, 0.24942838986576257, 0.5664530939544449, -0.022556868138347, -0.07195648759592246, -0.1699644284783841, 0.17497585442603564], [-0.15877186337209784, 0.1275231815256352, -0.103153805507212, -0.44169151065255874, -0.32210883686065306, -0.05393768964032817, -0.3020903395284068, 0.2154118360725562, 0.4761580999510314, 0.46578630571485635, 0.03300486988783857, -0.09115131401262377, -0.02583541984073559, -0.2514670769700127, -0.20505958860358295, 0.1303200152202558, -0.2948575488653648, -0.33617026662477345, -0.2907399268439491, 0.104575201265717, 0.10599657988695524, 0.09742661041841542, 0.29477900620499214, 1.08, 0.45784066328016887, -0.19957878682846947, -0.47245789790843523, -0.04401338692912294, -0.3901500825638807], [-0.5361284410497987, 0.25290245889874385, 0.4879002301101256, -0.2348299436953499, 0.48043417395378873, 0.39934587114542375, -0.5015624670368706, 0.26058870357147446, 0.20255632363016732, 0.08407409493022187, -0.2660576336951328, -0.38023898234872283, -0.009725200777097619, 0.09691363240147988, -0.3525732266391475, 0.09635307797071069, -0.2401406266008177, -0.33049030264090745, -0.10896625074841217, 0.23474204426325737, 0.36560787429167885, -0.014228912035728425, 0.48714966080082256, 0.42169534775805034, 1.02, -0.31717699781211445, -0.12406687770117246, -0.3197261355793033, 0.1277573523076996], [0.5460136605375491, 0.10891893807265574, -0.09934080754647855, 0.6665546686016035, -0.027435589229841278, -0.2532161719426914, -0.10393218511175654, -0.42949983173564393, -0.4586551994000081, -0.50684404817429, -0.11785252664935969, 0.05273450267426757, -0.2260988256728148, -0.384369624418541, -0.40819312348610437, -0.6958667693332757, -0.1903083078869007, -0.1264809511723278, 0.0777751175582313, -0.21999918635585938, 0.317596335626222, 0.33402441374675956, -0.01761018652906038, -0.2339889224885504, -0.301928103686532, 0.98, 0.4539680982288343, 0.027576600723073514, 0.5571419040898552], [0.3469169868122907, 0.07989828308415686, 0.4260252266911424, 0.6886877875592384, 0.4665315973812138, 0.2715421999861724, -0.02367318838202789, 0.0012655218854255486, -0.33854510722463743, -0.48217404299016053, -0.21409102475175654, -0.042958313872710076, 0.3045930792403861, -0.005437433153240049, -0.34813006420063736, -0.5526851122582582, 0.06240698879533821, -0.0661913968218533, 0.4506690728549987, -0.23430891717352365, 0.2650685101138491, 0.3953919807772189, -0.07699344172763704, -0.46778009693904476, -0.10453783213709901, 0.5038547024298051, 1.08, 0.17742543500157826, 0.7922414152880355], [0.3120165861998356, -0.22292790576362964, -0.2723596478019902, -0.0889784671405855, -0.3057035041462654, -0.10800713805634196, 0.07877364543399422, -0.1685254486145421, 0.03812961140274028, -0.009897595520503961, -0.006274769860660344, -0.17562391027565571, 0.45343583141267396, -0.2683667850057968, -0.2213822763831428, -0.34309481181964124, 0.09871744486364607, -0.02873991199743031, -0.01710312159798323, -0.2549592186186598, 0.0370423844836446, 0.19236780925327795, -0.19288098063277298, -0.041286893933513556, -0.384389848393095, 0.028495820747175965, 0.15012921423210468, 1.14, 0.03946492862865166], [0.1915800832434096, 0.23148319203944256, 0.4698888448602175, 0.5112101301152859, 0.6995008121009749, 0.21982484522629384, -0.2593725632400152, -0.08419853197842685, -0.341560275946899, -0.44641315657688646, -0.32641803474029435, -0.04808207969593869, 0.08165570236486487, -0.06509328422689245, -0.36525816130991645, -0.5846426511959948, -0.06753618517094091, 0.01185494851379531, 0.4721275307267859, 0.024462245477139516, 0.5005633157750597, 0.12878351615183645, 0.192871112265062, -0.4932932078393894, 0.10969065602176228, 0.5399107111798597, 0.7626249137819406, 0.0470031734228885, 0.96]]}, {"name": 2, "matrix": [[1.11, 0.26512867933213075, -0.012107999105569336, 0.42538991307980917, -0.12804488736271222, 0.049553364255404214, 0.2996926853260736, 0.012540622998259645, -0.1429723467254812, -0.12439508186798943, 0.17093950216923054, 0.2833927338447217, 0.40701922258529905, 0.1004718330312842, 0.14537030214205263, -0.34849511778050934, 0.3124499401292665, 0.3408614901749623, 0.3424215101838237, -0.14817644089508478, 0.0400402978133829, 0.18916716793937338, -0.374570130180771, -0.19000558953170218, -0.3806401550966589, 0.6664040484196794, 0.44914531622865855, 0.27308650267021745, 0.2853892284407274], [0.27775385453842266, 1.09, 0.537901517091468, 0.2897679336842085, 0.1493914316301504, 0.18897993919219197, 0.18913721907444658, 0.45509907151007184, 0.2868850760856544, 0.024590937487440512, 0.24763959438151087, 0.3597167837285358, 0.20438235120870177, -0.0026310101825903964, -0.021294398348611132, 0.1170725134491772, 0.17564852533100844, 0.1978050034547599, 0.11525265117207048, -0.19060391898505255, 0.3554212299253094, -0.09126107494655211, 0.3583278186819644, 0.09732201126927698, 0.23812635528225656, 0.18440285645269583, 0.11642779844137262, -0.294371371972596, 0.2884330341344274], [-0.010378284947630859, 0.4498812688401369, 0.99, 0.2786992948190991, 0.6198795651530729, 0.7163655555669514, -0.1737412919928336, 0.22826375537450289, -0.07958205917222777, -0.12257397708167267, -0.1930392583370805, -0.18327618400725487, 0.1866471179359459, 0.4182117581110124, -0.06858712635030603, 0.006692336371865549, 0.16376411361040258, 0.04481769657284195, 0.3611928693510747, 0.13393747312524468, 0.22829723160431123, 0.000618419687875974, 0.25949485330963057, -0.12874241667319905, 0.5627978247522949, 0.0008391976048263169, 0.5193714025810652, -0.2581244959613221, 0.46049245983386056], [0.3753440409527728, 0.33693945777233547, 0.2940124428860826, 1.04, 0.26965569616399904, 0.1532390283386232, 0.05216777290361246, -0.10160715559994997, -0.18415076364310906, -0.34427769302350664, 0.015281708645753409, 0.09691121622085869, -0.03396709188214769, -0.029270811855328784, -0.03339604743104311, -0.26203363173816185, -0.11208667919410287, 0.04680906997996653, 0.3571037790206095, -0.1544853123095948, 0.4086374664097256, 0.41710955030846114, 0.09839451748323809, -0.4441729454319279, -0.16661682185293272, 0.5608191160064465, 0.612689219673785, -0.1175468185886144, 0.6588215826842444], [-0.11437019065407306, 0.14667522378232947, 0.4937093881750138, 0.3289206843319109, 1.05, 0.6237656382019231, 0.08821725223813656, 0.24777517833467672, -0.055681059543344916, 0.07020904134338421, 0.013944625185262696, 0.18589325494779768, 0.15182364911533464, 0.43868742208807987, 0.08230658608533567, -0.1973467901794621, 0.15871348797550336, 0.29810005163488223, 0.3699176903035554, 0.3373748671240582, 0.4468891100300178, 0.14470936507782403, 0.10763703935536487, -0.3172973816947237, 0.48404637740777684, 0.0896307176410459, 0.45767345805141113, -0.31585698918294675, 0.5597953185785254], [0.05763271712313316, 0.22677592703063038, 0.7163655555669514, 0.12577165533453036, 0.5362195837174427, 1.07, -0.11414181025287345, 0.16747566747398154, 0.12081656588155397, 0.14090085171330907, -0.03335432665284801, -0.07091604396743736, 0.44770058034994464, 0.49491989889129556, 0.03138133617503352, -0.00947088546859644, 0.3626013277449269, 0.22051416149998732, 0.52874804660868, 0.34054859161165796, 0.12256794118107604, 0.01958012759321192, 0.10991802066672107, -0.049763907375005065, 0.5384143842652912, -0.17332479108207186, 0.38005947370533477, -0.07275311496967549, 0.3157159149594014], [0.3113312362125231, 0.16479282454011188, -0.16157940155333528, 0.039241245104487246, 0.09154620515278322, -0.0937593441362889, 0.99, 0.39045230898791955, 0.31103426343704893, 0.40148576465317104, 0.8867227438649258, 0.8024726081305184, 0.30555858095629973, 0.2353639677240622, 0.43846201005139096, 0.09303117973016604, 0.4376132005448427, 0.5769711966490495, -0.02841447669477288, -0.134757761540551, -0.26982053207877565, 0.01759536302309016, -0.3991619786063533, -0.22016576394116014, -0.4008176871927505, 0.0161624185521933, 0.044831332482215096, 0.03842995443375255, -0.12834291060113726], [0.011505158713999673, 0.39383573496063906, 0.23028378860790555, -0.12146142738384824, 0.22206265982824797, 0.17828054924649647, 0.352172670851849, 0.86, 0.5818869478934732, 0.3913109127729839, 0.3534914238465638, 0.38211794152472744, 0.5734271788847397, 0.34164349836179386, 0.20080137904290768, 0.2509537364711558, 0.17288048914604884, 0.3792054118405297, 0.