{"times": [{"name": 0, "matrix": [[1.0, 0.26796345785596865, 0.493866654765602, 0.13873606031622893, 0.1651205784277676, 0.4029892720418926, -0.1436184261532793, -0.4060527830276232, 0.08307684811387678, 0.07662813591483107, -0.020374319109507207, 0.17946956519246, -0.3069515937402439, -0.10975951049219858, -0.00038735797200176213, 0.03508186362995899, 0.09313921851177252, 0.2998555844236214, -0.26669014456467327, 0.21394809108044766, -0.1081706482824349, 0.13992889828037802, 0.16977373274052954, 0.2829121350657798, 0.5398162265575661, 0.4218349797001263, 0.21468057815992325, -0.1469556406494449, 0.1920083148732392], [0.26796345785596865, 1.0, -0.01582080581620408, 0.3988165679091941, -0.08042366113640227, -0.08298080096999046, -0.3183567456647475, -0.20511161598163397, -0.33280639956864955, 0.12369462719177993, 0.05215378420306613, -0.006123963269441539, -0.4823546898239239, -0.22391547024879851, 0.14390237058802097, 0.13076227174848462, -0.36650443317671155, 0.027278494087763276, -0.34148250297323474, 0.19294569601727984, -0.16307077733615033, -0.3009781055084744, 0.23089045979213454, 0.02815107709712643, -0.005998226749777774, 0.16373878613195603, -0.4688497751334282, -0.20510067555646563, -0.2988419998089044], [0.493866654765602, -0.01582080581620408, 1.0, -0.3190370738510675, 0.12369957404685956, 0.7670134745009697, 0.014194377370456156, -0.25939420843490274, 0.044739556642167236, -0.05703991360378962, -0.25612148131976276, 0.23093184135186678, -0.1934341499230899, 0.39602501139236085, -0.30517307235110963, -0.39001849361990726, 0.4482494257824451, 0.432957629319719, 0.20915699244955652, 0.30270564882440965, 0.3739386440026328, 0.07971861455421883, 0.01649591316153124, 0.31142335592885834, 0.5594394136928716, 0.08071222886582614, 0.21395373277566385, -0.10317836105669459, 0.2396788812444499], [0.13873606031622893, 0.3988165679091941, -0.3190370738510675, 1.0, 0.04698209579428396, -0.14202087871538144, -0.4511571910330894, -0.10863278825904084, -0.2739387051644584, 0.05047247236529765, -0.15761089525213223, -0.10953495957261172, -0.15094587032727919, -0.35057255463084225, 0.08033574507479484, 0.16671244496282636, -0.2973729088811558, -0.19322146780502383, -0.08466523499098717, 0.027086896156618172, 0.20604511301440154, 0.10641806136696297, 0.12888085625932302, -0.12596924341168347, -0.17025778781671533, 0.5563877941143918, -0.06527674463445757, 0.011387865817213504, -0.3043726449115766], [0.1651205784277676, -0.08042366113640227, 0.12369957404685956, 0.04698209579428396, 1.0, 0.1287929265186928, -0.22871310871910963, 0.4904641648753016, -0.015529793599827132, 0.31062650867911135, -0.4011274239907899, -0.0047147640028495, 0.42253386432625795, 0.04973779889730637, 0.24097508761219238, 0.34236962094766893, -0.26707294825497835, -0.18618832260526297, -0.1482162474915759, 0.2199599788617313, 0.25674639787209613, 0.3182581404369982, -0.18472894335726772, 0.26648244774949686, 0.4100375672094265, 0.41184634947497945, 0.4928355193287174, 0.46774607894337444, 0.4329289440674074], [0.4029892720418926, -0.08298080096999046, 0.7670134745009697, -0.14202087871538144, 0.1287929265186928, 1.0, -0.22498340828983493, -0.4076852951753843, -0.06231740331845707, -0.060622293604574815, -0.3665034274815752, -0.058260250341370994, -0.24080757073368494, 0.14556936528259432, -0.12749890237465034, -0.32555713000834224, 0.3520308794143121, 0.4212791608327582, 0.3782440770826297, 0.3049771647203737, 0.38739767980933504, 0.04678454956452215, -0.08538732489560229, 0.37194209410921053, 0.38768918285635146, 0.011255876648880737, 0.1037943373764956, 0.08259098816518869, 0.06571094519237557], [-0.1436184261532793, -0.3183567456647475, 0.014194377370456156, -0.4511571910330894, -0.22871310871910963, -0.22498340828983493, 1.0, -0.064925707995786, 0.3783431700071818, 0.047465332775880345, 0.6678632607002403, 0.43129970037442633, 0.0899954655916655, 0.44740792976027255, -0.451240177585632, -0.23016775952686813, 0.4577408174880213, 0.21032716293405856, 0.0972584604045759, -0.14244029357940116, -0.13829552106878606, 0.23230101414007212, -0.16256818041682397, -0.18599256048971005, -0.041707201809826656, -0.12603261562984158, 0.3993493388480811, 0.12814419133438057, 0.28717712146508617], [-0.4060527830276232, -0.20511161598163397, -0.25939420843490274, -0.10863278825904084, 0.4904641648753016, -0.4076852951753843, -0.064925707995786, 1.0, 0.003085233753949302, 0.3020002756758562, -0.04123278939085024, -0.0031426916198808775, 0.8177806357300675, 0.16491422661460267, 0.2528841800509357, 0.18107359785308277, -0.351709362401195, -0.49326962963416965, -0.32842324318187, -0.15894246194666367, -0.018722428998295657, -0.0889031669498948, 0.028871494691605454, 0.11535178137000003, 0.18712720953411188, -0.1546925907863417, 0.10641586721505886, 0.28221632287955395, 0.22785760354599371], [0.08307684811387678, -0.33280639956864955, 0.044739556642167236, -0.2739387051644584, -0.015529793599827132, -0.06231740331845707, 0.3783431700071818, 0.003085233753949302, 1.0, 0.5842686995621565, 0.32353364479755387, 0.5476057124520298, 0.05995343981356085, 0.5394410496376097, -0.05937070644969826, -0.3182449726038306, 0.5451070588337408, -0.1676940512100272, -0.3957251427559642, -0.4487202073129242, 0.24997332698893493, 0.35889391224342554, 0.06619698608786255, 0.41717246328438057, 0.19627593913605149, -0.1008049463151708, 0.26400337539152524, 0.04158347275584317, 0.17074324675684935], [0.07662813591483107, 0.12369462719177993, -0.05703991360378962, 0.05047247236529765, 0.31062650867911135, -0.060622293604574815, 0.047465332775880345, 0.3020002756758562, 0.5842686995621565, 1.0, 0.2896025472367774, 0.5759326603357562, 0.23867563712896964, 0.3534727779140302, 0.2185822215379511, -0.11633653028299554, 0.18651885850042785, -0.22677188080505983, -0.5739532971212497, -0.3263736652090976, 0.14390504766619608, 0.2744447738963529, 0.09234596538439852, 0.6578447871371824, 0.3892748962005618, -0.0064826335812417655, -0.0014262028032504912, 0.06677413398963644, -0.13871872903499918], [-0.020374319109507207, 0.05215378420306613, -0.25612148131976276, -0.15761089525213223, -0.4011274239907899, -0.3665034274815752, 0.6678632607002403, -0.04123278939085024, 0.32353364479755387, 0.2896025472367774, 1.0, 0.31880848152933, 0.13351630950272408, 0.027420264296762028, -0.3426266494803713, -0.24438647935912644, 0.10979528237388912, 0.22679675597567028, -0.26413682823146023, -0.15157998628832417, -0.48391056124066933, -0.17437760639198496, 0.3202338898890528, 0.07600110983715101, 0.06703940442652848, -0.08961372176610143, -0.09230878651841928, 0.07058441341868996, -0.04989359781722951], [0.17946956519246, -0.006123963269441539, 0.23093184135186678, -0.10953495957261172, -0.0047147640028495, -0.058260250341370994, 0.43129970037442633, -0.0031426916198808775, 0.5476057124520298, 0.5759326603357562, 0.31880848152933, 1.0, -0.05707662741384939, 0.5752528156985312, -0.1010945910627953, -0.2690672163703444, 0.5882881509454396, -0.0903774481363527, -0.3962744010436076, -0.27297462428667363, 0.17045884907682488, 0.21165955423408112, -0.04829228577629512, 0.33449689115971004, 0.32142985610338975, 0.018863360373906447, 0.17956479080647664, -0.34496166048717014, -0.1408846894053536], [-0.3069515937402439, -0.4823546898239239, -0.1934341499230899, -0.15094587032727919, 0.42253386432625795, -0.24080757073368494, 0.0899954655916655, 0.8177806357300675, 0.05995343981356085, 0.23867563712896964, 0.13351630950272408, -0.05707662741384939, 1.0, 0.10867515120283958, 0.20769634635769205, 0.1833022661678402, -0.2740165042837476, -0.15798928846775653, -0.16726652516028, -0.03013957821914781, -0.02513641046379635, -0.10439589993703101, 0.22889086232631217, 0.2025840640838095, 0.23890200047635518, -0.13405281331589516, 0.23066415132672138, 0.292213583985928, 0.3209261614162488], [-0.10975951049219858, -0.22391547024879851, 0.39602501139236085, -0.35057255463084225, 0.04973779889730637, 0.14556936528259432, 0.44740792976027255, 0.16491422661460267, 0.5394410496376097, 0.3534727779140302, 0.027420264296762028, 0.5752528156985312, 0.10867515120283958, 1.0, 0.00802108043022627, -0.17833990294573512, 0.6529360557025442, -0.178952196692094, -0.14844883046659757, -0.18631850557649665, 0.38633822224662057, 0.30568185335383513, -0.03893619820874142, 0.184540351141533, 0.3006031370740767, -0.23159753365515828, 0.39091343668147055, -0.14918764705660248, 0.23177042768761347], [-0.00038735797200176213, 0.14390237058802097, -0.30517307235110963, 0.08033574507479484, 0.24097508761219238, -0.12749890237465034, -0.451240177585632, 0.2528841800509357, -0.05937070644969826, 0.2185822215379511, -0.3426266494803713, -0.1010945910627953, 0.20769634635769205, 0.00802108043022627, 1.0, 0.5655829141727367, -0.293730026212556, -0.4112833290513021, -0.3750435452166589, -0.14081066425809022, -0.0889957677451039, -0.10687620953945223, 0.2002495177280917, 0.09267717470949136, 0.0015165729560316882, -0.22176794392163185, -0.08710378421201478, -0.3529353256059363, 0.042039887899752854], [0.03508186362995899, 0.13076227174848462, -0.39001849361990726, 0.16671244496282636, 0.34236962094766893, -0.32555713000834224, -0.23016775952686813, 0.18107359785308277, -0.3182449726038306, -0.11633653028299554, -0.24438647935912644, -0.2690672163703444, 0.1833022661678402, -0.17833990294573512, 0.5655829141727367, 1.0, -0.4548982126291069, -0.1442981293659678, -0.1659455126178711, 0.30764191845351835, -0.37712950035396164, 0.005632981395261278, 0.006173238827821805, -0.22000703000371935, -0.1311922093918675, 0.09723633654062437, 0.07330109298171862, -0.16115122360724982, -0.024796516766943725], [0.09313921851177252, -0.36650443317671155, 0.4482494257824451, -0.2973729088811558, -0.26707294825497835, 0.3520308794143121, 0.4577408174880213, -0.351709362401195, 0.5451070588337408, 0.18651885850042785, 0.10979528237388912, 0.5882881509454396, -0.2740165042837476, 0.6529360557025442, -0.293730026212556, -0.4548982126291069, 1.0, 0.05056487704484602, 0.21569606950161022, -0.2439135633639939, 0.3515516193167125, 0.47291446704560375, -0.3113388483088155, 0.08119600371005613, 0.19470979481769762, -0.01544944140605656, 0.26885352464110585, -0.23093276149344596, -0.0409725908859363], [0.2998555844236214, 0.027278494087763276, 0.432957629319719, -0.19322146780502383, -0.18618832260526297, 0.4212791608327582, 0.21032716293405856, -0.49326962963416965, -0.1676940512100272, -0.22677188080505983, 0.22679675597567028, -0.0903774481363527, -0.15798928846775653, -0.178952196692094, -0.4112833290513021, -0.1442981293659678, 0.05056487704484602, 1.0, 0.39691094360453133, 0.6873297194590767, -0.10549104226817085, -0.10163553889496073, 0.2251025149599433, 0.24146781889132626, 0.23203074914089694, 0.10714279800114793, -0.03294871284568385, -0.09612678830437045, -0.05704717909506818], [-0.26669014456467327, -0.34148250297323474, 0.20915699244955652, -0.08466523499098717, -0.1482162474915759, 0.3782440770826297, 0.0972584604045759, -0.32842324318187, -0.3957251427559642, -0.5739532971212497, -0.26413682823146023, -0.3962744010436076, -0.16726652516028, -0.14844883046659757, -0.3750435452166589, -0.1659455126178711, 0.21569606950161022, 0.39691094360453133, 1.0, 0.28789236031316423, 0.23838182753157008, 0.22715792671089782, -0.4234836101706735, -0.4727234132837894, -0.29019455130535615, 0.09960170932965022, 0.18732741414753062, 0.16460708710822872, 0.0487723173774645], [0.21394809108044766, 0.19294569601727984, 0.30270564882440965, 0.027086896156618172, 0.2199599788617313, 0.3049771647203737, -0.14244029357940116, -0.15894246194666367, -0.4487202073129242, -0.3263736652090976, -0.15157998628832417, -0.27297462428667363, -0.03013957821914781, -0.18631850557649665, -0.14081066425809022, 0.30764191845351835, -0.2439135633639939, 0.6873297194590767, 0.28789236031316423, 1.0, -0.05971491140865371, -0.13572366595584437, 0.17994578613268672, 0.10492981402820968, 0.3611444140993175, 0.35158896766695386, 0.0625790233175661, -0.08529850323860977, 0.004055550894173399], [-0.1081706482824349, -0.16307077733615033, 0.3739386440026328, 0.20604511301440154, 0.25674639787209613, 0.38739767980933504, -0.13829552106878606, -0.018722428998295657, 0.24997332698893493, 0.14390504766619608, -0.48391056124066933, 0.17045884907682488, -0.02513641046379635, 0.38633822224662057, -0.0889957677451039, -0.37712950035396164, 0.3515516193167125, -0.10549104226817085, 0.23838182753157008, -0.05971491140865371, 1.0, 0.3685895855862705, -0.22179117470943, 0.16534346407422712, 0.010425131320507444, 0.18232162111709768, 0.2633933057468143, 0.14121861710687433, 0.14242601268281044], [0.13992889828037802, -0.3009781055084744, 0.07971861455421883, 0.10641806136696297, 0.3182581404369982, 0.04678454956452215, 0.23230101414007212, -0.0889031669498948, 0.35889391224342554, 0.2744447738963529, -0.17437760639198496, 0.21165955423408112, -0.10439589993703101, 0.30568185335383513, -0.10687620953945223, 0.005632981395261278, 0.47291446704560375, -0.10163553889496073, 0.22715792671089782, -0.13572366595584437, 0.3685895855862705, 1.0, -0.538160653933102, -0.09996437582543956, 0.11454556192835351, 0.43933976054714907, 0.6361167290272766, 0.18124592137633672, 0.24287378816707914], [0.16977373274052954, 0.23089045979213454, 0.01649591316153124, 0.12888085625932302, -0.18472894335726772, -0.08538732489560229, -0.16256818041682397, 0.028871494691605454, 0.06619698608786255, 0.09234596538439852, 0.3202338898890528, -0.04829228577629512, 0.22889086232631217, -0.03893619820874142, 0.2002495177280917, 0.006173238827821805, -0.3113388483088155, 0.2251025149599433, -0.4234836101706735, 0.17994578613268672, -0.22179117470943, -0.538160653933102, 1.0, 0.32547717816910826, 0.3105925730030575, -0.0169162462972721, -0.21130631383278153, -0.27403071127380524, 0.04640442837078815], [0.2829121350657798, 0.02815107709712643, 0.31142335592885834, -0.12596924341168347, 0.26648244774949686, 0.37194209410921053, -0.18599256048971005, 0.11535178137000003, 0.41717246328438057, 0.6578447871371824, 0.07600110983715101, 0.33449689115971004, 0.2025840640838095, 0.184540351141533, 0.09267717470949136, -0.22000703000371935, 0.08119600371005613, 0.24146781889132626, -0.4727234132837894, 0.10492981402820968, 0.16534346407422712, -0.09996437582543956, 0.32547717816910826, 1.0, 0.5733096996822306, -0.09863082688429367, -0.19858501039674972, -0.0015543564129142263, -0.19229185542142593], [0.5398162265575661, -0.005998226749777774, 0.5594394136928716, -0.17025778781671533, 0.4100375672094265, 0.38768918285635146, -0.041707201809826656, 0.18712720953411188, 0.19627593913605149, 0.3892748962005618, 0.06703940442652848, 0.32142985610338975, 0.23890200047635518, 0.3006031370740767, 0.0015165729560316882, -0.1311922093918675, 0.19470979481769762, 0.23203074914089694, -0.29019455130535615, 0.3611444140993175, 0.010425131320507444, 0.11454556192835351, 0.3105925730030575, 0.5733096996822306, 1.0, 0.30616874765537583, 0.30752158710437755, -0.07039597716431124, 0.28045665305371464], [0.4218349797001263, 0.16373878613195603, 0.08071222886582614, 0.5563877941143918, 0.41184634947497945, 0.011255876648880737, -0.12603261562984158, -0.1546925907863417, -0.1008049463151708, -0.0064826335812417655, -0.08961372176610143, 0.018863360373906447, -0.13405281331589516, -0.23159753365515828, -0.22176794392163185, 0.09723633654062437, -0.01544944140605656, 0.10714279800114793, 0.09960170932965022, 0.35158896766695386, 0.18232162111709768, 0.43933976054714907, -0.0169162462972721, -0.09863082688429367, 0.30616874765537583, 1.0, 0.40835159272616844, 0.1866438984755893, 0.1651726737692212], [0.21468057815992325, -0.4688497751334282, 0.21395373277566385, -0.06527674463445757, 0.4928355193287174, 0.1037943373764956, 0.3993493388480811, 0.10641586721505886, 0.26400337539152524, -0.0014262028032504912, -0.09230878651841928, 0.17956479080647664, 0.23066415132672138, 0.39091343668147055, -0.08710378421201478, 0.07330109298171862, 0.26885352464110585, -0.03294871284568385, 0.18732741414753062, 0.0625790233175661, 0.2633933057468143, 0.6361167290272766, -0.21130631383278153, -0.19858501039674972, 0.30752158710437755, 0.40835159272616844, 1.0, 0.30537001112206785, 0.7482036787273223], [-0.1469556406494449, -0.20510067555646563, -0.10317836105669459, 0.011387865817213504, 0.46774607894337444, 0.08259098816518869, 0.12814419133438057, 0.28221632287955395, 0.04158347275584317, 0.06677413398963644, 0.07058441341868996, -0.34496166048717014, 0.292213583985928, -0.14918764705660248, -0.3529353256059363, -0.16115122360724982, -0.23093276149344596, -0.09612678830437045, 0.16460708710822872, -0.08529850323860977, 0.14121861710687433, 0.18124592137633672, -0.27403071127380524, -0.0015543564129142263, -0.07039597716431124, 0.1866438984755893, 0.30537001112206785, 1.0, 0.4034060261985543], [0.1920083148732392, -0.2988419998089044, 0.2396788812444499, -0.3043726449115766, 0.4329289440674074, 0.06571094519237557, 0.28717712146508617, 0.22785760354599371, 0.17074324675684935, -0.13871872903499918, -0.04989359781722951, -0.1408846894053536, 0.3209261614162488, 0.23177042768761347, 0.042039887899752854, -0.024796516766943725, -0.0409725908859363, -0.05704717909506818, 0.0487723173774645, 0.004055550894173399, 0.14242601268281044, 0.24287378816707914, 0.04640442837078815, -0.19229185542142593, 0.28045665305371464, 0.1651726737692212, 0.7482036787273223, 0.4034060261985543, 1.0]]}, {"name": 1, "matrix": [[1.09, 0.2813616307487671, 0.5383146536945062, 0.1428981421257158, 0.1717254015648783, 0.44731809196650085, -0.1220756622302874, -0.4304159500092806, 0.07061532089679526, 0.07662813591483107, -0.01996683272731706, 0.152549130413591, -0.3222991734272561, -0.12073546154141844, -0.0003834843922817445, 0.0347310449936594, 0.08382529666059527, 0.30585269611209387, -0.23202042577126575, 0.2439008238317103, -0.09951699641984012, 0.13992889828037802, 0.19354205532420365, 0.31969071262433113, 0.5182235774952635, 0.37965148173011365, 0.20394654925192707, -0.12785140736501707, 0.20160873061690116], [0.28940053448444614, 1.04, -0.014396933292745714, 0.338994082722815, -0.08203213435913032, -0.07634233689239123, -0.3629266900578121, -0.18254933822365424, -0.3660870395255145, 0.12864241227945114, 0.046416867940728856, -0.00545032730980297, -0.4823546898239239, -0.21943716084382253, 0.12663408611745844, 0.12814702631351493, -0.3261889455272733, 0.02755127902864091, -0.3653862781813612, 0.19873406689779824, -0.13861016073572777, -0.2919487623432202, 0.2378171735858986, 0.03068467403586781, -0.006238155819768885, 0.1850248283291103, -0.4876037661387653, -0.1927946350230777, -0.2540156998375687], [0.5481919867898183, -0.013447684943773467, 1.02, -0.27756225425042874, 0.1410175144134199, 0.6673017228158437, 0.016181590202320018, -0.2568002663505537, 0.05010830343922731, -0.06274390496416858, -0.261243910946158, 0.19860138356260543, -0.17409073493078092, 0.4395877626455206, -0.3265351874156873, -0.39001849361990726, 0.38101201191507833, 0.36801398492176113, 0.2300726916945122, 0.2603268579889923, 0.4038537355228435, 0.07254393924433913, 0.01567111750345468, 0.3301087572845898, 0.514684260597442, 0.07021963911326874, 0.1840002101870709, -0.11246441355179711, 0.2348853036195609], [0.14844758453836496, 0.4307218933419297, -0.33817929828213156, 0.91, 0.049801021541941, -0.14486129628968908, -0.469203478674413, -0.0923378700201847, -0.28489625337103675, 0.04845357347068574, -0.14500202363196166, -0.10515356118970726, -0.13585128329455126, -0.30149239698252434, 0.0795323876240469, 0.18004944055985247, -0.27358307617066335, -0.17196710634647122, -0.08974514909044641, 0.030608192656978533, 0.22252872205555368, 0.10322551952595407, 0.11985919632117042, -0.12596924341168347, -0.18558098872021972, 0.5730794279378235, -0.06070737251004554, 0.012640531057106991, -0.2982851920133451], [0.16677178421204528, -0.08766179063867849, 0.13483253571107692, 0.048391558668112476, 1.01, 0.13523257284462745, -0.20126753567281647, 0.4659409566315365, -0.016927475023811575, 0.28888265307157357, -0.3690372300715267, -0.0047147640028495, 0.4309845416127831, 0.04327188504065654, 0.2433848384883143, 0.33552222852871555, -0.28576805463282684, -0.16198384066657878, -0.15414489739123893, 0.18916558182108892, 0.2798535736805848, 0.3278058846501081, -0.17364520675583164, 0.2611527987945069, 0.37313418616057814, 0.4571494479172272, 0.5273340056817276, 0.4443587749962057, 0.4848804173554963], [0.36269034483770335, -0.09044907305728961, 0.8360446872060571, -0.15054213143830433, 0.14553600696612287, 1.14, -0.2159840719582415, -0.35468620680258434, -0.0660564475175645, -0.05698495598830032, -0.3958237016801013, -0.05010381529357905, -0.2480317978556955, 0.13974659067129053, -0.14152378163586188, -0.2897458457074246, 0.3942745849440296, 0.4254919524410858, 0.3517669916868456, 0.3354748811924111, 0.32928802783793476, 0.040702558121134276, -0.08624119814455831, 0.3347478846982895, 0.3721816155420974, 0.011255876648880737, 0.10068050725520072, 0.08589462769179623, 0.06636805464429932], [-0.15510790024554166, -0.27060323381503537, 0.014194377370456156, -0.469203478674413, -0.2584458128525939, -0.24298208095302173, 1.04, -0.07206753587532246, 0.39726032850754095, 0.044142759481568726, 0.647827362879233, 0.45717768239689194, 0.10169487611858201, 0.4608301676530807, -0.4016037580512125, -0.2324694371221368, 0.4852052665373026, 0.23135987922746443, 0.09336812198839287, -0.1609575317447233, -0.1299977898046589, 0.24391606484707573, -0.14305999876680509, -0.16553337883584196, -0.035451121538352656, -0.12603261562984158, 0.4273037925674468, 0.12814419133438057, 0.2555876381039267], [-0.4060527830276232, -0.17844710590402155, -0.282739687194044, -0.09342419790277512, 0.5198920147678198, -0.46068438354818425, -0.05973165135612312, 0.89, 0.002930972066251837, 0.2838802591353048, -0.042469773072575746, -0.003425533865670157, 0.7441803785143615, 0.14677366168699638, 0.21495155304329536, 0.16658771002483616, -0.3939144858893384, -0.46367345185611947, -0.3448444053409635, -0.1637107358050636, -0.016850186098466093, -0.10046057865338111, 0.02973763953235362, 0.12457992387960004, 0.17402830486672405, -0.15623951669420513, 0.10215923252645649, 0.2991493022523272, 0.25292193993605305], [0.09221530140640323, -0.35943091153414153, 0.04563434777501058, -0.2876356404226813, -0.013666218367847876, -0.07041866574985647, 0.32537512620617637, 0.0033320524542652464, 1.02, 0.6251675085315075, 0.3041216261097006, 0.5092733125803878, 0.06774738698932375, 0.5016801761629771, -0.05343363580472844, -0.3150625228777923, 0.4851452823620293, -0.17104793223422773, -0.39968239418352386, -0.38141217621598555, 0.26497172660827106, 0.351716033998557, 0.06553501622698392, 0.3671117676902549, 0.20020145791877253, -0.1149176387992947, 0.22440286908279644, 0.04532598530386906, 0.1792804090946918], [0.07586185455568276, 0.10514043311301294, -0.05703991360378962, 0.05551971960182742, 0.29198891815836464, -0.06910941470921528, 0.047465332775880345, 0.2989802729190976, 0.5375272035971841, 1.05, 0.269330368930203, 0.604729293352544, 0.25538293172799753, 0.3428685945766093, 0.24262626590712574, -0.11400979967733563, 0.18465366991542356, -0.24491363126946464, -0.5165579674091247, -0.3067912452965517, 0.12951454289957648, 0.27718922163531645, 0.10435094088437032, 0.7236292658509007, 0.3425619086564944, -0.006028849230554842, -0.0013976787471854813, 0.0674418753295328, -0.12900841800254925], [-0.023022980593743143, 0.04537379225666753, -0.2842948442649367, -0.13712147886935505, -0.3489808588719872, -0.3811635645808382, 0.5743624042022066, -0.03793416623958222, 0.3429456634854071, 0.28381049629204186, 1.05, 0.35706549931284964, 0.1148240261723427, 0.024952440510053447, -0.3597579819543899, -0.24438647935912644, 0.09552189566528353, 0.20638504793785997, -0.2852677744899771, -0.13339038793372526, -0.5129451949151095, -0.19530291915902318, 0.32343622878794337, 0.06460094336157836, 0.07642492104624246, -0.0887175845484404, -0.09784731370952444, 0.06917272515031615, -0.056878701511641636], [0.1920324347559322, -0.005327848044414139, 0.21014797563019877, -0.12267915472132514, -0.0049505022029919755, -0.06059066035502583, 0.41836070936319353, -0.0031426916198808775, 0.514749369704908, 0.5413767007156108, 0.3475012448669697, 1.08, -0.049085899575910474, 0.5579952312275752, -0.09705080742028348, -0.2932832658436754, 0.5882881509454396, -0.07862837987862685, -0.3764606809914272, -0.28116386301527385, 0.1465946102060694, 0.19472678989535464, -0.04636059434524332, 0.32446198442491875, 0.32142985610338975, 0.016222489921559544, 0.16160831172582898, -0.34151204388229844, -0.15919969902804953], [-0.31309062561504875, -0.5305901588063163, -0.20890888191693713, -0.1690593747665527, 0.3929564938234199, -0.2504398735630324, 0.08279582834433227, 0.8014250230154661, 0.05935390541542524, 0.26731671358444603, 0.13485147259775132, -0.051939730946602945, 0.89, 0.11084865422689637, 0.2118502732848459, 0.19979947012294583, -0.3041583197549598, -0.16272896712178925, -0.18399317767630802, -0.02712562039723303, -0.025639138673072277, -0.1033519409376607, 0.2540688571822065, 0.19245486087961902, 0.2269569004525374, -0.14075545398168993, 0.26295713251246233, 0.27175863310691306, 0.3369724694870613], [-0.11195470070204255, -0.19256730441396672, 0.4475082628733677, -0.35407828017715065, 0.046256152974494924, 0.13392381605998677, 0.44740792976027255, 0.15007194621928843, 0.6095683860904989, 0.3075213167852063, 0.027146061653794407, 0.5234800622856634, 0.10650164817878278, 0.96, 0.007700237213017218, -0.17655650391627778, 0.7182296612727986, -0.18968932849361966, -0.12915048250593988, -0.18259213546496672, 0.3361142533545599, 0.33930685722275705, -0.0439979039758778, 0.179004140607287, 0.3306634507814844, -0.25244131168412254, 0.4182773772491735, -0.1670901647033948, 0.25262976617949867], [-0.00036411649368165637, 0.12375603870569803, -0.2624488422219543, 0.0915827493852661, 0.2723018490017774, -0.11729899018467832, -0.4196533651546378, 0.28575912345755733, -0.06174553470768619, 0.22732551039946913, -0.30151145154272674, -0.11120405016907484, 0.2118502732848459, 0.007459604800110431, 1.06, 0.4920571353302809, -0.2761062246398026, -0.43184749550386725, -0.39379572247749184, -0.12391338454711939, -0.08187610632549559, -0.09511982649011248, 0.2002495177280917, 0.0889700877211117, 0.0017288931698761245, -0.22176794392163185, -0.0783934057908133, -0.36352338537411444, 0.044982680052735556], [0.037888412720355716, 0.13991563077087854, -0.38221812374750913, 0.19005218725762205, 0.38687767167086584, -0.3548572717090931, -0.26008956826536095, 0.19012727774573693, -0.28642047534344756, -0.13029691391695503, -0.24194261456553517, -0.27713923286145475, 0.17230413019776977, -0.16585610973953369, 0.6391086930151924, 1.05, -0.5003880338920176, -0.14285514807230812, -0.17424278824876466, 0.32917685274526465, -0.38090079535750127, 0.004957023627829925, 0.0054324501684831885, -0.24860794390420285, -0.1416875861432169, 0.09918106327143686, 0.08209722413952486, -0.15631668689903233, -0.02405262126393541], [0.07916833573500665, -0.414150009489684, 0.4885918741028652, -0.3181890125028367, -0.22701200601673158, 0.39075427614988645, 0.4119667357392192, -0.30247005166502766, 0.5832645529521027, 0.19397961284044496, 0.101011659783978, 0.5412250988698045, -0.30141815471212235, 0.5680543684612135, -0.2702316241155515, -0.48674108751314443, 0.93, 0.0470253356517068, 0.24373655853681953, -0.2439135633639939, 0.37616023266888243, 0.5296642030910762, -0.31445223679190365, 0.07794816356165388, 0.21612787224764438, -0.01467696933575373, 0.28229620087316115, -0.2055301577291669, -0.04506984997452993], [0.3148483636448025, 0.024005074797231685, 0.4892421211312824, -0.1874248237708731, -0.15826007421447352, 0.35808728670784445, 0.23346315085680502, -0.5130004148195364, -0.1559554676253253, -0.19729153630040205, 0.19958114525858986, -0.08224347780408096, -0.16746864577582193, -0.17716267472517305, -0.43596032879438024, -0.1587279423025646, 0.045002740569912957, 0.91, 0.39691094360453133, 0.6735831250698952, -0.1002164901547623, -0.10773367122865837, 0.1913371377159518, 0.2680292789693722, 0.2575541315463956, 0.1135713658812168, -0.033937174231054364, -0.09132044888915192, -0.05077198939461068], [-0.24802183444514617, -0.37904557830029056, 0.21752327214753878, -0.07704536384179833, -0.1437697600668286, 0.4274158071033715, 0.09434070659243862, -0.3317074756136887, -0.34823812562524853, -0.5854323630636746, -0.2694195647960894, -0.3526842169288108, -0.17395718616669123, -0.14993331877126354, -0.4275496415469911, -0.1642860574916924, 0.23510871575675515, 0.3730962869882594, 1.14, 0.3109237491382174, 0.2169274630537288, 0.1976273962384811, -0.478536479492861, -0.4869051156823031, -0.28148871476619547, 0.10856586316931875, 0.19107396243048125, 0.16296101623714643, 0.045358255161041985], [0.2011112056156208, 0.19294569601727984, 0.26638097096548047, 0.028982978887581445, 0.21336117949587935, 0.3049771647203737, -0.12534745834987301, -0.17960498199972993, -0.40833538865476104, -0.34921982177373445, -0.16067478546562364, -0.23748792312940606, -0.029536786654764856, -0.19563443085532148, -0.15770794396906107, 0.30148908008444797, -0.2439135633639939, 0.6254700447077598, 0.25910312428184784, 0.98, -0.05195197292552873, -0.13708090261540282, 0.1925419911619748, 0.09128893820454242, 0.35392152581733116, 0.40081142314032736, 0.06883692564932271, -0.08359253317383757, 0.0035688847868725914], [-0.1168243001450297, -0.1467636996025353, 0.35150232536247483, 0.1875010528431054, 0.27471864572314286, 0.35253188862649487, -0.11893414811915601, -0.01797353183836383, 0.25997226006849233, 0.16117365338613962, -0.488749666853076, 0.18750473398450737, -0.028655507928727838, 0.42883542669374886, -0.1005652175519674, -0.373358205350422, 0.3620981678962139, -0.08966738592794522, 0.23123037270562297, -0.06389495520725948, 1.01, 0.3206729394600553, -0.19295832199720409, 0.15046255230754668, 0.00959112081486685, 0.18596805353943963, 0.24758970740200542, 0.15534047881756177, 0.1623656544584039], [0.15112321014280827, -0.29796832445338967, 0.07573268382650788, 0.10003297768494518, 0.30871039622388824, 0.0411704036167795, 0.2206859634330685, -0.0889031669498948, 0.3660717904882941, 0.2964003558080612, -0.197046695222943, 0.2264757230304668, -0.09604422794206853, 0.348477312823372, -0.10046363696708509, 0.005520321767356053, 0.41143558632967525, -0.10366824967285994, 0.2566884571833145, -0.1275802459984937, 0.36490368973040777, 1.01, -0.543542260472433, -0.0919672257594044, 0.10652737259336877, 0.39101238688696266, 0.7124507365105498, 0.16674624766622978, 0.24287378816707914], [0.15619183412128718, 0.23089045979213454, 0.01847542274091499, 0.1108375363830178, -0.17549249618940432, -0.08026408540186615, -0.17719931665433813, 0.03031506942618573, 0.0701688052531343, 0.08495828815364664, 0.2818058231023665, -0.04249721148313971, 0.24720213131241717, -0.0358213023520421, 0.1862320514871253, 0.005926309274708933, -0.3455861216227852, 0.24085969100713933, -0.41924877406896677, 0.20153928046860914, -0.199612057238487, -0.5865951127870812, 1.06, 0.33524149351418153, 0.3509696074934549, -0.018946195852944752, -0.22609775580107624, -0.2521082543719008, 0.051044871207866965], [0.28008301371512195, 0.025335969387413785, 0.28962372101383826, -0.12344985854344981, 0.23450455401955725, 0.32358962187501317, -0.18971241169950426, 0.11765881699740004, 0.40465728938584916, 0.6117956520375797, 0.07220105434529346, 0.301047202043739, 0.2289199924147047, 0.15870470198171838, 0.09453071820368118, -0.19140611610323582, 0.07794816356165388, 0.23422378432458646, -0.4254510719554105, 0.1017819196073634, 0.1785709412001653, -0.0929668695176588, 0.3384962652958726, 1.07, 0.619174475656809, -0.0887677441958643, -0.20057086050071724, -0.0014610950281393727, -0.20190644819249723], [0.57220520015102, -0.005818279947284441, 0.6321665374729449, -0.19068872235472117, 0.4551416996024635, 0.4264581011419866, -0.03837062566504053, 0.19461229791547635, 0.16683454826564376, 0.42430963685861245, 0.07240255678065076, 0.34714424459166093, 0.20784474041442902, 0.3276574194107436, 0.0017137274403158074, -0.12988028729794882, 0.18302720712863577, 0.2529135165635777, -0.2959984423314633, 0.350310081676338, 0.0093826181884567, 0.10309100573551816, 0.3447577560333938, 0.5389111177012967, 1.08, 0.3398473098974672, 0.2890702918781149, -0.0732118162508837, 0.31411145142016045], [0.4344900290911301, 0.1817500526064712, 0.09201194090704179, 0.5230045264675283, 0.41596481296972926, 0.009905171451015049, -0.12981359409873683, -0.17325570168070273, -0.10886934202038447, -0.006547459917054183, -0.07975621237183027, 0.01641112352529861, -0.1219880601174646, -0.21770168163584877, -0.19959114952946866, 0.09918106327143686, -0.014213486093572035, 0.0985713741610561, 0.11254993154250474, 0.3621366366969625, 0.17502875627241377, 0.4305529653362061, -0.014886296741599447, -0.09172666900239312, 0.3184154975615909, 1.0, 0.44101972014426194, 0.20530828832314824, 0.18334166788383555], [0.22756141284951867, -0.4219647976200854, 0.2225118820866904, -0.07180441909790333, 0.47805045374885585, 0.09964256388143578, 0.37139488512871544, 0.10748002588720945, 0.2560832741297795, -0.001283582522925442, -0.10430892876581378, 0.1705865512661528, 0.20990437770731646, 0.4456413178168764, -0.07578029226445286, 0.0637719508940952, 0.29036180661239436, -0.03261922571722701, 0.18732741414753062, 0.06320481355074176, 0.258125439631878, 0.5725050561245489, -0.18594955617284775, -0.2224152116443597, 0.3136720188464651, 0.43285268828973855, 0.93, 0.32674591190061264, 0.7856138626636885], [-0.1498947534624338, -0.22766174986767687, -0.11143262994123017, 0.010818472526352828, 0.420971471049037, 0.08341689804684058, 0.12814419133438057, 0.3047936287099183, 0.03576178657002513, 0.07278380604870373, 0.06846688101612926, -0.37945782653588717, 0.3214349423845208, -0.1670901647033948, -0.32470049955746144, -0.14181307677437985, -0.21476746818890477, -0.1057394671348075, 0.17777565407688703, -0.08188656310906538, 0.16098922350183673, 0.15587149238364958, -0.23840671880821054, -0.0014766385922685148, -0.07461973579416992, 0.16424663065851858, 0.265671909676199, 1.08, 0.45181474934238086], [0.2150493126580279, -0.2838998998184592, 0.2396788812444499, -0.26784792752218745, 0.3766481813386444, 0.06308250738468055, 0.2814335790357844, 0.19367896301409465, 0.15025405714602744, -0.14981622735779912, -0.051889341729918693, -0.14370238319346065, 0.28562428366046144, 0.25031206190262256, 0.043721483415742966, -0.0233087257609271, -0.03892396134163948, -0.06047000984077227, 0.04340736246594341, 0.0035688847868725914, 0.12533489116087318, 0.22830136087705438, 0.03990780839887781, -0.1942147739756402, 0.28887035264532607, 0.14700367965460687, 0.7182755315782294, 0.42357632750848206, 1.0]]}, {"name": 2, "matrix": [[1.06, 0.3387363734965336, 0.6058081351662015, 0.2030132205355547, 0.2745472888609188, 0.4821478125553783, -0.03950011915392184, -0.3205130678270381, 0.12038435756669237, 0.12555121878150086, 0.06006161445513656, 0.22660938877716572, -0.18995077687442846, -0.010970275616320153, 0.10698284487156233, 0.04500244933456398, 0.19730145833683335, 0.32353733968498416, -0.19593003875842455, 0.23438290692481928, -0.0062387190861054355, 0.15497888126658627, 0.2144767090910848, 0.20147755265425393, 0.46361931926462385, 0.48894418723962135, 0.26436421855328446, -0.1562601171363495, 0.27144270568951656], [0.3729521687992138, 0.91, 0.07905294229466484, 0.39762552834208836, 0.034101461669726295, -0.008540926839713095, -0.203612112904898, -0.12902048914868355, -0.18721062181558137, 0.19055051579778048, 0.1556440744249674, 0.05978230953920435, -0.38816048551623805, -0.0971633100900245, 0.24543868666494137, 0.09623009026812908, -0.22331459668648734, 0.10811890239617034, -0.20606056390273567, 0.2638329451241143, -0.045177234996671305, -0.19146571983030614, 0.2895817864007756, -0.006616187917597407, 0.039516581158249506, 0.26353929311058005, -0.3064677124392919, -0.24409754683510476, -0.17897021593867485], [0.46641865273857996, 0.08585319539528116, 0.94, -0.2091977496960171, 0.2385684121740986, 0.8133875427362751, 0.10980611272836623, -0.2460917773795479, 0.13249659971499964, 0.030927690248025937, -0.1295479503888285, 0.3069344041664184, -0.09345635290622875, 0.43634441705771804, -0.14584159800172114, -0.34024478768312383, 0.5038855495822528, 0.4730750017885065, 0.24120535784204397, 0.38578024782632553, 0.43135974122401655, 0.16251802621040506, 0.09871406587713485, 0.23393372769046555, 0.5922467767281939, 0.1477271406619075, 0.23622410836482668, -0.11581980759589772, 0.2691122899821866], [0.2629943993301504, 0.4067663450855846, -0.21104905721545086, 0.92, 0.13723590506937794, -0.041671018780028615, -0.3324833329967486, -0.05414993753387349, -0.19305596121266383, 0.10325734240018289, -0.05058028414182479, -0.042788787557477975, -0.041720541974746395, -0.1877224742692173, 0.1832057620851064, 0.17778169665838287, -0.14455595262495985, -0.08837654947827124, -0.010297055864985182, 0.10864129021866545, 0.2842586163161152, 0.14685827936966753, 0.1820612113350765, -0.14225879950540496, -0.09710046709485301, 0.5834904579335787, 0.01847310157497006, -0.016430563315832494, -0.19647295060837008], [0.2405325805064687, 0.03194768514321727, 0.1917067597827578, 0.1262570326638277, 0.86, 0.157928294275863, -0.08734511835155352, 0.4458915589628713, 0.07631580775126219, 0.36514208324935543, -0.2842462960086395, 0.07590528827424022, 0.39231533308432026, 0.14025577106484244, 0.33965251711519656, 0.26257948403746334, -0.12232930542136908, -0.05435123967153626, -0.043408775775047655, 0.26702905886829353, 0.29446162144828153, 0.3347384091515665, -0.0660964725063103, 0.23426452664562022, 0.4026430093057111, 0.4600316953719453, 0.5285859478584762, 0.41161109468636353, 0.5214767973625314], [0.3735559628807435, -0.008299202495192913, 0.7049358703714385, -0.04625483084583177, 0.18394001333306395, 0.88, -0.13188215102110126, -0.3691359446739446, -0.004814002460415345, 0.001778928042405381, -0.2277246474146557, 0.01592971296189255, -0.1923580689684812, 0.19978023520435656, -0.02609181256712825, -0.2594262782924424, 0.3592778376732163, 0.50960788185254, 0.4528507224004376, 0.39429949671053455, 0.4654844286510907, 0.15449431214595546, 0.006074113524273641, 0.3441770038565407, 0.3751052874342224, 0.08011750454059724, 0.17965653833687187, 0.1128226213022591, 0.11785977897523839], [-0.04363385255375087, -0.20926800493003406, 0.10408704435709716, -0.32289246762184237, -0.09912198824165062, -0.10379613737771856, 0.88, -0.06045877512315932, 0.39873483479387406, 0.12365152996408407, 0.7099768821656015, 0.46797637355894955, 0.11549059852188744, 0.42724015024283213, -0.3089244380564845, -0.25625474941282556, 0.4831584470955068, 0.29549443482163806, 0.18853184806051443, -0.0599232781113936, -0.021737065939608353, 0.2743073139846803, -0.06015030993033636, -0.17145105310822667, 0.006283301575697358, -0.015920207140730034, 0.4456984483502852, 0.07069437742940961, 0.3133410004496072], [-0.275187987528265, -0.15482458697842028, -0.22851379328100876, -0.06943933166108483, 0.42769190349499897, -0.4005517697525782, -0.06810298806976567, 0.97, -0.00876573214371957, 0.23440932145647955, -0.033654222492011124, -0.02543803156510444, 0.7591286317755918, 0.19422251641241758, 0.2159927543004497, 0.15717016534890033, -0.2967410044857357, -0.38846168393532104, -0.308077871897946, -0.1082429025632727, -0.018112573480456563, -0.11155649516542351, 0.0036872593512171465, 0.02669476801098932, 0.1356225966216937, -0.0971404161773372, 0.08538556610353812, 0.14838258538396618, 0.1892372868974523], [0.13346961382394154, -0.1893380152453039, 0.11804242520063604, -0.1820241920005116, 0.07956328893216696, -0.004759297887001535, 0.45131525256889043, -0.007763934184437333, 1.08, 0.628478276646529, 0.4269097463509555, 0.6337332750133357, 0.07875831653222475, 0.6135130497091048, 0.009534222287931087, -0.30955476780533925, 0.6357656657824966, -0.05919384358949608, -