{"times": [{"name": 0, "matrix": [[1.0, 0.267191285782271, 0.3653651685182036, 0.5056383310112303, 0.13186897269043388, 0.5771626927532059, -0.11326839509360453, -0.040773872396484036, -0.03286198058308956, -0.25207061810451964, -0.25903551237149697, 0.15482672665175284, -0.31588710901341205, 0.1986587007799745, 0.2834525311365678, 0.36630366019536253, 0.2679182962163995, 0.6902714819622336, 0.6022215539620425, -0.1641563486138892, 0.648892034506891, 0.6951139697990565, 0.3530415348794384, 0.12512384418287076, -0.27428568389906227, 0.6948537602076458, 0.14813710730803448, 0.35483810327609344, 0.278592483367989], [0.267191285782271, 1.0, 0.307504145340091, 0.1818824916683247, -0.0024987344434940213, 0.5452398009267838, 0.36401749647236714, 0.14332715463994822, 0.4351124468024216, 0.15044523708747384, 0.08460930383309155, 0.7450400198490301, -0.004581069630681498, 0.33254588146753516, 0.004990276579323245, 0.31789112864256985, 0.5714346940163719, 0.2492519404827811, 0.2331799383721448, 0.0006313507913954428, 0.5276690764066991, 0.016901869362239846, 0.04279019930455915, 0.054990601635587104, -0.5617101720216862, 0.14103340171939166, 0.23687264085587367, 0.2830764904043457, 0.2796453201224635], [0.3653651685182036, 0.307504145340091, 1.0, 0.32822202152396807, -0.5156430559979961, 0.2953025370716586, 0.19008379868214872, -0.18320260421472478, 0.21525929536380708, 0.2641035238510701, 0.17075621512831454, 0.4062995030021525, -0.4966256527330749, -0.17199461674868916, -0.4561894647893944, -0.04439042972926478, 0.35752331807666543, 0.4159309942742863, -0.01494159818840583, 0.18364054858830156, 0.2666478607482434, 0.2015947095199867, 0.6107497410511906, -0.317615373153413, 0.03754280744350418, 0.5371227469423555, 0.0996786473194862, 0.17738531333931284, -0.02088523725745286], [0.5056383310112303, 0.1818824916683247, 0.32822202152396807, 1.0, -0.028753613486734397, 0.4238851179748467, -0.12465071930296423, -0.048501035278923285, 0.07175048094975787, -0.20399499120444617, -0.18060724784712723, 0.07182517795038136, -0.4832271243096734, 0.1285223054411104, 0.019709054054491835, 0.5178341680440843, 0.23660077991279488, 0.2571277402547677, 0.26624379313066854, 0.4504409996573741, 0.4203578936030493, 0.05670208520767208, 0.4401257278218313, -0.35207424822240246, -0.20088002181589962, 0.667352583725683, 0.4913595047342366, 0.18567446420371436, 0.4812368005996945], [0.13186897269043388, -0.0024987344434940213, -0.5156430559979961, -0.028753613486734397, 1.0, 0.21368078457343803, -0.3188335770725875, -0.11943880460219546, -0.4752695661183303, -0.6212719777081039, -0.517266024824344, -0.23071624942270585, 0.12142150706162592, 0.5119326828907896, 0.566773377598812, 0.13997736399854072, -0.07826345112180581, -0.14842064860889387, 0.575828963790882, -0.09149824149722684, 0.31078596708979334, 0.06568241394600306, -0.2102161549153834, 0.22441293049620653, -0.05739971888799529, -0.3115276860405457, 0.327191352372124, 0.2555650697301508, 0.5535084088186795], [0.5771626927532059, 0.5452398009267838, 0.2953025370716586, 0.4238851179748467, 0.21368078457343803, 1.0, -0.04133905705319454, -0.014988537063502972, 0.007588678801445658, -0.25694782569630026, -0.30814847567114056, 0.3344762440226039, -0.18934714259218174, 0.4246146634843347, 0.21348764257657613, 0.34981851533632297, 0.4678501697518717, 0.5221484048907727, 0.608020975176794, 0.12176255417426288, 0.5575935093732295, 0.16743512839840907, 0.37847136013131866, 0.08275970771125356, -0.4103329235903706, 0.2818455755631708, 0.3516728617241149, 0.25133983414282535, 0.5407052873163627], [-0.11326839509360453, 0.36401749647236714, 0.19008379868214872, -0.12465071930296423, -0.3188335770725875, -0.04133905705319454, 1.0, 0.3991707933568439, 0.7077188435983873, 0.5799814395146324, 0.8254946123260695, 0.7891188020633484, 0.09477952363303939, 0.14257769382726618, -0.45993445721149445, -0.3630969510621504, 0.6710167515267528, 0.1849004872662643, -0.4353287812330234, 0.04579725813302269, 0.13863058128600558, -0.039712595787417045, -0.03581465583747477, -0.2118258016127551, -0.009386344696196439, 0.01955222531077123, 0.11451604093792865, -0.16947696683593427, -0.045442054749317395], [-0.040773872396484036, 0.14332715463994822, -0.18320260421472478, -0.048501035278923285, -0.11943880460219546, -0.014988537063502972, 0.3991707933568439, 1.0, 0.34717524855816245, 0.05303228735949601, 0.5108219216015549, 0.39747168052969134, 0.32948610372441867, 0.1447411832335605, -0.24653798455386464, -0.21741357575802028, 0.12655803910900099, 0.27241298146883697, -0.031105622821685722, -0.31673899465539745, 0.12649488545966264, 0.023778815387775855, -0.2513329299460922, 0.13192015002103416, -0.2598664286727306, -0.03604998024814205, -0.1707710997104911, -0.07373803424523444, -0.26196809522509057], [-0.03286198058308956, 0.4351124468024216, 0.21525929536380708, 0.07175048094975787, -0.4752695661183303, 0.007588678801445658, 0.7077188435983873, 0.34717524855816245, 1.0, 0.6932370105563855, 0.5838414775877406, 0.5245946908766629, 0.05749540819287084, 0.29815221410990467, -0.5624172541675475, -0.09191261179016107, 0.6295753680678374, 0.12914575031981174, -0.352531959038027, 0.18155801206270808, 0.17983418409540172, 0.003888019092155647, 0.0788312405668952, -0.13252075909094468, -0.08357419411296042, 0.21920130548230107, 0.14451013217016426, -0.16923415067086586, -0.06547127757755909], [-0.25207061810451964, 0.15044523708747384, 0.2641035238510701, -0.20399499120444617, -0.6212719777081039, -0.25694782569630026, 0.5799814395146324, 0.05303228735949601, 0.6932370105563855, 1.0, 0.6356270879963547, 0.28721797458834025, 0.2306936741449826, -0.13935032914243084, -0.5388538208791633, -0.12258278367632047, 0.30129311882726584, 0.0681943952228602, -0.6175899649735987, -0.06794430497735654, -0.25943106701985214, 0.13962330816019777, 0.18111243870341392, -0.24775288719159247, 0.1959690375402412, 0.06965644732614558, -0.020732748201608843, -0.17425878838520542, -0.29004220383347035], [-0.25903551237149697, 0.08460930383309155, 0.17075621512831454, -0.18060724784712723, -0.517266024824344, -0.30814847567114056, 0.8254946123260695, 0.5108219216015549, 0.5838414775877406, 0.6356270879963547, 1.0, 0.5442785352659321, 0.13631671326067762, -0.1181612219630491, -0.617724391904288, -0.43040754007860965, 0.3540827732214187, 0.12900486616763138, -0.6799029461175194, -0.14089720792147475, -0.09882167164926407, -0.05787151208199893, -0.053798125861645375, -0.1055878938218472, 0.13786055685943296, -0.022600933393158214, -0.14948855054626342, -0.2446088681565607, -0.3841274360724487], [0.15482672665175284, 0.7450400198490301, 0.4062995030021525, 0.07182517795038136, -0.23071624942270585, 0.3344762440226039, 0.7891188020633484, 0.39747168052969134, 0.5245946908766629, 0.28721797458834025, 0.5442785352659321, 1.0, -0.02543228901328372, 0.18039115894751057, -0.22462707285442204, -0.0711209554860151, 0.6484543320880511, 0.37749930340578497, -0.003695970209966698, -0.012211225970769015, 0.447984182564523, 0.0247608416765239, 0.046555742702649755, -0.1966027536099373, -0.4524820862503475, 0.15541357823750587, 0.16203129398093405, 0.13340076836396475, 0.08871877700124611], [-0.31588710901341205, -0.004581069630681498, -0.4966256527330749, -0.4832271243096734, 0.12142150706162592, -0.18934714259218174, 0.09477952363303939, 0.32948610372441867, 0.05749540819287084, 0.2306936741449826, 0.13631671326067762, -0.02543228901328372, 1.0, 0.012820757854891908, 0.23024258673644168, -0.2003619093382065, -0.28797414029660073, -0.2977194511482207, -0.16354245423031394, -0.515461293996683, -0.4885892677300376, -0.05918251698384775, -0.3447523006309035, 0.09757054333941376, 0.059097706304891987, -0.6181884702481083, -0.3739068909226595, 0.03350864682492395, -0.3777874966434518], [0.1986587007799745, 0.33254588146753516, -0.17199461674868916, 0.1285223054411104, 0.5119326828907896, 0.4246146634843347, 0.14257769382726618, 0.1447411832335605, 0.29815221410990467, -0.13935032914243084, -0.1181612219630491, 0.18039115894751057, 0.012820757854891908, 1.0, 0.07323326337468919, 0.11430233654847542, 0.3902528281510949, 0.08694402743114846, 0.4444365430173421, 0.28846238902077903, 0.6438079653077657, 0.031116141742907572, 0.04995349063523238, 0.30452026151019085, -0.20467056480074772, 0.012842533443898935, 0.2691119897521198, 0.2346111410030253, 0.5129060708358502], [0.2834525311365678, 0.004990276579323245, -0.4561894647893944, 0.019709054054491835, 0.566773377598812, 0.21348764257657613, -0.45993445721149445, -0.24653798455386464, -0.5624172541675475, -0.5388538208791633, -0.617724391904288, -0.22462707285442204, 0.23024258673644168, 0.07323326337468919, 1.0, 0.4896674518491892, -0.4093471833986499, -0.042023956608441444, 0.5977714079513644, -0.24669396018776266, 0.11800107540010116, 0.1726835172402244, -0.2699015244339948, 0.1757771381626051, -0.31477990762372604, -0.14766970993850687, -0.06288681602834764, 0.2964013729749491, 0.19838237459330035], [0.36630366019536253, 0.31789112864256985, -0.04439042972926478, 0.5178341680440843, 0.13997736399854072, 0.34981851533632297, -0.3630969510621504, -0.21741357575802028, -0.09191261179016107, -0.12258278367632047, -0.43040754007860965, -0.0711209554860151, -0.2003619093382065, 0.11430233654847542, 0.4896674518491892, 1.0, -0.052904891684453906, 0.26037288700588834, 0.42027517804153147, 0.03808057584570626, 0.3297842712026088, 0.2541978717557495, 0.2690059100184851, -0.0527584983837392, -0.4653145797310301, 0.4002850128175513, 0.33648349618816564, 0.08760529578603321, 0.4726543523709043], [0.2679182962163995, 0.5714346940163719, 0.35752331807666543, 0.23660077991279488, -0.07826345112180581, 0.4678501697518717, 0.6710167515267528, 0.12655803910900099, 0.6295753680678374, 0.30129311882726584, 0.3540827732214187, 0.6484543320880511, -0.28797414029660073, 0.3902528281510949, -0.4093471833986499, -0.052904891684453906, 1.0, 0.3837240959229076, -0.0412533558305873, 0.3113763331468425, 0.488917603260995, 0.1031790846797315, 0.19604982657654654, -0.17351743111772425, -0.09416904931254381, 0.3886956787364402, 0.5028820852470782, -0.1581213917458416, 0.44752470352120904], [0.6902714819622336, 0.2492519404827811, 0.4159309942742863, 0.2571277402547677, -0.14842064860889387, 0.5221484048907727, 0.1849004872662643, 0.27241298146883697, 0.12914575031981174, 0.0681943952228602, 0.12900486616763138, 0.37749930340578497, -0.2977194511482207, 0.08694402743114846, -0.042023956608441444, 0.26037288700588834, 0.3837240959229076, 1.0, 0.4199399610826874, -0.23293982742131808, 0.5363235466437899, 0.6892323757039229, 0.4498542714253178, 0.09471809768713516, -0.40726773354910634, 0.6599051376855063, 0.24747712994430204, 0.12173972840989356, 0.24470520880890664], [0.6022215539620425, 0.2331799383721448, -0.01494159818840583, 0.26624379313066854, 0.575828963790882, 0.608020975176794, -0.4353287812330234, -0.031105622821685722, -0.352531959038027, -0.6175899649735987, -0.6799029461175194, -0.003695970209966698, -0.16354245423031394, 0.4444365430173421, 0.5977714079513644, 0.42027517804153147, -0.0412533558305873, 0.4199399610826874, 1.0, -0.07472279750361287, 0.6444889846377715, 0.39474053184711255, 0.1201015774598639, 0.17316326071382182, -0.5578920148898041, 0.25305643212586304, 0.28341512618163767, 0.4808554316995604, 0.4795226043057154], [-0.1641563486138892, 0.0006313507913954428, 0.18364054858830156, 0.4504409996573741, -0.09149824149722684, 0.12176255417426288, 0.04579725813302269, -0.31673899465539745, 0.18155801206270808, -0.06794430497735654, -0.14089720792147475, -0.012211225970769015, -0.515461293996683, 0.28846238902077903, -0.24669396018776266, 0.03808057584570626, 0.3113763331468425, -0.23293982742131808, -0.07472279750361287, 1.0, 0.1663014782974846, -0.44442489227936893, 0.11498688509704487, -0.23058003095832635, 0.1350381624233461, 0.2320602569435153, 0.3408736397146095, 0.0059183828990676856, 0.4679816335987647], [0.648892034506891, 0.5276690764066991, 0.2666478607482434, 0.4203578936030493, 0.31078596708979334, 0.5575935093732295, 0.13863058128600558, 0.12649488545966264, 0.17983418409540172, -0.25943106701985214, -0.09882167164926407, 0.447984182564523, -0.4885892677300376, 0.6438079653077657, 0.11800107540010116, 0.3297842712026088, 0.488917603260995, 0.5363235466437899, 0.6444889846377715, 0.1663014782974846, 1.0, 0.40289603967712606, 0.1244881306649743, 0.17441102938644248, -0.4819888666359883, 0.5217476352588059, 0.36108810974896755, 0.4372539004351217, 0.5239153619232175], [0.6951139697990565, 0.016901869362239846, 0.2015947095199867, 0.05670208520767208, 0.06568241394600306, 0.16743512839840907, -0.039712595787417045, 0.023778815387775855, 0.003888019092155647, 0.13962330816019777, -0.05787151208199893, 0.0247608416765239, -0.05918251698384775, 0.031116141742907572, 0.1726835172402244, 0.2541978717557495, 0.1031790846797315, 0.6892323757039229, 0.39474053184711255, -0.44442489227936893, 0.40289603967712606, 1.0, 0.1759299079816928, 0.037717101287850226, -0.08918593140964848, 0.5290552069327735, 0.0863107716506174, 0.31931490750572356, 0.10001695963139019], [0.3530415348794384, 0.04279019930455915, 0.6107497410511906, 0.4401257278218313, -0.2102161549153834, 0.37847136013131866, -0.03581465583747477, -0.2513329299460922, 0.0788312405668952, 0.18111243870341392, -0.053798125861645375, 0.046555742702649755, -0.3447523006309035, 0.04995349063523238, -0.2699015244339948, 0.2690059100184851, 0.19604982657654654, 0.4498542714253178, 0.1201015774598639, 0.11498688509704487, 0.1244881306649743, 0.1759299079816928, 1.0, -0.2958355346309201, -0.019392947283047902, 0.4627107453946097, 0.3827667065567018, -0.13590143480148248, 0.2810001714164911], [0.12512384418287076, 0.054990601635587104, -0.317615373153413, -0.35207424822240246, 0.22441293049620653, 0.08275970771125356, -0.2118258016127551, 0.13192015002103416, -0.13252075909094468, -0.24775288719159247, -0.1055878938218472, -0.1966027536099373, 0.09757054333941376, 0.30452026151019085, 0.1757771381626051, -0.0527584983837392, -0.17351743111772425, 0.09471809768713516, 0.17316326071382182, -0.23058003095832635, 0.17441102938644248, 0.037717101287850226, -0.2958355346309201, 1.0, -0.08288243091537123, -0.20355714276499587, -0.44905768943229524, 0.16904638799882774, -0.1364218737155287], [-0.27428568389906227, -0.5617101720216862, 0.03754280744350418, -0.20088002181589962, -0.05739971888799529, -0.4103329235903706, -0.009386344696196439, -0.2598664286727306, -0.08357419411296042, 0.1959690375402412, 0.13786055685943296, -0.4524820862503475, 0.059097706304891987, -0.20467056480074772, -0.31477990762372604, -0.4653145797310301, -0.09416904931254381, -0.40726773354910634, -0.5578920148898041, 0.1350381624233461, -0.4819888666359883, -0.08918593140964848, -0.019392947283047902, -0.08288243091537123, 1.0, -0.23095837009940592, -0.23038891238654866, -0.22059934292393316, -0.20706674484348706], [0.6948537602076458, 0.14103340171939166, 0.5371227469423555, 0.667352583725683, -0.3115276860405457, 0.2818455755631708, 0.01955222531077123, -0.03604998024814205, 0.21920130548230107, 0.06965644732614558, -0.022600933393158214, 0.15541357823750587, -0.6181884702481083, 0.012842533443898935, -0.14766970993850687, 0.4002850128175513, 0.3886956787364402, 0.6599051376855063, 0.25305643212586304, 0.2320602569435153, 0.5217476352588059, 0.5290552069327735, 0.4627107453946097, -0.20355714276499587, -0.23095837009940592, 1.0, 0.3106930605809137, 0.05113775622398271, 0.2578320323643734], [0.14813710730803448, 0.23687264085587367, 0.0996786473194862, 0.4913595047342366, 0.327191352372124, 0.3516728617241149, 0.11451604093792865, -0.1707710997104911, 0.14451013217016426, -0.020732748201608843, -0.14948855054626342, 0.16203129398093405, -0.3739068909226595, 0.2691119897521198, -0.06288681602834764, 0.33648349618816564, 0.5028820852470782, 0.24747712994430204, 0.28341512618163767, 0.3408736397146095, 0.36108810974896755, 0.0863107716506174, 0.3827667065567018, -0.44905768943229524, -0.23038891238654866, 0.3106930605809137, 1.0, -0.014498824405253973, 0.8208243200545726], [0.35483810327609344, 0.2830764904043457, 0.17738531333931284, 0.18567446420371436, 0.2555650697301508, 0.25133983414282535, -0.16947696683593427, -0.07373803424523444, -0.16923415067086586, -0.17425878838520542, -0.2446088681565607, 0.13340076836396475, 0.03350864682492395, 0.2346111410030253, 0.2964013729749491, 0.08760529578603321, -0.1581213917458416, 0.12173972840989356, 0.4808554316995604, 0.0059183828990676856, 0.4372539004351217, 0.31931490750572356, -0.13590143480148248, 0.16904638799882774, -0.22059934292393316, 0.05113775622398271, -0.014498824405253973, 1.0, 0.15768998284669433], [0.278592483367989, 0.2796453201224635, -0.02088523725745286, 0.4812368005996945, 0.5535084088186795, 0.5407052873163627, -0.045442054749317395, -0.26196809522509057, -0.06547127757755909, -0.29004220383347035, -0.3841274360724487, 0.08871877700124611, -0.3777874966434518, 0.5129060708358502, 0.19838237459330035, 0.4726543523709043, 0.44752470352120904, 0.24470520880890664, 0.4795226043057154, 0.4679816335987647, 0.5239153619232175, 0.10001695963139019, 0.2810001714164911, -0.1364218737155287, -0.20706674484348706, 0.2578320323643734, 0.8208243200545726, 0.15768998284669433, 1.0]]}, {"name": 1, "matrix": [[0.94, 0.23245641863057578, 0.3799797752589318, 0.5258638642516795, 0.14109980077876424, 0.6521938428111226, -0.09854350373143594, -0.03914291750062467, -0.03614817864139852, -0.28483979845810714, -0.27975835336121674, 0.1687611320504106, -0.28113952702193673, 0.17481965668637756, 0.2919561070706649, 0.39194491640903795, 0.2732766621407275, 0.7454932005192124, 0.6443770627393854, -0.17564729301686144, 0.6034695920914087, 0.7715765064769528, 0.30361571999631704, 0.13513375171750042, -0.2797713975770435, 0.729596448218028, 0.1688763023311593, 0.3016123877846794, 0.23680361086279061], [0.29391041436049814, 0.86, 0.28290381371288376, 0.16369424250149225, -0.0027486078878434235, 0.5452398009267838, 0.33125592178985414, 0.13186098226875237, 0.4960281893547606, 0.14292297523310016, 0.09645460636972436, 0.8195440218339332, -0.004260394756533793, 0.30594221095013235, 0.004441346155597688, 0.34650133022040114, 0.6342925103581729, 0.2542369792924367, 0.23084813898842335, 0.0006124102676535795, 0.5012856225863641, 0.019099112379331023, 0.04835292521415183, 0.048941635455672525, -0.5392417651408187, 0.1269300615474525, 0.23450391444731494, 0.2859072553083891, 0.2964240393298113], [0.39824803368484196, 0.273678689352681, 0.91, 0.318375360878249, -0.4950173337580762, 0.3336918668909742, 0.1634720668666479, -0.1905307083833138, 0.1915807728737883, 0.229770065750431, 0.18100158803601343, 0.37785853779200185, -0.4370305744051059, -0.19091402459104498, -0.4789989380288642, -0.03950748245904566, 0.3324966858112989, 0.4076123743888006, -0.015389846134058005, 0.17996773761653553, 0.263981382140761, 0.21369039209118593, 0.5435672695355597, -0.3398484492741519, 0.04167251626228965, 0.5263802920035084, 0.10167222026587593, 0.19867155094003042, -0.018796713531707573], [0.4297925813595458, 0.17278836708490847, 0.30852870023253, 1.08, -0.030766366430805808, 0.43660167151409207, -0.10719961860054923, -0.04268091104545249, 0.07175048094975787, -0.22643444023693526, -0.2022801175887825, 0.06679741549385466, -0.4494012256079963, 0.12338141322346598, 0.017343967567952815, 0.5437258764462886, 0.24843081890843463, 0.2674128498649584, 0.28754329658112204, 0.45494540965394786, 0.46239368296335426, 0.054434001799365195, 0.4181194414307397, -0.3133460809179382, -0.19083602072510464, 0.6940466870747103, 0.5011866948289213, 0.15968003921519436, 0.5245481126536671], [0.1292315932366252, -0.00232382303244944, -0.5414252087978959, -0.030766366430805808, 1.07, 0.1987231296532974, -0.29332689090678055, -0.10749492414197591, -0.4657641747959637, -0.6461228568164281, -0.5017480440796137, -0.23071624942270585, 0.10442249607299829, 0.5631259511798686, 0.6461216504626456, 0.13157872215862826, -0.08765506525642251, -0.13506279023409343, 0.6391701498078791, -0.08143343493253188, 0.33564884445697685, 0.05845734841194273, -0.20601183181707572, 0.19299512022673762, -0.05912171045463515, -0.2679138099948693, 0.36972622818050005, 0.27601027530856287, 0.5922539974359871], [0.6464222158835906, 0.5125254128711767, 0.2834904355887922, 0.4577959274128344, 0.21581759241917242, 0.85, -0.0400988853415987, -0.014688766322232911, 0.006450376981228809, -0.27236469523807827, -0.33588183848154324, 0.3043733820605696, -0.21585574255508716, 0.3991377836752746, 0.2156225190023419, 0.34981851533632297, 0.463171668054353, 0.5221484048907727, 0.6627428629427055, 0.11567442646554973, 0.49068228824844196, 0.16576077711442497, 0.4125337825431374, 0.08110451355702848, -0.4021262651185632, 0.2480241064955903, 0.3657397761930795, 0.2613934275085384, 0.48663475858472643], [-0.12912597040670915, 0.36401749647236714, 0.20719134056354213, -0.11841818333781601, -0.30608023398968404, -0.039272104200534806, 1.03, 0.4111459171575492, 0.6298697708025647, 0.6205801402806568, 0.8337495584493302, 0.8680306822696833, 0.1071008617053345, 0.12404259362972157, -0.413941011490345, -0.3558350120409074, 0.610625243889345, 0.19044750188425222, -0.3743827518604001, 0.04854509362100405, 0.1344716638474254, -0.03375570641930449, -0.03653094895422427, -0.2118258016127551, -0.010606569506701975, 0.020529836576309794, 0.10306443684413578, -0.1813403545144497, -0.039534587631906135], [-0.03751196260476532, 0.13902734000074976, -0.15938626566681055, -0.05044107669008022, -0.10391176000391004, -0.014388995580962852, 0.45106299649323356, 1.02, 0.3784210209283971, 0.05144131873871113, 0.577228771409757, 0.3458003620608315, 0.33607582579890705, 0.12881965307786886, -0.21941880625293952, -0.23698079757624213, 0.10757433324265084, 0.26151646221008346, -0.027995060539517152, -0.29139987508296566, 0.13281962973264577, 0.020449781233487233, -0.2865195401385451, 0.1200473365191411, -0.24947177152582134, -0.03460798103821637, -0.14515543475391743, -0.07668755561504381, -0.23839096665483242], [-0.030233022136442397, 0.44816582020649426, 0.182970401059236, 0.0645754328547821, -0.4420006964900472, 0.007588678801445658, 0.6511013361105163, 0.3367599911014176, 1.13, 0.769493081717588, 0.531295744604844, 0.49836495633282973, 0.05232082145551247, 0.27728155912221136, -0.6186589795843023, -0.08088309837534174, 0.6484626291098725, 0.14722615536458536, -0.34195600026688616, 0.16521779097706435, 0.17623750041349368, 0.003888019092155647, 0.08986761424626051, -0.13384596668185414, -0.09193161352425647, 0.1885131227147789, 0.15173563877867247, -0.17431117519099185, -0.06809012868066146], [-0.23442567483720328, 0.13840961812047595, 0.2746676648051129, -0.1815555421719571, -0.5467193403831315, -0.25694782569630026, 0.5451825531437544, 0.04825938149714137, 0.6932370105563855, 1.12, 0.7182586094358807, 0.32455631128482443, 0.2237728639206331, -0.11844777977106621, -0.5550194355055382, -0.11155033314545164, 0.31635777476862914, 0.07774161055406062, -0.6175899649735987, -0.05843210228052662, -0.2542424456794551, 0.125660977344178, 0.19741255818672118, -0.24775288719159247, 0.18813027603863156, 0.07035301179940703, -0.02259869553975364, -0.16206067319824105, -0.2523367173351192], [-0.2642162226189269, 0.09391632725473163, 0.175878901582164, -0.19324975519642615, -0.5586473068102916, -0.2680891738338923, 0.7594550433399839, 0.4750643870894461, 0.49626525594957954, 0.5529955665568286, 1.13, 0.5497213206185914, 0.12950087759764373, -0.11225316086489663, -0.6362561236614166, -0.3916708614715348, 0.3186744958992768, 0.1393252554610419, -0.666304887195169, -0.13807926376304525, -0.11068027224717578, -0.06423737841101881, -0.04841831327548084, -0.0981967412543179, 0.14337497913381028, -0.019662812052047646, -0.14948855054626342, -0.20791753793307657, -0.3726036129902752], [0.17650246838299824, 0.6556352174671465, 0.3697325477319588, 0.07685294040690806, -0.2330234119169329, 0.2976838571801175, 0.7970099900839819, 0.3378509284502376, 0.5036109032415963, 0.2929623340801071, 0.5660496766765694, 0.85, -0.027212549244213582, 0.20564592120016204, -0.2201345313973336, -0.07681063192489632, 0.609547072162768, 0.35484934520143785, -0.0032524537847706944, -0.011844889191645945, 0.45246402439016825, 0.021789540675341033, 0.044693512994543765, -0.2044668637543348, -0.5067799366003892, 0.13365567728425504, 0.17661411043921812, 0.1320667606803251, 0.08605721369120872], [-0.28113952702193673, -0.004947555201136018, -0.4966256527330749, -0.4832271243096734, 0.1372063029796373, -0.1855601997403381, 0.08719716174239624, 0.36572957513410476, 0.055195591865156005, 0.2560699783009307, 0.13495354612807084, -0.027212549244213582, 1.09, 0.013333588169087585, 0.20261347632806867, -0.2183944811786451, -0.2908538816995667, -0.3185598127285961, -0.14718820880728256, -0.49999745517678246, -0.5032469457619387, -0.06746806936158643, -0.3516473466435216, 0.10537618680656687, 0.05200598154830495, -0.6058247008431461, -0.31782085728426057, 0.03216830095192699, -0.36645387174414823], [0.22249774487357146, 0.3524986343555873, -0.17027467058120227, 0.13494842071316593, 0.48633604874625014, 0.43735310338886474, 0.13972613995072086, 0.12303000574852642, 0.3130598248153999, -0.15607236863952256, -0.12052444640231008, 0.20203809802121186, 0.011923304805049474, 1.14, 0.06810693493846096, 0.11201628981750592, 0.40586294127713873, 0.07998850523665658, 0.49332456274924974, 0.302885508471818, 0.7210649211446977, 0.030804980325478497, 0.052950700073346325, 0.2953846536648851, -0.22718432692882998, 0.012328832106142976, 0.2771853494446834, 0.2580722551033279, 0.5590676172110767], [0.26077632864564243, 0.005139984876702942, -0.44706567549360654, 0.020891597297761345, 0.49876057228695453, 0.1814644961900897, -0.4737324909278393, -0.2687264031637125, -0.47805466604241537, -0.5711850501319131, -0.673319587175674, -0.23585842649714317, 0.22333530913434843, 0.06957160020595472, 0.9, 0.5533242205895837, -0.4257210707345959, -0.04412515443886352, 0.5738605516333098, -0.2762972354102942, 0.11918108615410217, 0.1571420006886042, -0.2699015244339948, 0.1757771381626051, -0.3431100993098614, -0.15652989253481728, -0.0716909702723163, 0.3112214416236966, 0.18846325586363533], [0.4102600994188061, 0.2861020157783129, -0.049717281296776564, 0.4453373845179125, 0.1357780430785845, 0.31483666380269065, -0.38125179861525793, -0.19784635393979846, -0.09375086402596429, -0.11645364449250445, -0.47344829408647066, -0.0711209554860151, -0.2183944811786451, 0.11087326645202115, 0.4847707773306973, 0.93, -0.04708535359916398, 0.25516542926577057, 0.4496944405044387, 0.04188863343027689, 0.3330821139146349, 0.2643657866259795, 0.29590650102033367, -0.0527584983837392, -0.5071928919068228, 0.3642593616639717, 0.3734966807688639, 0.08585318987031254, 0.4726543523709043], [0.3000684917623675, 0.548577306255717, 0.3861251835227987, 0.2697248891005861, -0.08765506525642251, 0.4818856748444279, 0.5770744063130073, 0.1404794234109911, 0.6295753680678374, 0.3043060500155385, 0.30805201270263427, 0.6938461353342148, -0.25917672626694066, 0.3902528281510949, -0.4666557890744608, -0.047614402516008514, 1.14, 0.34918892728984596, -0.04537869141364603, 0.3362864397985899, 0.5133634834240447, 0.10421087552652882, 0.19016833177925013, -0.1544305136947746, -0.09981919227129644, 0.33816524050070296, 0.5280261895094321, -0.1581213917458416, 0.43857420945078485], [0.6074389041267656, 0.21435666881519175, 0.3618599650186291, 0.22112985661910023, -0.145452235636716, 0.46471208035278777, 0.19599451650224015, 0.23699929387788815, 0.14206032535179292, 0.07569577869737482, 0.13416506081433663, 0.3925992755420164, -0.2619931170104342, 0.09737731072288629, -0.03866204007976613, 0.2890139045765361, 0.3645378911267622, 0.99, 0.398942963028553, -0.22362223432446535, 0.4558750146472214, 0.6892323757039229, 0.3913732161400265, 0.09945400257149192, -0.3991223788781242, 0.5873155725401006, 0.22520418824931487, 0.11565274198939887, 0.2177876358399269], [0.6865325715167283, 0.19820294761632307, -0.01314860640579713, 0.2768935448558953, 0.5643123845150644, 0.5776199264179542, -0.42226891779603265, -0.029550341680601434, -0.38073451576106915, -0.5558309684762389, -0.6867019755786946, -0.0034372522952690293, -0.17335500148413277, 0.45332527387768895, 0.6814594050645554, 0.46650544762609997, -0.03836562092244619, 0.4535351579693024, 1.1, -0.0702394296533961, 0.7153827729479264, 0.4421093956687661, 0.11529751436146934, 0.17662652592809827, -0.5802076954853963, 0.2505258678046044, 0.31742494132343424, 0.509706757601534, 0.4267751178320867], [-0.1444575867802225, 0.000606096759739625, 0.15793087178593934, 0.43242335967107914, -0.08234841734750416, 0.13880931175865968, 0.042133477482380874, -0.3515802840674912, 0.16340221085643727, -0.07609762157463933, -0.12962543128775678, -0.010745878854276733, -0.49999745517678246, 0.32307787570327257, -0.22449150377086402, 0.032749295227307386, 0.3238313864727162, -0.19799885330812036, -0.0807006213039019, 0.98, 0.1895836852591324, -0.4977558793528932, 0.12993518015966068, -0.23288583126790963, 0.1255854910537119, 0.2645486929156074, 0.3306474305231712, 0.005622463754114301, 0.39778438855895], [0.7332479989927868, 0.5434991486989001, 0.24531603188838397, 0.3951364199868663, 0.2983545284062016, 0.5464416391857649, 0.13308535803456537, 0.13028973202345254, 0.1654474493677696, -0.27240262037084473, -0.08597485433485974, 0.3987059224824255, -0.4788174823754368, 0.5472367705116009, 0.102660935598088, 0.2968058440823479, 0.4400258429348955, 0.5095073693116003, 0.5478156369421058, 0.17794258177830852, 0.85, 0.3787222772964985, 0.11203931759847688, 0.1883639117373579, -0.47716897796962837, 0.5060952062010416, 0.3285901798715605, 0.41101866640901435, 0.5134370546847532], [0.7507230873829811, 0.015549719813260659, 0.2076425508055863, 0.04876379327859799, 0.06633923808546309, 0.1590633719784886, -0.03653558812442368, 0.02282766277226482, 0.004315701192292768, 0.1382270750785958, -0.04976950039051908, 0.022284757508871513, -0.060366167323524705, 0.033916594499769255, 0.1968592096538558, 0.2643657866259795, 0.10833803891371807, 0.6754477281898444, 0.4302671797133527, -0.4533133901249563, 0.3988670792803548, 0.96, 0.18824500154041132, 0.033568220146186704, -0.0936452279801309, 0.48673079037815165, 0.09235252566616063, 0.284190267680094, 0.09201560286087898], [0.3777544423209991, 0.03936698336019442, 0.5741047565881191, 0.43572447054361296, -0.19970534716961422, 0.3936102145365714, -0.03402392304560103, -0.2513329299460922, 0.07567799094421938, 0.19922368257375533, -0.04626638824101502, 0.04422795556751727, -0.3516473466435216, 0.04745581610347076, -0.27260053967833475, 0.3012866192207034, 0.21173381270267028, 0.4813440704250901, 0.12250360900906118, 0.11038740969316307, 0.13195741850487278, 0.16361481442297432, 1.06, -0.3283774434403213, -0.021138312538522216, 0.41181256340120265, 0.3636283712288667, -0.1250293200173639, 0.25571015598900687], [0.10885774443909756, 0.05938984976643408, -0.31126306569034473, -0.4013646429735388, 0.2019716374465859, 0.09351846971371651, -0.22029883367726533, 0.11345132901808938, -0.124569513545488, -0.26509558929500393, -0.11825844108046887, -0.21626302897093103, 0.0907406053056548, 0.2588422222836622, 0.1792926809258572, -0.049065403496877456, -0.19260434854067393, 0.10513708843272003, 0.19740611721375687, -0.2559438343637423, 0.16394636762325593, 0.04224315344239225, -0.3372525094792489, 0.95, -0.07127889058721926, -0.197450428482046, -0.42660480496068043, 0.17411777963879257, -0.14869984234992628], [-0.27428568389906227, -0.5336246634206018, 0.03266224247584864, -0.17074801854351468, -0.05510373013247548, -0.348782985051815, -0.010324979165816083, -0.2676624215329125, -0.09443883934764527, 0.18421089528782672, 0.14337497913381028, -0.44795726538784403, 0.06323454574623442, -0.19853044785672527, -0.28959751501382797, -0.4606614339337198, -0.08663552536754031, -0.4113404108845974, -0.5021028134008237, 0.1458412154172138, -0.4675292006369086, -0.09275336866603442, -0.021914030429844127, -0.09448597124352319, 0.86, -0.19631461458449503, -0.26033947099679994, -0.2161873560654545, -0.1905014052560081], [0.7782362114325634, 0.1269300615474525, 0.5854637941671675, 0.6072908511903715, -0.3115276860405457, 0.26775329678501225, 0.01759700277969411, -0.037131479655586316, 0.2411214360305312, 0.07174614074592994, -0.019662812052047646, 0.1352098130666301, -0.5625515079257786, 0.011943556102826009, -0.12847264764650096, 0.43631066397113094, 0.4236782898227198, 0.6203108294243759, 0.22268966027075948, 0.25990748777673717, 0.4904427771432775, 0.5713796234873955, 0.41181256340120265, -0.2178061427585456, -0.2448158723053703, 0.99, 0.2734098933112041, 0.054206021597421675, 0.23720546977522355], [0.1585067048195969, 0.21318537677028632, 0.10366579321226564, 0.4717051245448671, 0.3206475253246815, 0.3973903337482498, 0.1282579658504801, -0.1690633887133862, 0.12283361234463962, -0.02011076575556058, -0.15098343605172607, 0.1636516069207434, -0.3813850287411127, 0.2960231887273318, -0.0641445523489146, 0.3095648164931124, 0.48779562268966586, 0.2276789595487579, 0.2805809749198213, 0.3408736397146095, 0.37192075304143657, 0.08372144850109887, 0.40573270895010394, -0.4670199970095871, -0.20043835377629732, 0.35108315845643245, 0.92, -0.013773883184991275, 0.9111149952605757], [0.34774134121057154, 0.2491073115558242, 0.1614206351387747, 0.1578232945731572, 0.2248972613625327, 0.2714470208742514, -0.16439265783085624, -0.07373803424523444, -0.17938819971111783, -0.16206067319824105, -0.2128097152962078, 0.1347347760476044, 0.028482349801185358, 0.24634169805317657, 0.2756532768667027, 0.09987003719607786, -0.1739335309204258, 0.13878329038727863, 0.41834422557861756, 0.0063918535309931005, 0.47223421246993147, 0.31292860935560907, -0.12910636306140835, 0.14707035755898012, -0.19633341520230052, 0.04858086841278357, -0.015078777381464133, 0.89, 0.14665168404742573], [0.2451613853638303, 0.31879566493960837, -0.019214418276856632, 0.5149233766416731, 0.4704821474958775, 0.6164040275406534, -0.04998626022424914, -0.25672873332058876, -0.07398254366264177, -0.2610379834501233, -0.434064002761867, 0.09492909139133335, -0.3777874966434518, 0.47187358516898215, 0.22615590703636237, 0.439568547704941, 0.3803959979930277, 0.2765168859540645, 0.5370653168224013, 0.40246420489493767, 0.4610455184924314, 0.09801662043876239, 0.24166014741818234, -0.15279249856139215, -0.21327874718879167, 0.22431386815700485, 0.7879913472523897, 0.1529592833612935, 0.93]]}, {"name": 2, "matrix": [[1.08, 0.2341515253572677, 0.3765401490268641, 0.47802996944558895, 0.1363327156971578, 0.5806723457723173, -0.100844663898673, -0.03598451056982741, -0.04757749275125939, -0.240813234986242, -0.226988176257688, 0.1380894970636168, -0.2894046971406612, 0.18677618738900378, 0.310602181751399, 0.3240306342889544, 0.23723242468500116, 0.6470075472845859, 0.6059940347788567, -0.1829984287234618, 0.671393228364993, 0.7040752284771504, 0.329115276633341, 0.12963304618182095, -0.26995264004696073, 0.6839659882522986, 0.11419887557013533, 0.3454309034008957, 0.2605025752931254], [0.2965919321192057, 1.03, 0.2790618786273492, 0.19848329866032624, 0.041760289291863796, 0.6040913403198329, 0.3657318694062593, 0.15823991647455085, 0.3896010838986079, 0.11762649260540713, 0.06425297545167567, 0.7699662309848669, 0.01279945923004367, 0.3966431842269771, 0.02351370923934755, 0.35020875446156485, 0.4869113766002364, 0.25701607902214213, 0.23239185813662036, -0.018100949229930396, 0.49211327435420643, 0.01254415452982257, 0.05112908275462198, 0.052723696415819137, -0.5510783089318618, 0.08599727418275843, 0.24163481774855838, 0.23667684623378846, 0.26498664189731097], [0.32329204714427723, 0.2407592678353601, 0.95, 0.33493338479872703, -0.4142622996562523, 0.24614934699591462, 0.14373734106601813, -0.20891708129939382, 0.16247303835731272, 0.2166693720202783, 0.138462955306358, 0.40296691645008736, -0.42869021652352235, -0.16070292230179006, -0.4282069533231355, -0.06657170774755883, 0.33811932169149456, 0.44397233293585514, 0.022468478966152276, 0.18580687372561747, 0.27218392589531115, 0.2135424111123361, 0.5213919363512313, -0.2806451605184527, 0.0035157032825692647, 0.6101418986456162, 0.09630575095115053, 0.15990156869176633, -0.008497050114594989], [0.4249155283960791, 0.18430592018458863, 0.32861388697233596, 1.05, -0.013339469771661207, 0.407279021285252, -0.13546997930628504, -0.08725370544740703, 0.0788803917254967, -0.18683592692420486, -0.16622560694544083, 0.05263685682253459, -0.4332403172968863, 0.1194643826690406, 0.029443127759175552, 0.5486239375822335, 0.19743134847739996, 0.2299965885601701, 0.24650999544112656, 0.38677340540356686, 0.341876024190863, 0.05415472253059864, 0.4152857800093428, -0.41074619608833557, -0.1889424646245156, 0.6344657659778749, 0.5570603535765077, 0.1785440851229319, 0.42965414639021926], [0.13759505565731667, 0.047792331078466345, -0.5250533797968779, -0.016825922098345387, 0.85, 0.2032446929007226, -0.2936820477059458, -0.09986048665082407, -0.41739732075867725, -0.7021577183244948, -0.5514246351799864, -0.20140266168642518, 0.11012778333527999, 0.5045337790388672, 0.5519307256774818, 0.14930841679225543, -0.09297924111751774, -0.1410038258452418, 0.5644602570035946, -0.09701964105177954, 0.28184008882139666, 0.035988787266591264, -0.18799025332336852, 0.22921234748413968, -0.05178251526698182, -0.31216786433281046, 0.3376265992157112, 0.2799116339684556, 0.4877841349856034], [0.5059323408709299, 0.5828951529401897, 0.24614934699591462, 0.3729818405454413, 0.1859472722283207, 1.07, -0.04037445239408845, -0.017349740118088628, 0.00504410432203644, -0.2512895544618211, -0.3212286189744729, 0.28095907960269284, -0.16039000908051004, 0.4580865661753422, 0.225104355295604, 0.3558803164602233, 0.4139784998831136, 0.5148541686615208, 0.585838504605747, 0.11603468214641713, 0.4687455480593277, 0.19165770518385308, 0.4407310581333583, 0.07813886714823809, -0.41356271790475085, 0.2475902465937974, 0.35097463558977554, 0.24102057780020156, 0.6140650307273542], [-0.11995207390052683, 0.3484803661323791, 0.16497126645077081, -0.12041775938336446, -0.31036852768923817, -0.038230676160774024, 1.03, 0.384340762424083, 0.7525668370328086, 0.6203208702722239, 0.7346784557699193, 0.891337795447579, 0.1037918700267681, 0.15217372891883135, -0.4579932838560745, -0.3734981539357722, 0.5805127762983489, 0.1693369935315172, -0.4243916626965166, 0.0350224741187329, 0.11144526308085505, -0.001220284380096253, -0.024195663579535752, -0.2195607513974759, -0.023873170914580175, 0.041235013913840546, 0.11929855098134887, -0.150761973013642, -0.026249151860129348], [-0.04170931906957268, 0.16415542737079575, -0.19896864885656554, -0.07852833490266631, -0.11574738225436426, -0.014305926062283605, 0.3535935014301564, 1.03, 0.3698376251942912, 0.06514737344686748, 0.5454411316232821, 0.42201944565312977, 0.38540764751775936, 0.1263489752533025, -0.21171360524207117, -0.19889783394510704, 0.11176165818909506, 0.24109045393990886, -0.05355472164571126, -0.32868384573925324, 0.10411236419076361, 0.0368275826785957, -0.21070352399067402, 0.16481554726795308, -0.18034108967319487, -0.0434650325251372, -0.1701439638380644, -0.12188764078977565, -0.2793807217393914], [-0.05709299130151126, 0.47853176609285536, 0.17691508621129606, 0.06453850232086093, -0.4596060385882064, 0.00504410432203644, 0.7736668418094294, 0.28987273326039037, 0.89, 0.7354232576648485, 0.6342269732903477, 0.577269783195908, 0.0730537297529414, 0.2986239865234226, -0.5039880956769746, -0.09027136849139376, 0.6228448318586991, 0.13278620061120985, -0.3638915772092795, 0.16672695550886216, 0.1543147125455064, 0.025108716033906246, 0.07241027313458029, -0.13879738874898534, -0.06889734651717892, 0.20772232245969663, 0.14283221567357635, -0.15234650259405325, -0.0578386467951567], [-0.29839900856990853, 0.11762649260540713, 0.24403813480178715, -0.19098783641140943, -0.566653