{"stateborders": [11, 22, 31, 42, 53, 62], "nodes": [{"name": "DANLaIPS"}, {"name": "DANLFEF"}, {"name": "DANLpIPS"}, {"name": "DANRaIPS"}, {"name": "DANRFEF"}, {"name": "DANRpIPS"}, {"name": "DMNLAG"}, {"name": "DMNLHC"}, {"name": "DMNLlattemp"}, {"name": "DMNmPFC"}, {"name": "DMNPCC"}, {"name": "DMNRAG"}, {"name": "DMNRHC"}, {"name": "DMNRlattemp"}, {"name": "FPTCLdlPFC"}, {"name": "FPTCLfrontal"}, {"name": "FPTCLIPL"}, {"name": "FPTCLIPS"}, {"name": "FPTCRdlPFC"}, {"name": "FPTCRfrontal"}, {"name": "FPTCRIPL"}, {"name": "FPTCRIPS"}, {"name": "SALACC"}, {"name": "SALLFIC"}, {"name": "SALRFIC"}, {"name": "SENLSM"}, {"name": "SENLV1"}, {"name": "SENRSM"}, {"name": "SENRV1"}], "times": [{"name": 0, "matrix": [[1.0, 0.9357139143934657, 0.8740873074467009, 0.9663830911292509, 0.8656951953639384, 0.6853924119517097, 0.7355740692433316, 0.3346671021570032, 0.513058278241411, 0.5764075116639912, 0.7772610643490453, 0.385211781133973, 0.7629820649022916, 0.7719121263602969, 0.9756701807902172, 0.09436550208169456, 0.8990650713794309, 0.8009751676493337, 0.46996422366283847, 0.7701166387956816, 0.8097726399476486, 0.3966665652779284, 0.8353219355982219, -0.4679525519239757, 0.3176633801857098, 0.9395335792191779, 0.5925339834386334, -0.2593967668729565, 0.7259560284267245], [0.9357139143934657, 1.0, 0.8915949203489698, 0.922834991299775, 0.9664557680675726, 0.5913291044038691, 0.8500863577771632, 0.35068803636623624, 0.7477971097989325, 0.7253976246457848, 0.8679042858476788, 0.5980129162094499, 0.7672938286390523, 0.9080209429901656, 0.9132185866831898, -0.24418075508680126, 0.9019027682638077, 0.8875335490769086, 0.6244224384169905, 0.7396041492819809, 0.8896732442299765, 0.4041138225878476, 0.7854380162154293, -0.27885338367644985, 0.386699366783218, 0.9928602332698084, 0.6516865022431254, -0.4920857814860835, 0.8419552836173186], [0.8740873074467009, 0.8915949203489698, 1.0, 0.8861198233181382, 0.9274710054527016, 0.8357854274460291, 0.9158772878647842, 0.09763045639356933, 0.7261466354399319, 0.7214137966705394, 0.9169994685197949, 0.7342365191829772, 0.5694415992032555, 0.8803563557883937, 0.9326783925841755, -0.17254354474839195, 0.9489745399807153, 0.9714171072094963, 0.7658993644242174, 0.7636963052184196, 0.8907285189950862, 0.7292251358033012, 0.7934770623058894, -0.2751725851001403, 0.370140136414977, 0.9002838736747486, 0.5500903242664339, -0.29540995924867913, 0.8039291858193219], [0.9663830911292509, 0.922834991299775, 0.8861198233181382, 1.0, 0.8592663792701296, 0.7611278607027939, 0.7319979157928524, 0.2957100263019015, 0.5367442594928347, 0.5349233338065543, 0.7315586070444728, 0.4872906987856396, 0.7759751490863743, 0.8400429156246965, 0.9738354695643446, 0.08226085616061556, 0.9493090143188745, 0.8160571137205199, 0.5864655046486164, 0.8346721554438169, 0.8846366670184875, 0.5254518781549292, 0.7895652632761807, -0.3542983883965798, 0.49681061554988404, 0.907483485250384, 0.7009859078011773, -0.24355145214852505, 0.797706570889529], [0.8656951953639384, 0.9664557680675726, 0.9274710054527016, 0.8592663792701296, 1.0, 0.6418385272419479, 0.9464396279955942, 0.17120916126885413, 0.8549216145021914, 0.8344614146521584, 0.9451108396451192, 0.7419939826085299, 0.6320449919341207, 0.9308364925937408, 0.8766696239068361, -0.35187074905895777, 0.8995456660484541, 0.9635268420853013, 0.7467648316456084, 0.7437175959964016, 0.9237306069496733, 0.49701132333643727, 0.8168668217950389, -0.14282114821240716, 0.41744138451989443, 0.9735645220841931, 0.6316173172224593, -0.46365017829277255, 0.8822084254818354], [0.6853924119517097, 0.5913291044038691, 0.8357854274460291, 0.7611278607027939, 0.6418385272419479, 1.0, 0.7008493411428358, -0.2727979599432039, 0.44930511047522687, 0.5027676292606523, 0.654780945706045, 0.6108975751118094, 0.26182343056531526, 0.6156649954018287, 0.8084359819664332, 0.17233568107509012, 0.8581853954343063, 0.7617225121423128, 0.7478034033426089, 0.673073445741231, 0.7798554669510749, 0.867195754656679, 0.7425192749457561, -0.08058999146352908, 0.5679947837883201, 0.5901959498894966, 0.6133139126236126, 0.22997699969632557, 0.7077287300623274], [0.7355740692433316, 0.8500863577771632, 0.9158772878647842, 0.7319979157928524, 0.9464396279955942, 0.7008493411428358, 1.0, -0.10602994075604989, 0.9167859730687725, 0.9295288315303182, 0.983620587160864, 0.8473446031582074, 0.3627606364093707, 0.8404622540850489, 0.8015174383533786, -0.4421160868696388, 0.8676839016162056, 0.9768326099222738, 0.853457924979383, 0.600212845632667, 0.8982433244476553, 0.6103577127415455, 0.8214721784027093, 0.03222399526292571, 0.3971966191766764, 0.870489901705492, 0.5894373978498485, -0.34101439426140323, 0.8711998867584844], [0.3346671021570032, 0.35068803636623624, 0.09763045639356933, 0.2957100263019015, 0.17120916126885413, -0.2727979599432039, -0.10602994075604989, 1.0, -0.09981671697776215, -0.2632635389697924, -0.022333036533779615, -0.2210329660580927, 0.8041610281167992, 0.29920715718665847, 0.18594336493802263, -0.005189305130679614, 0.06040784728005334, 0.01789281750269493, -0.3222958067594169, 0.26722410478005765, -0.02002594439291501, -0.2541674110246989, -0.19604002683710225, -0.7044025126882695, -0.28849948855483226, 0.31726309934753916, -0.15271776050970454, -0.686620855441496, -0.10252185657292882], [0.513058278241411, 0.7477971097989325, 0.7261466354399319, 0.5367442594928347, 0.8549216145021914, 0.44930511047522687, 0.9167859730687725, -0.09981671697776215, 1.0, 0.9261518785708269, 0.8731612174381272, 0.9002649254948916, 0.2665039012704846, 0.7970803504749951, 0.5682352174577816, -0.7316789371082414, 0.7027638762703122, 0.8527959029779565, 0.8607787062197628, 0.39789075971495685, 0.817131735855725, 0.47087481057046127, 0.6188671414030525, 0.29458697535059897, 0.4353312100414309, 0.7461594200538998, 0.5990224087657136, -0.4971659543246122, 0.8522150618877468], [0.5764075116639912, 0.7253976246457848, 0.7214137966705394, 0.5349233338065543, 0.8344614146521584, 0.5027676292606523, 0.9295288315303182, -0.2632635389697924, 0.9261518785708269, 1.0, 0.9185800980624748, 0.7553969097647654, 0.1376603393486215, 0.6481114073242307, 0.6259176221682425, -0.5476794279867144, 0.7026256254196017, 0.830930262323976, 0.768029660962777, 0.33709072879887153, 0.7790990760732462, 0.37789748868128753, 0.7998597485913144, 0.24960741264337252, 0.3443818994528548, 0.7530783986008368, 0.5809825308717599, -0.27262292029315277, 0.8179161616039407], [0.7772610643490453, 0.8679042858476788, 0.9169994685197949, 0.7315586070444728, 0.9451108396451192, 0.654780945706045, 0.983620587160864, -0.022333036533779615, 0.8731612174381272, 0.9185800980624748, 1.0, 0.7595645823313781, 0.3973793902977564, 0.8031500747692741, 0.8192873478344614, -0.40994913614497175, 0.8437608706161689, 0.9608408959896392, 0.7556003567516423, 0.5683411531856036, 0.840936556341647, 0.5366993412906494, 0.8292796635824384, -0.10181610399820153, 0.2570402316319949, 0.8972615263883997, 0.5025335961964783, -0.37346628147630734, 0.805473441026444], [0.385211781133973, 0.5980129162094499, 0.7342365191829772, 0.4872906987856396, 0.7419939826085299, 0.6108975751118094, 0.8473446031582074, -0.2210329660580927, 0.9002649254948916, 0.7553969097647654, 0.7595645823313781, 1.0, 0.17532872300874267, 0.7940390511636279, 0.5040660798788457, -0.643078766054963, 0.6905873801229112, 0.8331715481977328, 0.9632595827775108, 0.4643940281640473, 0.7914283910469329, 0.758117298550652, 0.47612033004259935, 0.34055451165575173, 0.5481217435163693, 0.5828828220770698, 0.5540097184115114, -0.3478336605561579, 0.7981719329424962], [0.7629820649022916, 0.7672938286390523, 0.5694415992032555, 0.7759751490863743, 0.6320449919341207, 0.26182343056531526, 0.3627606364093707, 0.8041610281167992, 0.2665039012704846, 0.1376603393486215, 0.3973793902977564, 0.17532872300874267, 1.0, 0.7293997086102393, 0.667578249661053, 0.044460418228777075, 0.5826132138558305, 0.499280297990833, 0.16060654033902916, 0.749136483727212, 0.5346884560575507, 0.13131194294033544, 0.33788185857320124, -0.5996188419927426, 0.1970278972820019, 0.736800133188886, 0.3459524427133579, -0.5864772600766311, 0.4339947832046344], [0.7719121263602969, 0.9080209429901656, 0.8803563557883937, 0.8400429156246965, 0.9308364925937408, 0.6156649954018287, 0.8404622540850489, 0.29920715718665847, 0.7970803504749951, 0.6481114073242307, 0.8031500747692741, 0.7940390511636279, 0.7293997086102393, 1.0, 0.7937725370287265, -0.3790403052160142, 0.8600440238007899, 0.9085516950972817, 0.771886049213653, 0.8144532394000175, 0.9035954008938378, 0.5938603341377862, 0.6083840945733986, -0.12885302875353924, 0.5195317120140617, 0.8862388884543233, 0.6225902600944003, -0.5555209220579082, 0.8470289400815703], [0.9756701807902172, 0.9132185866831898, 0.9326783925841755, 0.9738354695643446, 0.8766696239068361, 0.8084359819664332, 0.8015174383533786, 0.18594336493802263, 0.5682352174577816, 0.6259176221682425, 0.8192873478344614, 0.5040660798788457, 0.667578249661053, 0.7937725370287265, 1.0, 0.07212611941907765, 0.9616092619314055, 0.8635464933177598, 0.6016599535294718, 0.7770801598879667, 0.8715609682530269, 0.5584965706778822, 0.8615012755739816, -0.37648152805743057, 0.3880811933490222, 0.9184562287927508, 0.6306390650363939, -0.19332215142151288, 0.7772545903027246], [0.09436550208169456, -0.24418075508680126, -0.17254354474839195, 0.08226085616061556, -0.35187074905895777, 0.17233568107509012, -0.4421160868696388, -0.005189305130679614, -0.7316789371082414, -0.5476794279867144, -0.40994913614497175, -0.643078766054963, 0.044460418228777075, -0.3790403052160142, 0.07212611941907765, 1.0, -0.09360302594042838, -0.3445130684112259, -0.478918217580862, 0.16601162444537892, -0.24631110595104072, -0.11292554013807553, 0.044464696540304105, -0.4265661198475467, -0.037082645767126825, -0.22754386656821612, -0.11079639950499912, 0.6636702886605598, -0.33580287828677713], [0.8990650713794309, 0.9019027682638077, 0.9489745399807153, 0.9493090143188745, 0.8995456660484541, 0.8581853954343063, 0.8676839016162056, 0.06040784728005334, 0.7027638762703122, 0.7026256254196017, 0.8437608706161689, 0.6905873801229112, 0.5826132138558305, 0.8600440238007899, 0.9616092619314055, -0.09360302594042838, 1.0, 0.9132416445420825, 0.7864916028835564, 0.749031531513385, 0.9564911976391289, 0.6899496173770714, 0.835413753111647, -0.15352334410474677, 0.5529193557863844, 0.8908351101889156, 0.7490988001439689, -0.20531920565344006, 0.8899422224798551], [0.8009751676493337, 0.8875335490769086, 0.9714171072094963, 0.8160571137205199, 0.9635268420853013, 0.7617225121423128, 0.9768326099222738, 0.01789281750269493, 0.8527959029779565, 0.830930262323976, 0.9608408959896392, 0.8331715481977328, 0.499280297990833, 0.9085516950972817, 0.8635464933177598, -0.3445130684112259, 0.9132416445420825, 1.0, 0.8366942658605588, 0.730138960599246, 0.9175470715848203, 0.6820410504639115, 0.7940956101339924, -0.10838026154312635, 0.4093917778971143, 0.9016344667942033, 0.5708431448432436, -0.3694245570269692, 0.8558945006913974], [0.46996422366283847, 0.6244224384169905, 0.7658993644242174, 0.5864655046486164, 0.7467648316456084, 0.7478034033426089, 0.853457924979383, -0.3222958067594169, 0.8607787062197628, 0.768029660962777, 0.7556003567516423, 0.9632595827775108, 0.16060654033902916, 0.771886049213653, 0.6016599535294718, -0.478918217580862, 0.7864916028835564, 0.8366942658605588, 1.0, 0.5002040379458421, 0.8688684304384533, 0.8046932629242529, 0.6049684765822153, 0.3784849013676371, 0.6906567163745693, 0.6031262718738715, 0.7165268312845919, -0.1587326399193381, 0.8825140846623186], [0.7701166387956816, 0.7396041492819809, 0.7636963052184196, 0.8346721554438169, 0.7437175959964016, 0.673073445741231, 0.600212845632667, 0.26722410478005765, 0.39789075971495685, 0.33709072879887153, 0.5683411531856036, 0.4643940281640473, 0.749136483727212, 0.8144532394000175, 0.7770801598879667, 0.16601162444537892, 0.749031531513385, 0.730138960599246, 0.5002040379458421, 1.0, 0.7526323613910347, 0.5006682073663601, 0.6153938519718257, -0.33427122121382247, 0.5080608673436093, 0.7418902803997464, 0.4922137528885689, -0.20812695800996756, 0.6352256782399296], [0.8097726399476486, 0.8896732442299765, 0.8907285189950862, 0.8846366670184875, 0.9237306069496733, 0.7798554669510749, 0.8982433244476553, -0.02002594439291501, 0.817131735855725, 0.7790990760732462, 0.840936556341647, 0.7914283910469329, 0.5346884560575507, 0.9035954008938378, 0.8715609682530269, -0.24631110595104072, 0.9564911976391289, 0.9175470715848203, 0.8688684304384533, 0.7526323613910347, 1.0, 0.6338566644150805, 0.822378680491748, 0.07207001003026442, 0.6917587253112546, 0.8743626495898014, 0.8338333658653139, -0.252360481886624, 0.9712304435867597], [0.3966665652779284, 0.4041138225878476, 0.7292251358033012, 0.5254518781549292, 0.49701132333643727, 0.867195754656679, 0.6103577127415455, -0.2541674110246989, 0.47087481057046127, 0.37789748868128753, 0.5366993412906494, 0.758117298550652, 0.13131194294033544, 0.5938603341377862, 0.5584965706778822, -0.11292554013807553, 0.6899496173770714, 0.6820410504639115, 0.8046932629242529, 0.5006682073663601, 0.6338566644150805, 1.0, 0.39007263719327756, 0.0314729804293447, 0.4774145402585045, 0.383090992369062, 0.4157105495094468, 0.055242593031212525, 0.5669266724537675], [0.8353219355982219, 0.7854380162154293, 0.7934770623058894, 0.7895652632761807, 0.8168668217950389, 0.7425192749457561, 0.8214721784027093, -0.19604002683710225, 0.6188671414030525, 0.7998597485913144, 0.8292796635824384, 0.47612033004259935, 0.33788185857320124, 0.6083840945733986, 0.8615012755739816, 0.044464696540304105, 0.835413753111647, 0.7940956101339924, 0.6049684765822153, 0.6153938519718257, 0.822378680491748, 0.39007263719327756, 1.0, -0.05405769782893096, 0.45216448487666105, 0.8172704364653621, 0.6864782026653232, 0.06625454172035214, 0.8045706244374231], [-0.4679525519239757, -0.27885338367644985, -0.2751725851001403, -0.3542983883965798, -0.14282114821240716, -0.08058999146352908, 0.03222399526292571, -0.7044025126882695, 0.29458697535059897, 0.24960741264337252, -0.10181610399820153, 0.34055451165575173, -0.5996188419927426, -0.12885302875353924, -0.37648152805743057, -0.4265661198475467, -0.15352334410474677, -0.10838026154312635, 0.3784849013676371, -0.33427122121382247, 0.07207001003026442, 0.0314729804293447, -0.05405769782893096, 1.0, 0.5210850365212283, -0.3053529611969241, 0.3607980000662842, 0.2582068250696921, 0.2375369686605426], [0.3176633801857098, 0.386699366783218, 0.370140136414977, 0.49681061554988404, 0.41744138451989443, 0.5679947837883201, 0.3971966191766764, -0.28849948855483226, 0.4353312100414309, 0.3443818994528548, 0.2570402316319949, 0.5481217435163693, 0.1970278972820019, 0.5195317120140617, 0.3880811933490222, -0.037082645767126825, 0.5529193557863844, 0.4093917778971143, 0.6906567163745693, 0.5080608673436093, 0.6917587253112546, 0.4774145402585045, 0.45216448487666105, 0.5210850365212283, 1.0, 0.32615540572072943, 0.8923711177651438, 0.19719267984342947, 0.7587869345556286], [0.9395335792191779, 0.9928602332698084, 0.9002838736747486, 0.907483485250384, 0.9735645220841931, 0.5901959498894966, 0.870489901705492, 0.31726309934753916, 0.7461594200538998, 0.7530783986008368, 0.8972615263883997, 0.5828828220770698, 0.736800133188886, 0.8862388884543233, 0.9184562287927508, -0.22754386656821612, 0.8908351101889156, 0.9016344667942033, 0.6031262718738715, 0.7418902803997464, 0.8743626495898014, 0.383090992369062, 0.8172704364653621, -0.3053529611969241, 0.32615540572072943, 1.0, 0.5978536635136497, -0.4803190925977019, 0.8158867659146243], [0.5925339834386334, 0.6516865022431254, 0.5500903242664339, 0.7009859078011773, 0.6316173172224593, 0.6133139126236126, 0.5894373978498485, -0.15271776050970454, 0.5990224087657136, 0.5809825308717599, 0.5025335961964783, 0.5540097184115114, 0.3459524427133579, 0.6225902600944003, 0.6306390650363939, -0.11079639950499912, 0.7490988001439689, 0.5708431448432436, 0.7165268312845919, 0.4922137528885689, 0.8338333658653139, 0.4157105495094468, 0.6864782026653232, 0.3607980000662842, 0.8923711177651438, 0.5978536635136497, 1.0, 0.048503021650047246, 0.9027480129803997], [-0.2593967668729565, -0.4920857814860835, -0.29540995924867913, -0.24355145214852505, -0.46365017829277255, 0.22997699969632557, -0.34101439426140323, -0.686620855441496, -0.4971659543246122, -0.27262292029315277, -0.37346628147630734, -0.3478336605561579, -0.5864772600766311, -0.5555209220579082, -0.19332215142151288, 0.6636702886605598, -0.20531920565344006, -0.3694245570269692, -0.1587326399193381, -0.20812695800996756, -0.252360481886624, 0.055242593031212525, 0.06625454172035214, 0.2582068250696921, 0.19719267984342947, -0.4803190925977019, 0.048503021650047246, 1.0, -0.2015706935956246], [0.7259560284267245, 0.8419552836173186, 0.8039291858193219, 0.797706570889529, 0.8822084254818354, 0.7077287300623274, 0.8711998867584844, -0.10252185657292882, 0.8522150618877468, 0.8179161616039407, 0.805473441026444, 0.7981719329424962, 0.4339947832046344, 0.8470289400815703, 0.7772545903027246, -0.33580287828677713, 0.8899422224798551, 0.8558945006913974, 0.8825140846623186, 0.6352256782399296, 0.9712304435867597, 0.5669266724537675, 0.8045706244374231, 0.2375369686605426, 0.7587869345556286, 0.8158867659146243, 0.9027480129803997, -0.2015706935956246, 1.0]]}, {"name": 1, "matrix": [[0.93, 0.8608568012419885, 0.7604559574786298, 0.9180639365727883, 0.9003230031784959, 0.7128081084297782, 0.7576412913206315, 0.33801377317857323, 0.4822747815469263, 0.5418230609641517, 0.6684445153401789, 0.3505427208319154, 0.7019434997101083, 0.8336650964691208, 0.8781031627111955, 0.08775991693597594, 0.7642053106725163, 0.8169946710023205, 0.47936350813609524, 0.7855189715715952, 0.9231408095403193, 0.3966665652779284, 0.8019090581742929, -0.46327302640473594, 0.3462530844024237, 1.0146962655567122, 0.5155045655916111, -0.2749605728853339, 0.6678795461525865], [1.0667138624085508, 0.89, 0.8470151743315213, 0.8028664424308042, 0.8988038643028425, 0.5085430297873275, 0.952096720710423, 0.3086054720022879, 0.7178852254069752, 0.6818737671670377, 0.9894108858663537, 0.6458539495062059, 0.8440232115029576, 0.8717001052705589, 0.8401610997485346, -0.2344135248833292, 0.8297505468027031, 0.9940375749661378, 0.6056897652644808, 0.77658435674608, 0.987537301095274, 0.3515790256514274, 0.7618748757289664, -0.29000751902350785, 0.33256145543356747, 0.9233600169409218, 0.6516865022431254, -0.46748149241177933, 0.8082770722726259], [0.8740873074467009, 0.829183275924542, 1.09, 0.9304258144840452, 0.9274710054527016, 0.8525011359949497, 0.8975597421074885, 0.08493849706240532, 0.6535319718959387, 0.7935551763375934, 0.9353394578901908, 0.7415788843748069, 0.6320801751156138, 0.9419813006935813, 0.9606587443617008, -0.1570146257210367, 0.9110155583814867, 0.8839895675606416, 0.8348303072223969, 0.6796897116443934, 0.9887086560845457, 0.7073483817292021, 0.825216144798125, -0.2751725851001403, 0.3257233200451798, 1.0263236159892133, 0.5610921307517626, -0.28950176006370554, 0.9084399799758337], [0.9953745838631285, 0.9412916911257705, 0.859536228618594, 1.08, 0.9366003534044414, 0.6545699602044027, 0.6880780408452812, 0.28388162524982546, 0.45623262056890945, 0.5242248671304233, 0.7681365373966965, 0.5019094197492088, 0.8846116699584666, 0.8736446322496844, 0.9640971148687012, 0.08555129040704018, 1.006267555178007, 0.9303051096413927, 0.6568413652064504, 0.8012852692260642, 0.7961730003166388, 0.5149428405918306, 0.8527304843382753, -0.3720133078164088, 0.5464916771048725, 1.0163815034804302, 0.7921140758153303, -0.23137387954109878, 0.6940047166738902], [0.7704687238739052, 0.8504810758994639, 0.9831192657798637, 0.7991177327212206, 0.94, 0.6739304536040454, 1.00322600567533, 0.1780575277196083, 0.7865278853420161, 0.7176368166008562, 0.8316975388877049, 0.7494139224346152, 0.6446858917728031, 0.8749863030381163, 0.9818699787756565, -0.3659455790213161, 0.8995456660484541, 1.0984205999772434, 0.6870236451139597, 0.6916573642766536, 1.0438155858531308, 0.5516825689034455, 0.8168668217950389, -0.14424935969453123, 0.450836695281486, 0.983300167305035, 0.5431908928113149, -0.5100151961220498, 0.7498771616595601], [0.6031453225175046, 0.5203696118754048, 0.9277218244650924, 0.73829402488171, 0.6354201419695285, 1.08, 0.7358918081999777, -0.3000777559375243, 0.5077147748370063, 0.5681274210645371, 0.5696594227642591, 0.6597693811207542, 0.2670598991766216, 0.6464482451719202, 0.6871705846714682, 0.18956924918259915, 0.8925128112516786, 0.8531292135993904, 0.7627594714094611, 0.7269193214005295, 0.6940713655864567, 0.9365714150292134, 0.7053933111984683, -0.0781722917196232, 0.4998354097337217, 0.6669214233751312, 0.588781356118668, 0.23687630968721535, 0.6581877189579645], [0.7649970320130649, 0.969098447865966, 0.8884009692288406, 0.7100379783190669, 0.8896532503158585, 0.644781393851409, 0.9, -0.10178874312580789, 1.0268002898370254, 0.8644618133231959, 1.0524740282621246, 0.8642914952213715, 0.3736434555016518, 0.7143929159722916, 0.7053353457509732, -0.48632769555660277, 0.7375313163737747, 0.8791493489300465, 0.8193196079802076, 0.6722383871085871, 0.9072257576921319, 0.5920469813592991, 0.7557544041304926, 0.036413114647106046, 0.41705645013551024, 0.9836535889272059, 0.6248036417208395, -0.3580651139744734, 0.8102158946853905], [0.3045470629628729, 0.38224995963919756, 0.09274893357389086, 0.3252810289320917, 0.17634543610691977, -0.30280573553695633, -0.11981383305433636, 1.02, -0.10480755282665026, -0.25536563280069857, -0.025236331283170963, -0.2210329660580927, 0.7800361972732952, 0.2752705846117258, 0.17106789574298084, -0.004722267668918449, 0.06826086742646027, 0.015208894877290689, -0.34807947130017025, 0.2832575510668611, -0.01922490661719841, -0.23637569225297, -0.19604002683710225, -0.7184905629420348, -0.29715447321147725, 0.3585073022627192, -0.13897316206383115, -0.6042263527885164, -0.10764794940157527], [0.5797558544127944, 0.6954513121130073, 0.6898393036679352, 0.5957861280370466, 0.8634708306472133, 0.4582912126847314, 0.7884359368391444, -0.09083321244976356, 1.04, 1.0095055476422015, 0.9430141148331775, 0.7832304851805557, 0.25051366719425555, 0.6854891014084958, 0.5341411044103147, -0.6585110433974173, 0.6043769335924685, 0.8357399849183973, 0.8263475579709723, 0.3581016837434612, 0.8089604184971677, 0.41907858140771054, 0.6498104984732052, 0.2503989290480091, 0.37438484063563054, 0.8058521736582118, 0.5870419605903993, -0.447449358892151, 0.7925600075556045], [0.6455764130636702, 0.6746197909205799, 0.7719127624374772, 0.5723679671730132, 0.742670659040421, 0.5228783344310785, 0.9388241198456214, -0.23693718507281314, 0.8520597282851609, 1.06, 0.9277658990430995, 0.8535985080341848, 0.14867316649651124, 0.5833002665918077, 0.6509543270549722, -0.569586605106183, 0.6885731129112097, 0.830930262323976, 0.7603493643531493, 0.3067525632069731, 0.8647999744413034, 0.32877081515272016, 0.8718471259645327, 0.227142745505469, 0.36848863241455465, 0.655178206782728, 0.639080783958936, -0.25081308666970054, 0.8751702929162165], [0.6606719046966885, 0.9286575858570163, 0.9169994685197949, 0.6291404020582466, 0.8789530808699609, 0.5696594227642591, 1.0819826458769504, -0.02099305434175284, 0.7596502591711707, 0.9553233019849737, 0.88, 0.8431166863878298, 0.42519594761859936, 0.8272445770123524, 0.8684445887045291, -0.4181481188678712, 0.8184480444976838, 0.8935820332703645, 0.7404883496166094, 0.5058236263351873, 0.85775528746848, 0.574268295180995, 0.9122076299406824, -0.1069069091981116, 0.23647701310143532, 0.8165079890134438, 0.42715355676700656, -0.40707824680917504, 0.6927071592827418], [0.43914143049272913, 0.6398738203441113, 0.8223449014849346, 0.4726719778220704, 0.7865136215650417, 0.5925706478584551, 0.7795570349055508, -0.19450901013112157, 0.8372463807102491, 0.7553969097647654, 0.835521040564516, 1.11, 0.16130242516804325, 0.7860986606519916, 0.529269383872788, -0.6688019166971615, 0.6215286421106201, 0.8914935565715741, 1.0403203493997117, 0.4643940281640473, 0.8389140945097489, 0.7050490876521064, 0.47612033004259935, 0.33714896653919424, 0.4987907865998961, 0.5712251656355284, 0.47644835783389977, -0.35826867037284266, 0.877989126236746], [0.7935013474983833, 0.7903126434982238, 0.5922192631713857, 0.6673386282142819, 0.6257245420147795, 0.2722963677879279, 0.3990367000503078, 0.8684939103661432, 0.25051366719425555, 0.13353052916816285, 0.34969386346202563, 0.18584844638926723, 1.1, 0.8023396794712633, 0.7410118571237688, 0.05024027259851809, 0.5942654781329472, 0.544215524810008, 0.16060654033902916, 0.7416451188899399, 0.5988510707844568, 0.13919065951675558, 0.38518531877344936, -0.5576455230532507, 0.21673068701020212, 0.6778561225337751, 0.2940595763063542, -0.5160999888674355, 0.4079550962123563], [0.8645415815235327, 0.9988230372891822, 0.8011242837674383, 0.7308373365934859, 1.051845236630927, 0.6033516954937922, 0.7816298962990955, 0.2722785130398592, 0.8767883855224947, 0.7388470043496229, 0.7710240717785032, 0.8258006132101731, 0.7075177173519321, 1.13, 0.8334611638801629, -0.4245251418419359, 0.851443583562782, 0.7904399747346351, 0.7796049097057896, 0.798164174612017, 0.9487751709385298, 0.5582287140895189, 0.5232103213331227, -0.10952507444050835, 0.5299223462543429, 0.7533030551861748, 0.6163643574934563, -0.6166282234842781, 0.8300883612799388], [0.8585897590953911, 0.803632356281207, 0.8860444729549667, 1.0809573712164227, 0.9205031051021779, 0.7033393043107968, 0.7293808689015746, 0.2119754360293458, 0.6023293305052485, 0.6008809172815128, 0.7701301069643938, 0.43349682869580725, 0.6074962071915582, 0.690582107214992, 1.12, 0.07861747016679464, 0.8846805209768931, 0.8635464933177598, 0.6076765530647665, 0.676059739102531, 0.8279829198403755, 0.5808364335049975, 0.8098111990395427, -0.4291889419854708, 0.43077012461741465, 0.9551944779444609, 0.5486559865816627, -0.17012349325093135, 0.6839840394663976], [0.10663301735231484, -0.2148790644763851, -0.17254354474839195, 0.07897042191419093, -0.35538945654954734, 0.18956924918259915, -0.45980073034442437, -0.0050336259767592255, -0.7536293052214886, -0.531249045147113, -0.4017501534220723, -0.643078766054963, 0.044905022411064845, -0.32976506553793233, 0.06491350747716988, 0.99, -0.08892287464340695, -0.31695202293832786, -0.4262372136469672, 0.16601162444537892, -0.22906932853446788, -0.12421809415188309, 0.03868428599006457, -0.3753781854658411, -0.04042008388616824, -0.20023860258003018, -0.10747250751984914, 0.6304867742275317, -0.3257287919381738], [0.8810837699518423, 0.9019027682638077, 0.8445873405828367, 0.8164057523142321, 0.9085411227089386, 0.8066942717082478, 0.8069460285030712, 0.06403231811685654, 0.7519573476092342, 0.6464155753860336, 0.7678223922607137, 0.7596461181352024, 0.6350484031028554, 0.8686444640387978, 1.057770188124546, -0.09360302594042838, 0.99, 0.8219174800878742, 0.7864916028835564, 0.7115799549377156, 0.8225824299696509, 0.7175476020721543, 0.8688303032361129, -0.14584717689950943, 0.5473901622285205, 0.8730184079851373, 0.6816799081310118, -0.18273409303156166, 0.9255399113790493], [0.688838644178427, 0.9496608975122923, 1.1074155022188257, 0.7915754003089043, 1.0117031841895663, 0.830277538235121, 0.9475276316246056, 0.020397811953072217, 0.78457223073972, 0.8475488675704556, 1.0953586214281885, 0.7748495398238915, 0.559193933749733, 0.7813544577836623, 0.837640098518227, -0.3651838525158995, 0.8036526471970326, 1.06, 0.8366942658605588, 0.8104542462651632, 0.9909508373116059, 0.6479389979407159, 0.8735051711473918, -0.11705068246657648, 0.45033095568682574, 0.9376998454659715, 0.4909251045651895, -0.4026727671593964, 0.7788639956291716], [0.512261003792494, 0.5932013164961409, 0.6816504343375535, 0.5160896440907824, 0.7691677765949766, 0.6431109268746437, 0.9729420344764965, -0.32874172289460524, 0.903817641530751, 0.7833902541820326, 0.732932346049093, 0.9728921786052859, 0.1766671943729321, 0.8567935146271549, 0.5475105577118193, -0.40708048494373267, 0.7078424425952007, 0.9203636924466148, 1.14, 0.5402203609815095, 0.929689220569145, 0.8529748586997081, 0.6594156394746148, 0.37470005235396076, 0.697563283538315, 0.6332825854675651, 0.6592046847818246, -0.16984392471369175, 0.9795906339751738], [0.839427136287293, 0.6286635268896837, 0.8018811204793406, 0.7178180536816825, 0.6693458363967615, 0.7269193214005295, 0.510180918787767, 0.22714048906304898, 0.377996221729209, 0.3168652850709392, 0.6365420915678761, 0.5154773712620926, 0.6892055650290351, 0.838886836582018, 0.8625589774756431, 0.14276999702302587, 0.7715024774587865, 0.8250570254771479, 0.4301754726334242, 0.96, 0.6623164780241105, 0.49065484321903285, 0.646163544570417, -0.34429935785023713, 0.44201295458894013, 0.7641469888117388, 0.5562015407640828, -0.19772061010946917, 0.5462940832863394], [0.8502612719450311, 0.9430536388837751, 0.9887086560845457, 0.9023294003588573, 0.8867813826716864, 0.7174670295949889, 1.006032523381374, -0.01962542550505671, 0.8416456879313967, 0.8336360113983735, 0.9586676742294775, 0.8468283784202182, 0.5560759942998527, 0.975883032965345, 0.8279829198403755, -0.2561635501890824, 0.9564911976391289, 0.9358980130165168, 0.781981587394608, 0.6848954488658416, 1.09, 0.5641324313294216, 0.8881689749310879, 0.06774580942844854, 0.6433356145394669, 0.7519518786472291, 0.8338333658653139, -0.2700257156186877, 0.8352581814846133], [0.40856656223626625, 0.3798669932325767, 0.685471627655103, 0.5622335096257743, 0.5516825689034455, 0.7544603065513107, 0.5188040558303136, -0.2668757815759339, 0.5179622916275074, 0.41568723754941633, 0.6118372490713403, 0.7050490876521064, 0.11424139035809183, 0.6532463675515648, 0.6255161591592281, -0.10163298612426798, 0.7106481058983836, 0.6547594084453551, 0.7161770040025851, 0.44058802248239687, 0.55145529804112, 0.86, 0.382271184449412, 0.027381492973529892, 0.4058023592197288, 0.41756918168227763, 0.4073963385192579, 0.0546901671009004, 0.5272418053820038], [0.877088032378133, 0.6676223137831149, 0.745868438567536, 0.8369391790727516, 0.9312281768463443, 0.7870704314425016, 0.8954046744589531, -0.1842776252268761, 0.6374331556451441, 0.7518681636758354, 0.7380589005883702, 0.48564273664345137, 0.2905783983729531, 0.6083840945733986, 0.9476514031313799, 0.044464696540304105, 0.835413753111647, 0.7464498735259528, 0.6291672156455039, 0.6830871756887266, 0.8881689749310879, 0.3861719108213448, 0.89, -0.04919250502432718, 0.4340779054815946, 0.7028525753602114, 0.5835064722655248, 0.06625454172035214, 0.6999764432605581], [-0.44455492432777693, -0.23702537612498237, -0.29168294020614877, -0.32241153344088763, -0.139964725248159, -0.08300769120743495, 0.0367353545997353, -0.6269182362925598, 0.2680741475690451, 0.25210348676980626, -0.1069069091981116, 0.28947133490738897, -0.5576455230532507, -0.1185447864532561, -0.4216593114243223, -0.4052378138551694, -0.15505857754579425, -0.12246969554373277, 0.3860545993949899, -0.3142149479409931, 0.06270090872633005, 0.03493500827657262, -0.05676058272037751, 0.95, 0.5471392883472898, -0.32672766848070883, 0.3932698200722498, 0.25046062031760136, 0.2280354899141209], [0.355782985807995, 0.386699366783218, 0.370140136414977, 0.46700197861689097, 0.42579021221029234, 0.5055153575716049, 0.43294431490257734, -0.25099455504270407, 0.40485802533853077, 0.36160099442549754, 0.21848419688719567, 0.4659034819889139, 0.1950576183091819, 0.514336394893921, 0.36867713368157107, -0.037824298682469365, 0.5916237106914314, 0.41757961345505656, 0.6768435820470778, 0.5741087800982785, 0.7401818360830424, 0.534704285089525, 0.46120777457419426, 0.5315067372516529, 1.12, 0.2935398651486565, 0.7852865836333265, 0.18733304585125798, 0.7587869345556286], [0.9113475718426025, 0.9432172216063179, 0.9452980673584861, 1.0254563383329338, 0.9054150055382996, 0.6315096663817614, 0.9836535889272059, 0.3267809923279653, 0.8207753620592898, 0.7907323185308787, 0.8075353737495597, 0.5479098527524455, 0.6925921251975529, 0.7533030551861748, 0.9551944779444609, -0.20706491857707668, 0.9442852168002506, 0.9557325348018556, 0.6272513227488263, 0.704795766379759, 0.9180807820692914, 0.43289282137704005, 0.8744793670179375, -0.26260354662935476, 0.2804936489198273, 1.09, 0.6397034199596052, -0.49953185630161, 0.8485222365512093], [0.6695634012856557, 0.5930347170412441, 0.58309574372242, 0.679956330567142, 0.5937202781891117, 0.5703819387399597, 0.6130148937638424, -0.13439162924854, 0.5570908401521136, 0.49383515124099586, 0.5125842681204079, 0.5318493296750509, 0.3770881625575601, 0.6412679678972324, 0.6810901902393054, -0.12187603945549903, 0.6666979321281323, 0.5936768706369734, 0.7380226362231297, 0.5611236782929685, 0.783803363913395, 0.37413949455850215, 0.5835064722655248, 0.3968778000729127, 0.9459133848310525, 0.6277463466893322, 1.0, 0.048503021650047246, 1.011077774538048], [-0.25420883153549734, -0.5560569330792743, -0.25700666454635085, -0.25572902475595133, -0.40337565511471213, 0.2023797597327665, -0.3376042503187892, -0.5836277271252716, -0.4971659543246122, -0.2562655450755636, -0.35479296740249194, -0.39653037303401995, -0.5864772600766311, -0.5388552943961709, -0.16625705022250106, 0.577393151134687, -0.20531920565344006, -0.42114399501074484, -0.16190729271772486, -0.18939553178907048, -0.2826437397130189, 0.06021442640402166, 0.0682421779719627, 0.27369923457387363, 0.18338919225438943, -0.4803190925977019, 0.055293444681053856, 0.92, -0.20761781440349333], [0.6751391064368538, 0.8251161779449723, 0.8360863532520948, 0.8455689651429008, 0.8733863412270171, 0.6157239951542248, 0.8711998867584844, -0.09329488948136523, 0.8692593631255017, 0.6952287373633496, 0.7249260969237996, 0.8061536522719212, 0.3688955657239392, 0.7453854672717818, 0.7306193148845611, -0.33244484950390935, 0.9344393336038479, 0.7874229406360856, 0.9619403522819273, 0.5653508536335373, 1.0295042702019652, 0.5385803388310791, 0.909164805614288, 0.2375369686605426, 0.7436111958645161, 0.8077278982554781, 0.9117754931102038, -0.1935078658517996, 1.14]]}, {"name": 2, "matrix": [[0.9, 0.9001458995550371, 0.8240298383114241, 0.8542056405984398, 0.9100412425286842, 0.7341986957145569, 0.8294428932530375, 0.24298565370696104, 0.49169298948197243, 0.6901059740458675, 0.737027407322132, 0.382675931992866, 0.7588414795443096, 0.7238014076646596, 1.0736280116950532, 0.1237545970347982, 1.0039685757418115, 0.7727691863980517, 0.47399412160240373, 0.8376705269817207, 0.7009996940797277, 0.29616953965304976, 0.88001288818279, -0.3796760293955546, 0.30980898724113426, 0.8554966033089382, 0.6644794154473296, -0.15344904888000188, 0.7879094285354616], [0.8438867808328473, 1.0, 0.7738021736339419, 0.8816048626319745, 0.886269036776672, 0.5701131361791202, 0.8929199269441751, 0.3013120933880658, 0.7714335427211572, 0.7586427544005435, 0.9343888941658244, 0.6025079487073086, 0.7233380964772932, 0.8532998645691431, 0.9738549214814437, -0.19399766942400945, 0.8972518856090295, 0.918702234271106, 0.6124713395502303, 0.6625194394928191, 0.7532347264124686, 0.3509635225889385, 0.8615355368567319, -0.15511772867298113, 0.39893206626297517, 0.9833289739511809, 0.7335911779212699, -0.30932995947193787, 0.890519857095505], [0.9555239614462259, 0.8538506743546945, 1.11, 0.9919246972940583, 0.8462505403496114, 0.7785602448321794, 1.0017144306275867, 0.10115003226984742, 0.7500294238610745, 0.7644021266146133, 0.7785849120544042, 0.6643855143747216, 0.5826085078362019, 0.7513887700308073, 0.969304275898408, -0.12180646890581232, 1.0305777081667657, 0.898099484694535, 0.7039847419873182, 0.8340264440963027, 0.8478888602718099, 0.643774565698368, 0.7242610056156418, -0.16059487215090992, 0.3580542682696575, 0.7839140440802874, 0.5438480623310927, -0.21706342838973786, 0.8206070150070682], [0.9016615095205753, 0.9715645424923801, 0.8251408986339954, 1.07, 0.8117857984800152, 0.7999413473122504, 0.7646877660102805, 0.18328552452345065, 0.48054996057683563, 0.4975281642819887, 0.6766849484184922, 0.5685406242525282, 0.6151650342185059, 0.812103806441779, 0.8863800922125563, 0.14986298152716362, 1.0582134708388988, 0.8783002708764822, 0.6909402710087672, 0.7476521168702823, 0.8392674184555413, 0.5239796768486725, 0.782722763591836, -0.26019739050608187, 0.5855532571743877, 0.7764524392852685, 0.7917847048148544, -0.13597886054027367, 0.9034394900437239], [0.7962860872125987, 1.0982029368754411, 1.0486147999984314, 0.7690602301389619, 0.95, 0.6155244184384032, 0.9968784868343993, 0.14947963521928298, 0.9795116782742401, 0.8758405939455134, 0.9479214398569618, 0.714761179527761, 0.49432498967109056, 0.7261210548913053, 1.0019701668139789, -0.3027879441361255, 0.9361225529045472, 0.9706398194091406, 0.7356497673416955, 0.6529625191402256, 0.9665684142563101, 0.4100148907869734, 0.8452708132596715, -0.030967096030464412, 0.425188991230561, 1.0008016178315267, 0.6218072467793043, -0.3526904808538876, 0.9413974229116756], [0.60833606216349, 0.5883082362699431, 0.7283305516172001, 0.8156264717693533, 0.6287615027058957, 0.97, 0.6307129384102169, -0.3112497835612964, 0.43402453304450933, 0.46439744546969236, 0.6276000368301752, 0.7142780580225339, 0.21419780032485086, 0.5306735775513733, 0.800722181248497, 0.2136543637852626, 0.9221182443618805, 0.7348159688657099, 0.82290325376122, 0.6683528638226139, 0.9068342967153022, 0.7677236012275982, 0.6676278579927032, 0.008490446724773639, 0.5645225978873786, 0.6752218773381992, 0.704374738872583, 0.3080776643044252, 0.7775059427587814], [0.8598811645650755, 0.7641333990195345, 0.910649482388715, 0.8240809905547684, 0.9399140018724336, 0.6665489008198883, 0.96, -0.11032258854925427, 0.9183408360782227, 0.9900190497069397, 1.0483157414239632, 0.7891563177060457, 0.32420610111642406, 0.6659151826293422, 0.8876140154142208, -0.36079295208089845, 0.7965650769359595, 1.041964469236981, 0.7883031853870649, 0.6769916177650075, 0.856337079948472, 0.45627949811215956, 0.9276879102083027, 0.11912680652018384, 0.5002218616798033, 0.8373050617517221, 0.6760567022926647, -0.24375459590836107, 0.7705104196187377], [0.2973000939473406, 0.35580470602207775, 0.08019101657429345, 0.222098929716652, 0.14671149382633328, -0.25361093475364893, -0.1382063197210438, 1.0, -0.10317793792963129, -0.2867716656472332, 0.04580630667847173, -0.19999645151087345, 0.8760967180049372, 0.3498905694430151, 0.12857879780198986, -0.07218458108860722, -0.005226257431882409, -0.012896220366514808, -0.33766650690209815, 0.17520395002116845, -0.08030940774353419, -0.1694930883204262, -0.18992137353537666, -0.5934849347641008, -0.35127926549934524, 0.26119939341486115, -0.16838571944774516, -0.6703287928048262, -0.10437582774861838], [0.5414147524632955, 0.8248992338008413, 0.6699291941283384, 0.6146569263192084, 0.8581562491075202, 0.5497644085230451, 1.0009915113252628, -0.09159674081508085, 0.99, 0.8073275664662223, 0.7861941836595475, 1.0138552524023632, 0.20036508233926553, 0.7293680338495635, 0.6612051588114819, -0.6335702833081326, 0.6179435739204603, 0.802664124871725, 0.9446270122687064, 0.42158619308996353, 0.8219688831671224, 0.4269162121848108, 0.5620790825262556, 0.31479382107952064, 0.5192830581210836, 0.7627061265074462, 0.6307746956074464, -0.4137312679765079, 0.8741605015495328], [0.5145526999464802, 0.6565177682312395, 0.608690582304229, 0.6123423560393707, 0.7173551531363251, 0.5779168210289505, 0.9807665352236973, -0.26728232914693584, 0.8531984509245304, 1.08, 0.9476301436105559, 0.8258661474469059, 0.08247551766433535, 0.592105733371351, 0.5701551354261987, -0.4916495185471136, 0.6191982993027241, 0.8300877137823995, 0.7983862073451824, 0.3323931157797347, 0.7875436100871358, 0.2773688640252422, 0.8324870850320722, 0.3261680447784154, 0.4394718110108381, 0.8094113217548852, 0.5517633212898267, -0.1439644553668825, 0.7790371250449444], [0.8114746201829536, 0.7842192504606025, 0.8996981205962004, 0.58001567007299