{"stateborders": [9, 19, 28, 39, 50, 60], "nodes": [{"name": "DANLaIPS"}, {"name": "DANLFEF"}, {"name": "DANLpIPS"}, {"name": "DANRaIPS"}, {"name": "DANRFEF"}, {"name": "DANRpIPS"}, {"name": "DMNLAG"}, {"name": "DMNLHC"}, {"name": "DMNLlattemp"}, {"name": "DMNmPFC"}, {"name": "DMNPCC"}, {"name": "DMNRAG"}, {"name": "DMNRHC"}, {"name": "DMNRlattemp"}, {"name": "FPTCLdlPFC"}, {"name": "FPTCLfrontal"}, {"name": "FPTCLIPL"}, {"name": "FPTCLIPS"}, {"name": "FPTCRdlPFC"}, {"name": "FPTCRfrontal"}, {"name": "FPTCRIPL"}, {"name": "FPTCRIPS"}, {"name": "SALACC"}, {"name": "SALLFIC"}, {"name": "SALRFIC"}, {"name": "SENLSM"}, {"name": "SENLV1"}, {"name": "SENRSM"}, {"name": "SENRV1"}], "times": [{"name": 0, "matrix": [[1.0, 0.21531548146195234, 0.7154870549061532, 0.2281635505923051, 0.052619350290795126, 0.5330267166111113, -0.2757034096407847, -0.4509964176632792, -0.11940200123599364, -0.11802433625915627, -0.25085441361168026, 0.29207879632863176, -0.4093613335552404, -0.10635521644793787, -0.050562647183701695, -0.19912894099436354, 0.1703865995568481, 0.31416304145478363, -0.019836249032897782, 0.369791111901381, 0.12292358718680105, 0.2230875908240104, -0.0028550075697061157, 0.11432995371890711, 0.40192384059231195, 0.671729769256483, 0.22662429555661873, -0.06986921489521372, 0.02919286796523741], [0.21531548146195234, 1.0, -0.14300458679755518, 0.29152146159993286, -0.27100032736877555, -0.2993209466042083, 0.13029888407585616, 0.028017175927270863, 0.07306882428145793, 0.1540304601906304, 0.35545843075793626, -0.005686679982493179, -0.021925710760433113, -0.41020662852967743, 0.37022551665114806, 0.3208690572637176, -0.30758820250322333, 0.22962145925979463, 0.0016653619068805314, -0.08776361409153417, -0.43645864731685163, -0.10104658958017275, 0.006109751846988648, -0.13827554405909917, 0.157129006784616, 0.04604076002482515, -0.07655435920948298, 0.1387669027367878, 0.2763591637496008], [0.7154870549061532, -0.14300458679755518, 1.0, 0.20064724008341894, 0.09120523429722328, 0.8077330432354382, -0.3301837759936253, -0.6907348432716676, -0.013477352107528194, -0.30752195595278725, -0.41722407122291544, 0.2897602802819787, -0.37053301356676793, -0.0007596004109873523, -0.4721274598748012, -0.4221280545929132, 0.34453180108101855, 0.2607079874308623, -0.043962531158682296, 0.5846445216493722, 0.3927427186960172, 0.22150729363557345, -0.1890469564266517, -0.09529914309399413, 0.2803935838003217, 0.7102124588891503, 0.377862912346341, 0.19426302178413127, 0.0038861917632754548], [0.2281635505923051, 0.29152146159993286, 0.20064724008341894, 1.0, 0.15932704465267306, 0.0431697874175183, -0.18674477870666156, -0.18537395777579307, -0.13616049554100754, 0.132438500343326, -0.15918588435336248, 0.14800113750083088, -0.14236852523866078, -0.45836507624922773, 0.06256623057768035, 0.0778955333973436, -0.26683532509646246, -0.09948256238742959, -0.1823628964893558, 0.38528606803740834, 0.04253403355684902, 0.07338986722012601, 0.22193402882258076, -0.6015271583306759, 0.04738714850702969, 0.5660095759144446, 0.1570391451959196, 0.23995747193675437, 0.031197490268699616], [0.052619350290795126, -0.27100032736877555, 0.09120523429722328, 0.15932704465267306, 1.0, 0.214594559243895, -0.40293180727180106, 0.1003233391106125, -0.5683670039363089, 0.08559635538226215, -0.5930873146584282, -0.2422630380389467, 0.04113674857064543, 0.027113093159838217, -0.06308552180463413, -0.07298438326256836, -0.2871385240944788, -0.3216511191872531, -0.11301541255469348, 0.13110219747127874, 0.45243735603145024, 0.24016434704308234, 0.0677271033233657, -0.2821667516599597, -0.08020741604077584, 0.3365090852757941, 0.43417647010194343, -0.027628725116670534, 0.2505120573805134], [0.5330267166111113, -0.2993209466042083, 0.8077330432354382, 0.0431697874175183, 0.214594559243895, 1.0, -0.18400438651102388, -0.6001810110177617, -0.09432484166028046, -0.28194004180150994, -0.31208312853401665, 0.12092532055027602, -0.303285299017873, -0.0067180827326933, -0.3220927672946338, -0.268210317948807, 0.3648496698016144, 0.2308332390026873, 0.040523431974073716, 0.4318467824886052, 0.23226178334820047, 0.24344963377152334, -0.18600586983963838, -0.03722090754985078, 0.3073555975492437, 0.4853273766299567, 0.317734923825772, 0.25678446526561804, 0.069781889843735], [-0.2757034096407847, 0.13029888407585616, -0.3301837759936253, -0.18674477870666156, -0.40293180727180106, -0.18400438651102388, 1.0, 0.43303198480134825, 0.2546818081287496, -0.33193933103043965, 0.6379131641961477, 0.13149656441129842, 0.3534170406474673, -0.0285667582342336, 0.31657042699769006, 0.632588139526587, 0.04314310779952434, 0.5731024157914545, 0.7463872193100058, -0.17904304225858148, -0.4095353646090124, -0.07206485691888014, -0.34496646166630623, 0.2382156531925304, 0.11186314262214006, -0.33236530736896086, -0.37660329765384903, 0.40036241313103976, -0.12099359898404913], [-0.4509964176632792, 0.028017175927270863, -0.6907348432716676, -0.18537395777579307, 0.1003233391106125, -0.6001810110177617, 0.43303198480134825, 1.0, -0.36794508175072416, -0.05753751707172005, 0.3351996253145717, -0.11266574404885073, 0.601018462754205, 0.19193752832435174, 0.6445637386469997, 0.5722299733535186, -0.43149943473741664, -0.06372853769052199, 0.3718171464314064, -0.4520470720775503, -0.3163762168766266, -0.21678912604004574, 0.21333814680083088, 0.04416154485668975, 0.05404747091814092, -0.47625112371963063, -0.31305247873017894, -0.11111237759612039, -0.002465310142619859], [-0.11940200123599364, 0.07306882428145793, -0.013477352107528194, -0.13616049554100754, -0.5683670039363089, -0.09432484166028046, 0.2546818081287496, -0.36794508175072416, 1.0, 0.16903734176519172, 0.13558482631194868, 0.04169759135455624, -0.1364034910282954, -0.08718296808708927, -0.13690536313734952, -0.09795600545062978, 0.5061507010466116, 0.1437952403900462, 0.21002534293475245, -0.08562448177182864, 0.007253478394741056, 0.16418016369649055, -0.5666278511543013, 0.05499188387560761, -0.23056877374915657, -0.056573133430779035, 0.12243645987112149, 0.382559257046895, 0.20779338398051395], [-0.11802433625915627, 0.1540304601906304, -0.30752195595278725, 0.132438500343326, 0.08559635538226215, -0.28194004180150994, -0.33193933103043965, -0.05753751707172005, 0.16903734176519172, 1.0, -0.03430346434071357, -0.19076374548169894, 0.0942023159804567, -0.3011833559586575, 0.0975120226172856, -0.3845308209071704, 0.2025866250763938, -0.3594857814744382, -0.36599721372295824, 0.013025229432919125, 0.22887896955226172, 0.3880647829123147, -0.05452825526387639, -0.08990099306886672, -0.09352467130268748, 0.10377639795415723, 0.010109638206713074, -0.14983570720631328, 0.15957595559230567], [-0.25085441361168026, 0.35545843075793626, -0.41722407122291544, -0.15918588435336248, -0.5930873146584282, -0.31208312853401665, 0.6379131641961477, 0.3351996253145717, 0.13558482631194868, -0.03430346434071357, 1.0, -0.1133144570375776, 0.3816635418402052, -0.22575638255984992, 0.20886112555144282, 0.29741350658848403, -0.22248994258070787, 0.473547975188214, 0.263046960228131, -0.16414114904045424, -0.6273668755512365, -0.2562266885223862, 0.11479404040059289, 0.40333458213547196, 0.2541907094357078, -0.3989383388187935, -0.6501955939211977, 0.20528410858802695, -0.2050093213290438], [0.29207879632863176, -0.005686679982493179, 0.2897602802819787, 0.14800113750083088, -0.2422630380389467, 0.12092532055027602, 0.13149656441129842, -0.11266574404885073, 0.04169759135455624, -0.19076374548169894, -0.1133144570375776, 1.0, -0.48470609825443123, 0.1918576314015229, 0.0549811788640974, -0.15334139587463716, 0.3189616360627504, -0.04090636106025896, -0.0777176390161539, -0.25596464706690003, 0.1170546228926323, 0.3205501342407082, -0.1901820412635325, 0.075305636011159, -0.17494499655113616, 0.26748503031843474, 0.15376905403884814, -0.2884664861815618, -0.12630199462043432], [-0.4093613335552404, -0.021925710760433113, -0.37053301356676793, -0.14236852523866078, 0.04113674857064543, -0.303285299017873, 0.3534170406474673, 0.601018462754205, -0.1364034910282954, 0.0942023159804567, 0.3816635418402052, -0.48470609825443123, 1.0, -0.013602820811885, 0.3819677280856193, 0.3517543056613681, -0.11987759987954943, 0.1824848802525863, 0.4636623946670281, 0.0687031819110517, 0.04538708169600243, -0.11025236599007185, -0.038088945425220316, -0.10264093124602106, 0.2421175534494103, -0.2966552324049515, -0.43855193698031336, 0.2254719507010586, -0.10169097929949376], [-0.10635521644793787, -0.41020662852967743, -0.0007596004109873523, -0.45836507624922773, 0.027113093159838217, -0.0067180827326933, -0.0285667582342336, 0.19193752832435174, -0.08718296808708927, -0.3011833559586575, -0.22575638255984992, 0.1918576314015229, -0.013602820811885, 1.0, 0.0008877800583824748, 0.06305055682800124, 0.32621422497398767, -0.33896081852735205, 0.021059720719976506, -0.37660188627671315, 0.19269525644234634, 0.1625030391376091, -0.18365777676536682, 0.25317321234117934, 0.1427541281461483, -0.18034765661674815, -0.046599944744460255, -0.37108311219866985, -0.36269458228751583], [-0.050562647183701695, 0.37022551665114806, -0.4721274598748012, 0.06256623057768035, -0.06308552180463413, -0.3220927672946338, 0.31657042699769006, 0.6445637386469997, -0.13690536313734952, 0.0975120226172856, 0.20886112555144282, 0.0549811788640974, 0.3819677280856193, 0.0008877800583824748, 1.0, 0.6207833466816232, -0.14191667224735197, -0.02392369364921927, 0.3767071659788158, -0.47501794541108155, -0.3201203482238564, -0.0691092251472914, 0.13460904029009127, -0.18383394407651887, 0.2213809556945592, -0.2918594442952535, -0.18720245644709885, -0.11400201057566661, 0.18493392338886358], [-0.19912894099436354, 0.3208690572637176, -0.4221280545929132, 0.0778955333973436, -0.07298438326256836, -0.268210317948807, 0.632588139526587, 0.5722299733535186, -0.09795600545062978, -0.3845308209071704, 0.29741350658848403, -0.15334139587463716, 0.3517543056613681, 0.06305055682800124, 0.6207833466816232, 1.0, -0.29592385380754127, 0.30908141171152165, 0.598175441874958, -0.1904589925240277, -0.512463624277767, -0.2985473432027538, 0.034701755430191356, -0.12600686836214248, 0.22095740444687548, -0.35887414504055754, -0.24476323748351556, 0.21546399163669067, -0.030231013604248198], [0.1703865995568481, -0.30758820250322333, 0.34453180108101855, -0.26683532509646246, -0.2871385240944788, 0.3648496698016144, 0.04314310779952434, -0.43149943473741664, 0.5061507010466116, 0.2025866250763938, -0.22248994258070787, 0.3189616360627504, -0.11987759987954943, 0.32621422497398767, -0.14191667224735197, -0.29592385380754127, 1.0, 0.06623434776770551, 0.1679901423629983, 0.10820622031610738, 0.40208795427288035, 0.5664149938689699, -0.6021084221258023, 0.07288506606647394, 0.12986465986566958, 0.18848912806374504, 0.14521157256136563, -0.08125276961479629, -0.1544600536988363], [0.31416304145478363, 0.22962145925979463, 0.2607079874308623, -0.09948256238742959, -0.3216511191872531, 0.2308332390026873, 0.5731024157914545, -0.06372853769052199, 0.1437952403900462, -0.3594857814744382, 0.473547975188214, -0.04090636106025896, 0.1824848802525863, -0.33896081852735205, -0.02392369364921927, 0.30908141171152165, 0.06623434776770551, 1.0, 0.6614197611687155, 0.4284038886180933, -0.23602748408864113, -0.07412764160249892, -0.11343347056558677, 0.2534841119290769, 0.43226650905461217, 0.13200194229883327, -0.13524641615528632, 0.35046818282489084, -0.023824887288646037], [-0.019836249032897782, 0.0016653619068805314, -0.043962531158682296, -0.1823628964893558, -0.11301541255469348, 0.040523431974073716, 0.7463872193100058, 0.3718171464314064, 0.21002534293475245, -0.36599721372295824, 0.263046960228131, -0.0777176390161539, 0.4636623946670281, 0.021059720719976506, 0.3767071659788158, 0.598175441874958, 0.1679901423629983, 0.6614197611687155, 1.0, 0.05827669239755854, -0.14272131399063406, 0.07330123520157028, -0.34179225548714054, -0.05104719023166217, 0.37480295702991007, -0.03680815341060247, 0.012121181470550284, 0.4391079220731368, 0.14747213412617377], [0.369791111901381, -0.08776361409153417, 0.5846445216493722, 0.38528606803740834, 0.13110219747127874, 0.4318467824886052, -0.17904304225858148, -0.4520470720775503, -0.08562448177182864, 0.013025229432919125, -0.16414114904045424, -0.25596464706690003, 0.0687031819110517, -0.37660188627671315, -0.47501794541108155, -0.1904589925240277, 0.10820622031610738, 0.4284038886180933, 0.05827669239755854, 1.0, 0.24964181941917182, -0.023818432653730286, -0.007103699932800966, -0.13364566008185155, 0.3634544346642656, 0.547474220740814, 0.08336655895418231, 0.3369057329697011, -0.1818899303369327], [0.12292358718680105, -0.43645864731685163, 0.3927427186960172, 0.04253403355684902, 0.45243735603145024, 0.23226178334820047, -0.4095353646090124, -0.3163762168766266, 0.007253478394741056, 0.22887896955226172, -0.6273668755512365, 0.1170546228926323, 0.04538708169600243, 0.19269525644234634, -0.3201203482238564, -0.512463624277767, 0.40208795427288035, -0.23602748408864113, -0.14272131399063406, 0.24964181941917182, 1.0, 0.5545053995442826, -0.33719427969739285, -0.1388179804676285, -0.2216213743712073, 0.4715815664937758, 0.3295346437569406, -0.12747796677773165, 0.008590375556604808], [0.2230875908240104, -0.10104658958017275, 0.22150729363557345, 0.07338986722012601, 0.24016434704308234, 0.24344963377152334, -0.07206485691888014, -0.21678912604004574, 0.16418016369649055, 0.3880647829123147, -0.2562266885223862, 0.3205501342407082, -0.11025236599007185, 0.1625030391376091, -0.0691092251472914, -0.2985473432027538, 0.5664149938689699, -0.07412764160249892, 0.07330123520157028, -0.023818432653730286, 0.5545053995442826, 1.0, -0.5194105616416611, -0.11787300787683533, 0.01625200903317946, 0.6003978291729687, 0.45484790010600196, -0.04582330902341183, 0.23382832319722513], [-0.0028550075697061157, 0.006109751846988648, -0.1890469564266517, 0.22193402882258076, 0.0677271033233657, -0.18600586983963838, -0.34496646166630623, 0.21333814680083088, -0.5666278511543013, -0.05452825526387639, 0.11479404040059289, -0.1901820412635325, -0.038088945425220316, -0.18365777676536682, 0.13460904029009127, 0.034701755430191356, -0.6021084221258023, -0.11343347056558677, -0.34179225548714054, -0.007103699932800966, -0.33719427969739285, -0.5194105616416611, 1.0, -0.0789353146335789, 0.1496704493886212, -0.19483434779839529, -0.27147391522312986, -0.4397136313486312, -0.20487795429697322], [0.11432995371890711, -0.13827554405909917, -0.09529914309399413, -0.6015271583306759, -0.2821667516599597, -0.03722090754985078, 0.2382156531925304, 0.04416154485668975, 0.05499188387560761, -0.08990099306886672, 0.40333458213547196, 0.075305636011159, -0.10264093124602106, 0.25317321234117934, -0.18383394407651887, -0.12600686836214248, 0.07288506606647394, 0.2534841119290769, -0.05104719023166217, -0.13364566008185155, -0.1388179804676285, -0.11787300787683533, -0.0789353146335789, 1.0, 0.05234667966933664, -0.27295547158467726, -0.4198957530140979, -0.22731350551316518, -0.36522785881567704], [0.40192384059231195, 0.157129006784616, 0.2803935838003217, 0.04738714850702969, -0.08020741604077584, 0.3073555975492437, 0.11186314262214006, 0.05404747091814092, -0.23056877374915657, -0.09352467130268748, 0.2541907094357078, -0.17494499655113616, 0.2421175534494103, 0.1427541281461483, 0.2213809556945592, 0.22095740444687548, 0.12986465986566958, 0.43226650905461217, 0.37480295702991007, 0.3634544346642656, -0.2216213743712073, 0.01625200903317946, 0.1496704493886212, 0.05234667966933664, 1.0, 0.23997762574611708, -0.21221704735103272, 0.10198012814528197, -0.2476895689813788], [0.671729769256483, 0.04604076002482515, 0.7102124588891503, 0.5660095759144446, 0.3365090852757941, 0.4853273766299567, -0.33236530736896086, -0.47625112371963063, -0.056573133430779035, 0.10377639795415723, -0.3989383388187935, 0.26748503031843474, -0.2966552324049515, -0.18034765661674815, -0.2918594442952535, -0.35887414504055754, 0.18848912806374504, 0.13200194229883327, -0.03680815341060247, 0.547474220740814, 0.4715815664937758, 0.6003978291729687, -0.19483434779839529, -0.27295547158467726, 0.23997762574611708, 1.0, 0.5541198832316417, 0.19735066302715917, 0.20391004106680674], [0.22662429555661873, -0.07655435920948298, 0.377862912346341, 0.1570391451959196, 0.43417647010194343, 0.317734923825772, -0.37660329765384903, -0.31305247873017894, 0.12243645987112149, 0.010109638206713074, -0.6501955939211977, 0.15376905403884814, -0.43855193698031336, -0.046599944744460255, -0.18720245644709885, -0.24476323748351556, 0.14521157256136563, -0.13524641615528632, 0.012121181470550284, 0.08336655895418231, 0.3295346437569406, 0.45484790010600196, -0.27147391522312986, -0.4198957530140979, -0.21221704735103272, 0.5541198832316417, 1.0, 0.11079151312966115, 0.7161739300464012], [-0.06986921489521372, 0.1387669027367878, 0.19426302178413127, 0.23995747193675437, -0.027628725116670534, 0.25678446526561804, 0.40036241313103976, -0.11111237759612039, 0.382559257046895, -0.14983570720631328, 0.20528410858802695, -0.2884664861815618, 0.2254719507010586, -0.37108311219866985, -0.11400201057566661, 0.21546399163669067, -0.08125276961479629, 0.35046818282489084, 0.4391079220731368, 0.3369057329697011, -0.12747796677773165, -0.04582330902341183, -0.4397136313486312, -0.22731350551316518, 0.10198012814528197, 0.19735066302715917, 0.11079151312966115, 1.0, 0.34406341619414604], [0.02919286796523741, 0.2763591637496008, 0.0038861917632754548, 0.031197490268699616, 0.2505120573805134, 0.069781889843735, -0.12099359898404913, -0.002465310142619859, 0.20779338398051395, 0.15957595559230567, -0.2050093213290438, -0.12630199462043432, -0.10169097929949376, -0.36269458228751583, 0.18493392338886358, -0.030231013604248198, -0.1544600536988363, -0.023824887288646037, 0.14747213412617377, -0.1818899303369327, 0.008590375556604808, 0.23382832319722513, -0.20487795429697322, -0.36522785881567704, -0.2476895689813788, 0.20391004106680674, 0.7161739300464012, 0.34406341619414604, 1.0]]}, {"name": 1, "matrix": [[0.97, 0.18517131405727902, 0.765571148749584, 0.21219210205084374, 0.05630270481115079, 0.45307270911944464, -0.2757034096407847, -0.48707613107634157, -0.11223788116183402, -0.13100701324766348, -0.23078606052274586, 0.3154451000349223, -0.36842520019971636, -0.11380008159929353, -0.05309077954288678, -0.17324217866509628, 0.15505180559673176, 0.33301282394207066, -0.02201823642651654, 0.3734890230203948, 0.14013288939295318, 0.24985810172289166, -0.0031690584023737886, 0.12804954816517597, 0.42202003262192755, 0.5844048992531402, 0.24702048215671443, -0.07476005993787868, 0.028025153246627913], [0.23038756516428902, 0.86, -0.13299426572172632, 0.29735189083193153, -0.23848028808452248, -0.2813616898079558, 0.1394198059611661, 0.025775801853089194, 0.07379951252427251, 0.13862741417156738, 0.3519038464503569, -0.005572946382843315, -0.022144967868037446, -0.37739009824730324, 0.41465257864928584, 0.34653858184481506, -0.3229676126283845, 0.23880631763018642, 0.0015820938115365048, -0.07723198040055007, -0.3928127825851665, -0.08892099883055202, 0.006109751846988648, -0.14104105494028116, 0.17912706773446221, 0.04419912962383214, -0.07272664124900882, 0.1262778814904769, 0.2431960640996487], [0.6510932199645995, -0.12584403638184855, 0.99, 0.2106796020875899, 0.10123781006991786, 0.8965836779913364, -0.29056172287439025, -0.6285687073772175, -0.013746899149678759, -0.264468882119397, -0.4506019969207487, 0.25209144384532145, -0.3520063628884295, -0.0007368123986577317, -0.5240614804610294, -0.4263493351388423, 0.3238598930161574, 0.2581009075565537, -0.04440215647026912, 0.6606483094637905, 0.388815291509057, 0.20378671014472757, -0.2098421216335834, -0.10197008311057373, 0.23833454623027345, 0.6178848392335607, 0.3362979919882435, 0.19037776134844864, 0.0038084679280099456], [0.2281635505923051, 0.25070845697594224, 0.21669901929009247, 1.13, 0.15932704465267306, 0.048781859781795674, -0.20728670436439436, -0.20947257228664615, -0.11845963112067656, 0.12978973033645946, -0.16236960204042972, 0.1657612740009306, -0.15091063675298044, -0.412528568624305, 0.06194056827190354, 0.08101135473323735, -0.27484038484935636, -0.08953430614868663, -0.19877555717339784, 0.4276675355215233, 0.04806345791923938, 0.08219665128654115, 0.21971468853435494, -0.6135577014972895, 0.0464394055368891, 0.5037485225638557, 0.1617503195517972, 0.26395321913042985, 0.03400526439288258], [0.05525031780533488, -0.3035203666530287, 0.09576549601208445, 0.1561405037596196, 1.09, 0.22317834161365083, -0.41099044341723706, 0.09330070537286964, -0.630887374369303, 0.08131653761314904, -0.5930873146584282, -0.2713346026036203, 0.037023073713580885, 0.030908926202215564, -0.059300390496356076, -0.06276656960580879, -0.2928812945763684, -0.3313006527628707, -0.12205664555906896, 0.13372424142070433, 0.4886323445139663, 0.21134462539791246, 0.06434074815719741, -0.24266340642756534, -0.08261363852199913, 0.3264138127175203, 0.4862776465141767, -0.026247288860837006, 0.260532539675734], [0.5063753807805558, -0.28734810874003996, 0.7673463910736662, 0.03928450654994165, 0.18669726654218866, 1.02, -0.16192386012970103, -0.6301900615686498, -0.10564382265951412, -0.27348184054746466, -0.27463315310993464, 0.12939009298879536, -0.2790224750964432, -0.00604627445942397, -0.2995462735840095, -0.268210317948807, 0.3575526764055821, 0.21467491227249919, 0.04011819765433298, 0.414572911189061, 0.23226178334820047, 0.24588413010923857, -0.16554522415727815, -0.041687416455832876, 0.32579693340219834, 0.5095937454614545, 0.3336216700170606, 0.24394524200233714, 0.07676007882810851], [-0.27294637554437684, 0.13681382827964897, -0.3169764249538803, -0.18300988313252833, -0.45934226028985314, -0.19688469356679555, 1.1, 0.4027197458652539, 0.2394008996410246, -0.3651332641334836, 0.7208418755416469, 0.14727615214065426, 0.4028954263381127, -0.02713842032252192, 0.30390760991778243, 0.6515657837123846, 0.039691659175562395, 0.515792174212309, 0.634429136413505, -0.15397701634238006, -0.4341074864855532, -0.06557901979618093, -0.389812101682926, 0.2382156531925304, 0.12640535116301826, -0.3423362665900297, -0.391667429560003, 0.40436603726235015, -0.1270432789332516], [-0.4509964176632792, 0.02437494305672565, -0.5871246167809174, -0.20576509313113034, 0.104336272675037, -0.6601991121195379, 0.376737826777173, 0.86, -0.33850947521066627, -0.06098976809602326, 0.3486076103271546, -0.11041242916787371, 0.5168758779686163, 0.1746631507751601, 0.7090201125116997, 0.5035623765510964, -0.4746493782111583, -0.06372853769052199, 0.405280689610233, -0.48369036712297886, -0.35434136290182183, -0.23413225612324942, 0.18773756918473117, 0.04239508306242216, 0.049723673244689646, -0.5381637698031826, -0.33809667702859325, -0.11000125382015918, -0.002342044635488866], [-0.12059602124835357, 0.0745302007670871, -0.01536418140258214, -0.1538613599613385, -0.5513159938182196, -0.1018708289931029, 0.24194771772231208, -0.33850947521066627, 1.07, 0.14537211391806487, 0.1342289780488292, 0.04753525414419411, -0.15140787504140793, -0.07497735255489676, -0.149226845819711, -0.09697644539612349, 0.480843165994281, 0.13948138317834483, 0.2142258497934475, -0.07791827841236407, 0.0070358740428988235, 0.16910556860738526, -0.6119580792466454, 0.052792208520583306, -0.23748583696163128, -0.05431020809354787, 0.11141717848272056, 0.3519545164831434, 0.2264947885387602], [-0.13454774333543815, 0.1494095463849115, -0.3444245906671218, 0.12714096032959296, 0.07446882918256807, -0.29885644430960057, -0.33857811765104845, -0.05178376536454805, 0.1555143544239764, 1.12, -0.03807684541819206, -0.181225558207614, 0.08666613070202016, -0.2951596888394843, 0.08776082035555705, -0.4114479783706723, 0.20056075882562985, -0.3235372033269944, -0.3476973530368103, 0.014197500081881847, 0.24261170772539745, 0.4074680220579305, -0.06216221100081908, -0.09709307251437606, -0.08791319102452622, 0.11830509366773924, 0.011322794791518645, -0.16032420671075523, 0.1771293107074593], [-0.24082023706721303, 0.3767859366034125, -0.44642975620851955, -0.13689986054389172, -0.5278477100460012, -0.280874815680615, 0.6187757692702633, 0.3050316590362603, 0.12744973673323176, -0.03327436041049216, 1.07, -0.11898017988945649, 0.32823064598257645, -0.23252907403664544, 0.233924460617616, 0.3241807221814476, -0.19801604889683, 0.5256382524589176, 0.23937273380759921, -0.16906538351166786, -0.5959985317736747, -0.24085308721104304, 0.1308652060566759, 0.4073679279568267, 0.2541907094357078, -0.35106573816053827, -0.6241877701643498, 0.20733694967390723, -0.18040820276955855], [0.28915800836534544, -0.005971013981617838, 0.24919384104250167, 0.15392118300086413, -0.22772725575660988, 0.11366980131725946, 0.13675642698775037, -0.10139916964396566, 0.045867350490011866, -0.16977973347871206, -0.09971672219306829, 0.86, -0.4265413664638995, 0.21296197085569044, 0.05113249634361059, -0.14720774003965167, 0.341288950587143, -0.0433607427238745, -0.08626657930793084, -0.28668040471492806, 0.12290735403726392, 0.3558106490071862, -0.17686929837508522, 0.08358925597238649, -0.15395159696499983, 0.24876107819614432, 0.17222134052350993, -0.25096584297795876, -0.11746085499700391], [-0.4543910802463169, -0.024337538944080757, -0.31865839166742044, -0.14236852523866078, 0.04237085102776479, -0.3093510049982304, 0.3322120182086193, 0.5950082781266629, -0.13231138629744654, 0.10362254757850238, 0.33586391681938055, -0.5137884641496971, 0.93, -0.01292267977129075, 0.40870546905161265, 0.37285956400105025, -0.1030947358964125, 0.20073336827784494, 0.4636623946670281, 0.059771768262614974, 0.041302244343362216, -0.12017507892917832, -0.03275649306568947, -0.10879938712078233, 0.21790579810446928, -0.293688680080902, -0.4341664176105102, 0.23674554823611155, -0.10575861847147351], [-0.11060942510585539, -0.418410761100271, -0.000683640369888617, -0.45836507624922773, 0.029282140612625275, -0.0073898910059626306, -0.025424414828467905, 0.1650662743589425, -0.08108016032099302, -0.29214785527989773, -0.22575638255984992, 0.2110433945416752, -0.0125145951469342, 0.9, 0.0008611466566310005, 0.0699861180790814, 0.30011708697606865, -0.3626880758242667, 0.020638526305576974, -0.32764364106074045, 0.1849874461846525, 0.15112782639797648, -0.16896515462413747, 0.2227924268602378, 0.15560199967930166, -0.19297199257992054, -0.03960995303279122, -0.38963726780860336, -0.37357541975614134], [-0.04550638246533153, 0.35171424081859065, -0.4249147138873211, 0.06319189288345715, -0.07065578442119023, -0.2931044182381168, 0.2785819757579672, 0.5929986395552397, -0.15607211397657844, 0.10141250352197703, 0.21721557057350055, 0.05168230813225155, 0.35141030983876975, 0.0007723686507927531, 1.0, 0.5835363458807258, -0.15752750619456068, -0.020574376538328575, 0.3767071659788158, -0.5130193810439682, -0.3265227551883335, -0.06565376388992683, 0.11576377464947848, -0.17096556799116255, 0.24130524170706955, -0.27142928319458576, -0.20217865296286677, -0.12882227195050325, 0.19233128032441812], [-0.17125088925515264, 0.2855734609647087, -0.3799152491336219, 0.07945344406529048, -0.0620367257731831, -0.2950313497436877, 0.6389140209218529, 0.6180083712218001, -0.10187424566865498, -0.34992304702552507, 0.32715485724733245, -0.1410740842046662, 0.37285956400105025, 0.0712471292156414, 0.6394068470820718, 0.95, -0.32255700065022, 0.35235280935113467, 0.6101389507124572, -0.18474522274830688, -0.5278375330061, -0.25675071515436826, 0.035395790538795185, -0.1360874178311139, 0.2408435708470943, -0.3122205061852851, -0.2349727079841749, 0.21546399163669067, -0.029626393332163232], [0.17209046555241658, -0.3137399665532878, 0.29285203091886575, -0.2641669718454978, -0.2871385240944788, 0.3429586896135175, 0.04400596995551483, -0.41423945734791995, 0.49096618001521325, 0.21676768883174138, -0.19356625004521585, 0.35085779966902547, -0.10429351189520801, 0.3490492207221668, -0.15468917274961366, -0.2840868996552396, 1.05, 0.07484481297750722, 0.16967004378662828, 0.11902684234771813, 0.39002531564469395, 0.48711689472731406, -0.6442560116746084, 0.07069851408447972, 0.11428090068178924, 0.1677553239767331, 0.1495679197382066, -0.09019057427242388, -0.17145065960570832], [0.3550042368439055, 0.24110253222278438, 0.2763504666767141, -0.10246703925905247, -0.3216511191872531, 0.19620825315228418, 0.5272542225281381, -0.06309125231361677, 0.12222595433153928, -0.33432177677122754, 0.5161672929551533, -0.04458793355568227, 0.16058669462227596, -0.34235042671262556, -0.022249035093773923, 0.3307171105313282, 0.06822137820073668, 0.89, 0.5820493898284697, 0.39413157752864586, -0.21714528536154984, -0.07857530009864885, -0.11456780527124263, 0.28390220536056615, 0.4236211788735199, 0.14784217537469327, -0.12307423870131055, 0.3574775464813887, -0.024063136161532498], [-0.019836249032897782, 0.0015654401924676993, -0.04176440460074818, -0.19877555717339784, -0.12657726206125672, 0.04579147813070329, 0.6717484973790053, 0.405280689610233, 0.1869225552119297, -0.3403774087623512, 0.2604164906258497, -0.06839152233421543, 0.412659531253655, 0.02127031792717627, 0.32020109108199346, 0.5802301786187092, 0.1797494523284082, 0.6548055635570283, 0.99, 0.05011795546190034, -0.14129410085072772, 0.07330123520157028, -0.3076130299384265, -0.05717285305946163, 0.38229901617050827, -0.03607199034239042, 0.011636334211728272, 0.3951971298658231, 0.1636940688800529], [0.3476036451872981, -0.08688597795061884, 0.5904909668658659, 0.33519887919254526, 0.12848015352185316, 0.4923053320370099, -0.18441433352633893, -0.4113628355905708, -0.08990570586042008, 0.01471850925919861, -0.14444421115559972, -0.2738821723615831, 0.059084736443504454, -0.4104960560416174, -0.45601722759463825, -0.21331407162691104, 0.10604209590978524, 0.47124427747990266, 0.053614557005753856, 1.1, 0.26212391039013044, -0.024294801306804892, -0.006038144942880821, -0.11359881106957381, 0.3634544346642656, 0.5803226739852628, 0.09170321484960055, 0.3604891342775802, -0.20371672197736465], [0.1057142849806489, -0.4975628579412108, 0.36132330120033584, 0.04721277724810241, 0.4388642353505067, 0.22993916551471846, -0.4668703156542741, -0.344850076395523, 0.0065281305552669505, 0.2540556562030105, -0.6336405443067489, 0.1264189927240429, 0.04402546924512236, 0.19076830387792287, -0.28810831340147075, -0.44071871687887965, 0.4262132315292532, -0.23366720924775472, -0.15842065852960382, 0.2596274921959387, 1.12, 0.5267801295670684, -0.37765759326108, -0.15269977851439137, -0.19502680944666242, 0.4762973821587136, 0.35919276169506525, -0.14532488212661407, 0.009535316867831338], [0.23647284627345103, -0.10710938495498312, 0.18828119959023742, 0.07338986722012601, 0.2065413384570508, 0.2531876191223843, -0.07999199117995695, -0.21678912604004574, 0.1576129571486309, 0.37254219159582214, -0.28184935737462485, 0.29170062215904446, -0.11245741330987329, 0.14137764404971992, -0.06772704064434557, -0.2925763963386987, 0.5607508439302802, -0.08154040576274882, 0.06743713638544466, -0.02572390726602871, 0.5267801295670684, 0.98, -0.467469505477495, -0.11433681764053026, 0.015601928671852281, 0.5103381547970234, 0.4821387741123621, -0.0499474068355189, 0.2104454908775026], [-0.0029692078724943604, 0.00659853199474774, -0.18526601729811867, 0.24856611228129047, 0.07043618745630034, -0.20646651552199863, -0.3380671324329801, 0.234671961480914, -0.5042987875273282, -0.04798486463221122, 0.11708992120860476, -0.16545837589927329, -0.04189783996774235, -0.1726383101594448, 0.14806994431910042, 0.03643684320170092, -0.6442560116746084, -0.1191051440938661, -0.3725535584809832, -0.007743032926753053, -0.3810295360580539, -0.467469505477495, 1.12, -0.07972466777991469, 0.1601473808458247, -0.18704097388645946, -0.27690339352759247, -0.4968764034239532, -0.21307307246885215], [0.12461964955360876, -0.13827554405909917, -0.10768803169621337, -0.6496493309971301, -0.3132050943425553, -0.03461544402136123, 0.25012643585215694, 0.04195346761385526, 0.06269074761819267, -0.08180990369266872, 0.4235013112422456, 0.0760586923712706, -0.10161452193356084, 0.21519723049000244, -0.17096556799116255, -0.12474679967852105, 0.07725817003046237, 0.23067054185545996, -0.05206813403629541, -0.14433731288839968, -0.13187708144424706, -0.10137078677407838, -0.07340984260922838, 0.99, 0.05444054685611011, -0.2838736904480644, -0.4366915831346619, -0.22958664056829683, -0.3104436799933255], [0.40192384059231195, 0.1696993273273853, 0.27198177628631204, 0.048808762962240584, -0.07058252611588274, 0.267399369867842, 0.09955819693370466, 0.059992692719136424, -0.21904033506169873, -0.09352467130268748, 0.2821516874736357, -0.15395159696499983, 0.22759050024244568, 0.12847871533153346, 0.1881738123403753, 0.22758612658028174, 0.1480457122468633, 0.36742653269642034, 0.33732266132691907, 0.38162715639747885, -0.2061078781652228, 0.017389649665502025, 0.1601473808458247, 0.04763547849909634, 1.12, 0.2231791919438889, -0.22070572924507403, 0.10605933327109325, -0.22539750777305473], [0.6381432807936588, 0.047882390425818155, 0.7457230818336078, 0.5943100547101668, 0.3735250846561315, 0.436794638966961, -0.2958051235583752, -0.5000636799056122, -0.048652894750469966, 0.08820993826103364, -0.4228746391479211, 0.24876107819614432, -0.32632075564544666, -0.17133027378591073, -0.24808052765096547, -0.35887414504055754, 0.1677553239767331, 0.11352167037699662, -0.0386485610811326, 0.5310499941185896, 0.5093080918132779, 0.5403580462556719, -0.16755753910661994, -0.24565992442620954, 0.20638075814166068, 1.1, 0.570743479728591, 0.17761559672444327, 0.19371453901346639], [0.21076059486765542, -0.08191316435414679, 0.33251936286478007, 0.16960227681159318, 0.4168094112978657, 0.2827840822049371, -0.3803693306303875, -0.31931352830478255, 0.11753900147627663, 0.009907445442578813, -0.6046819023467139, 0.13685445809457483, -0.3771546658030695, -0.05079393977146168, -0.1778423336247439, -0.24476323748351556, 0.15828061409188854, -0.15012352193236783, 0.013454511432310816, 0.08836855249143326, 0.30646721869395477, 0.4502994211049419, -0.26875917607089855, -0.38210513524282913, -0.2185835587715637, 0.5596610820639581, 0.93, 0.11965483418003404, 0.8021148016519694], [-0.061484909107788074, 0.12211487440837326, 0.16706619873435288, 0.22316044890118159, -0.029562735874837473, 0.2927342904028045, 0.4564131509693853, -0.10333451116439196, 0.3251753684898607, -0.1558291354945658, 0.22786536053270995, -0.3288517942469804, 0.23223610922209037, -0.31913147649085605, -0.12768225184474663, 0.24347431054946042, -0.08856551888012795, 0.35046818282489084, 0.4039792883072859, 0.306584217002428, -0.12110406843884507, -0.05223857228668948, -0.4485079039756038, -0.24549858595421842, 0.11625734608562144, 0.2151122226996035, 0.09749653155410182, 0.95, 0.32341961122249724], [0.02831708192628029, 0.29846789684956887, 0.004002777516173718, 0.027141816533768667, 0.2705530219709545, 0.0725731654374844, -0.12946315091293256, -0.002711841156881845, 0.2098713178203191, 0.1500013982567673, -0.21320969418220553, -0.13261709435145605, -0.11491080660842794, -0.35544069064176553, 0.18678326262275222, -0.027812532515908345, -0.1683614585317316, -0.02573087827173772, 0.14599741278491205, -0.1673387359099781, 0.007989049267642472, 0.2642260052128644, -0.19258527703915482, -0.35061874446304997, -0.22044371639342714, 0.2141055431201471, 0.7519826265487213, 0.3303008795463802, 1.1]]}, {"name": 2, "matrix": [[0.99, 0.26216427045502927, 0.5774239635270945, 0.30143104090518447, 0.07016784636864322, 0.5842769541793725, -0.2875267035412486, -0.4448651737628648, -0.11418837898788448, -0.1407455985410102, -0.2723753105379325, 0.2816442944877753, -0.42866473252384185, -0.05048927413845568, -0.009945188332221796, -0.12919864999295777, 0.18126472726758594, 0.4028215114731162, 0.04768232755119053, 0.3442429278998936, 0.2084266446196087, 0.23842804770639062, 0.05456284896155648, 0.11728338376164439, 0.35033337693432576, 0.6678357289484379, 0.21003385962308113, -0.00572017347202774, 0.05451315798466616], [0.2478644011574822, 1.09, -0.07352554008815997, 0.30286636051558913, -0.24662624149893952, -0.24861943190187322, 0.1273157991200511, 0.015261348272220806, 0.08114187528322302, 0.14016584805231505, 0.328215516463033, 0.07410908768500465, -0.03671310110315356, -0.2954258431436286, 0.382909274449332, 0.2985851012040291, -0.22875548661093248, 0.20827921509933098, 0.008275101254207882, -0.09167983700170974, -0.28558031082137725, -0.05749115350438429, -0.004637336380287947, -0.158467628272163, 0.07391150878283843, 0.09283957066002992, -0.039508738804871206, 0.15118201019014363, 0.2817475188344668], [0.6657358638312383, -0.09042796309693237, 0.87, 0.21945895260261464, 0.02162608145894212, 0.8187778159427049, -0.2882604131830813, -0.6018266455177181, -0.013436735295063944, -0.25913782973016414, -0.3532233309439679, 0.26282436494154743, -0.43690550563434016, -0.028793050623860682, -0.4809548899700233, -0.4400173223498756, 0.39074183314678385, 0.27662855328977126, -0.04057180964151781, 0.4631691290498183, 0.35855142519582506, 0.23590724855483325, -0.1014151966391858, -0.09892214053870245, 0.24245519576414226, 0.7295945608861779, 0.3295745188466736, 0.21946316967703156, -0.012192987925871717], [0.27272332272373834, 0.3368615642469308, 0.1751644851048392, 0.93, 0.15007892895249114, 0.07318286098675454, -0.19596315313817983, -0.18270519846649635, -0.0696842523255631, 0.10775975041811242, -0.15759693586972365, 0.15097936985707167, -0.1746384461752962, -0.3812388615836394, 0.07466739947690525, 0.13013149876305677, -0.15348195456829003, -0.02017073244294551, -0.14341299223204101, 0.33350050946214177, 0.11418391738856379, 0.10108572874969002, 0.22677364053761143, -0.5224947396192404, 0.035165117767887256, 0.5215081603546756, 0.15011732991981272, 0.23408047195061274, 0.06768512620905266], [0.06034434787703317, -0.19964981454676056, 0.018157747640055174, 0.15007892895249114, 1.04, 0.17935787976149456, -0.3843476993786416, 0.0547954531213414, -0.507365433315562, 0.018614522264208587, -0.6072345901974949, -0.2366079267782051, 0.02728766744730779, 0.09225578207100531, 0.026150041905290328, -0.013345354822774087, -0.29651685615637613, -0.2827082806134981, -0.048221643738234704, 0.11440778067581489, 0.47276682634436923, 0.1981655396975733, 0.06753099169063322, -0.25278043457590155, -0.05652786621714868, 0.27726167041108196, 0.4822415047997157, -0.02216885526723812, 0.3045662524667672], [0.467421563343498, -0.19409762666023436, 0.7294565996580462, 0.07636472450791777, 0.19566314155799408, 1.02, -0.12273855575455371, -0.44559792821474475, -0.09836958916520118, -0.25419006798661925, -0.3016771470552695, 0.1499490648947861, -0.2406940838306291, 0.024715526271295977, -0.2813786952482768, -0.20931308027667636, 0.3892712883186315, 0.22523795244039577, 0.11677209403547809, 0.3700765351600051, 0.2648350297199106, 0.25024989907006645, -0.12590174027899484, -0.01491074742577525, 0.20629268019399677, 0.5026053892317447, 0.2572656269312124, 0.2423608691282927, 0.08454081553482067], [-0.29014058266435083, 0.12457782494542632, -0.2726787692272391, -0.19596315313817983, -0.3843476993786416, -0.13092112613819062, 1.07, 0.414795364846473, 0.2715320505286896, -0.23081326194245297, 0.5731550518143436, 0.2183346882596617, 0.3534294573122269, -0.02464345795517501, 0.20260622116915955, 0.5174058844777039, 0.11708641725113444, 0.4520871969955006, 0.6689407514177274, -0.14645898674620494, -0.38968933880597667, -0.056869458554266165, -0.2880891814737561, 0.17988815641655995, 0.06729143686132194, -0.2497779500052249, -0.30395239577004746, 0.3256237938109342, -0.11854954913376656], [-0.3478036813055124, 0.013141716567745694, -0.7073014184435038, -0.18438139294784034, 0.05088149218410273, -0.540725575811151, 0.3798652288594016, 0.97, -0.26432392483872114, -0.037797908473385385, 0.34301068500250254, -0.05204442340803579, 0.5573737789756961, 0.196766