{"stateborders": [12, 22, 33, 42, 56, 67], "times": [{"name": 0, "matrix": [[1.0, 0.267191285782271, 0.3653651685182036, 0.5056383310112303, 0.13186897269043388, 0.5771626927532059, -0.11326839509360453, -0.040773872396484036, -0.03286198058308956, -0.25207061810451964, -0.25903551237149697, 0.15482672665175284, -0.31588710901341205, 0.1986587007799745, 0.2834525311365678, 0.36630366019536253, 0.2679182962163995, 0.6902714819622336, 0.6022215539620425, -0.1641563486138892, 0.648892034506891, 0.6951139697990565, 0.3530415348794384, 0.12512384418287076, -0.27428568389906227, 0.6948537602076458, 0.14813710730803448, 0.35483810327609344, 0.278592483367989], [0.267191285782271, 1.0, 0.307504145340091, 0.1818824916683247, -0.0024987344434940213, 0.5452398009267838, 0.36401749647236714, 0.14332715463994822, 0.4351124468024216, 0.15044523708747384, 0.08460930383309155, 0.7450400198490301, -0.004581069630681498, 0.33254588146753516, 0.004990276579323245, 0.31789112864256985, 0.5714346940163719, 0.2492519404827811, 0.2331799383721448, 0.0006313507913954428, 0.5276690764066991, 0.016901869362239846, 0.04279019930455915, 0.054990601635587104, -0.5617101720216862, 0.14103340171939166, 0.23687264085587367, 0.2830764904043457, 0.2796453201224635], [0.3653651685182036, 0.307504145340091, 1.0, 0.32822202152396807, -0.5156430559979961, 0.2953025370716586, 0.19008379868214872, -0.18320260421472478, 0.21525929536380708, 0.2641035238510701, 0.17075621512831454, 0.4062995030021525, -0.4966256527330749, -0.17199461674868916, -0.4561894647893944, -0.04439042972926478, 0.35752331807666543, 0.4159309942742863, -0.01494159818840583, 0.18364054858830156, 0.2666478607482434, 0.2015947095199867, 0.6107497410511906, -0.317615373153413, 0.03754280744350418, 0.5371227469423555, 0.0996786473194862, 0.17738531333931284, -0.02088523725745286], [0.5056383310112303, 0.1818824916683247, 0.32822202152396807, 1.0, -0.028753613486734397, 0.4238851179748467, -0.12465071930296423, -0.048501035278923285, 0.07175048094975787, -0.20399499120444617, -0.18060724784712723, 0.07182517795038136, -0.4832271243096734, 0.1285223054411104, 0.019709054054491835, 0.5178341680440843, 0.23660077991279488, 0.2571277402547677, 0.26624379313066854, 0.4504409996573741, 0.4203578936030493, 0.05670208520767208, 0.4401257278218313, -0.35207424822240246, -0.20088002181589962, 0.667352583725683, 0.4913595047342366, 0.18567446420371436, 0.4812368005996945], [0.13186897269043388, -0.0024987344434940213, -0.5156430559979961, -0.028753613486734397, 1.0, 0.21368078457343803, -0.3188335770725875, -0.11943880460219546, -0.4752695661183303, -0.6212719777081039, -0.517266024824344, -0.23071624942270585, 0.12142150706162592, 0.5119326828907896, 0.566773377598812, 0.13997736399854072, -0.07826345112180581, -0.14842064860889387, 0.575828963790882, -0.09149824149722684, 0.31078596708979334, 0.06568241394600306, -0.2102161549153834, 0.22441293049620653, -0.05739971888799529, -0.3115276860405457, 0.327191352372124, 0.2555650697301508, 0.5535084088186795], [0.5771626927532059, 0.5452398009267838, 0.2953025370716586, 0.4238851179748467, 0.21368078457343803, 1.0, -0.04133905705319454, -0.014988537063502972, 0.007588678801445658, -0.25694782569630026, -0.30814847567114056, 0.3344762440226039, -0.18934714259218174, 0.4246146634843347, 0.21348764257657613, 0.34981851533632297, 0.4678501697518717, 0.5221484048907727, 0.608020975176794, 0.12176255417426288, 0.5575935093732295, 0.16743512839840907, 0.37847136013131866, 0.08275970771125356, -0.4103329235903706, 0.2818455755631708, 0.3516728617241149, 0.25133983414282535, 0.5407052873163627], [-0.11326839509360453, 0.36401749647236714, 0.19008379868214872, -0.12465071930296423, -0.3188335770725875, -0.04133905705319454, 1.0, 0.3991707933568439, 0.7077188435983873, 0.5799814395146324, 0.8254946123260695, 0.7891188020633484, 0.09477952363303939, 0.14257769382726618, -0.45993445721149445, -0.3630969510621504, 0.6710167515267528, 0.1849004872662643, -0.4353287812330234, 0.04579725813302269, 0.13863058128600558, -0.039712595787417045, -0.03581465583747477, -0.2118258016127551, -0.009386344696196439, 0.01955222531077123, 0.11451604093792865, -0.16947696683593427, -0.045442054749317395], [-0.040773872396484036, 0.14332715463994822, -0.18320260421472478, -0.048501035278923285, -0.11943880460219546, -0.014988537063502972, 0.3991707933568439, 1.0, 0.34717524855816245, 0.05303228735949601, 0.5108219216015549, 0.39747168052969134, 0.32948610372441867, 0.1447411832335605, -0.24653798455386464, -0.21741357575802028, 0.12655803910900099, 0.27241298146883697, -0.031105622821685722, -0.31673899465539745, 0.12649488545966264, 0.023778815387775855, -0.2513329299460922, 0.13192015002103416, -0.2598664286727306, -0.03604998024814205, -0.1707710997104911, -0.07373803424523444, -0.26196809522509057], [-0.03286198058308956, 0.4351124468024216, 0.21525929536380708, 0.07175048094975787, -0.4752695661183303, 0.007588678801445658, 0.7077188435983873, 0.34717524855816245, 1.0, 0.6932370105563855, 0.5838414775877406, 0.5245946908766629, 0.05749540819287084, 0.29815221410990467, -0.5624172541675475, -0.09191261179016107, 0.6295753680678374, 0.12914575031981174, -0.352531959038027, 0.18155801206270808, 0.17983418409540172, 0.003888019092155647, 0.0788312405668952, -0.13252075909094468, -0.08357419411296042, 0.21920130548230107, 0.14451013217016426, -0.16923415067086586, -0.06547127757755909], [-0.25207061810451964, 0.15044523708747384, 0.2641035238510701, -0.20399499120444617, -0.6212719777081039, -0.25694782569630026, 0.5799814395146324, 0.05303228735949601, 0.6932370105563855, 1.0, 0.6356270879963547, 0.28721797458834025, 0.2306936741449826, -0.13935032914243084, -0.5388538208791633, -0.12258278367632047, 0.30129311882726584, 0.0681943952228602, -0.6175899649735987, -0.06794430497735654, -0.25943106701985214, 0.13962330816019777, 0.18111243870341392, -0.24775288719159247, 0.1959690375402412, 0.06965644732614558, -0.020732748201608843, -0.17425878838520542, -0.29004220383347035], [-0.25903551237149697, 0.08460930383309155, 0.17075621512831454, -0.18060724784712723, -0.517266024824344, -0.30814847567114056, 0.8254946123260695, 0.5108219216015549, 0.5838414775877406, 0.6356270879963547, 1.0, 0.5442785352659321, 0.13631671326067762, -0.1181612219630491, -0.617724391904288, -0.43040754007860965, 0.3540827732214187, 0.12900486616763138, -0.6799029461175194, -0.14089720792147475, -0.09882167164926407, -0.05787151208199893, -0.053798125861645375, -0.1055878938218472, 0.13786055685943296, -0.022600933393158214, -0.14948855054626342, -0.2446088681565607, -0.3841274360724487], [0.15482672665175284, 0.7450400198490301, 0.4062995030021525, 0.07182517795038136, -0.23071624942270585, 0.3344762440226039, 0.7891188020633484, 0.39747168052969134, 0.5245946908766629, 0.28721797458834025, 0.5442785352659321, 1.0, -0.02543228901328372, 0.18039115894751057, -0.22462707285442204, -0.0711209554860151, 0.6484543320880511, 0.37749930340578497, -0.003695970209966698, -0.012211225970769015, 0.447984182564523, 0.0247608416765239, 0.046555742702649755, -0.1966027536099373, -0.4524820862503475, 0.15541357823750587, 0.16203129398093405, 0.13340076836396475, 0.08871877700124611], [-0.31588710901341205, -0.004581069630681498, -0.4966256527330749, -0.4832271243096734, 0.12142150706162592, -0.18934714259218174, 0.09477952363303939, 0.32948610372441867, 0.05749540819287084, 0.2306936741449826, 0.13631671326067762, -0.02543228901328372, 1.0, 0.012820757854891908, 0.23024258673644168, -0.2003619093382065, -0.28797414029660073, -0.2977194511482207, -0.16354245423031394, -0.515461293996683, -0.4885892677300376, -0.05918251698384775, -0.3447523006309035, 0.09757054333941376, 0.059097706304891987, -0.6181884702481083, -0.3739068909226595, 0.03350864682492395, -0.3777874966434518], [0.1986587007799745, 0.33254588146753516, -0.17199461674868916, 0.1285223054411104, 0.5119326828907896, 0.4246146634843347, 0.14257769382726618, 0.1447411832335605, 0.29815221410990467, -0.13935032914243084, -0.1181612219630491, 0.18039115894751057, 0.012820757854891908, 1.0, 0.07323326337468919, 0.11430233654847542, 0.3902528281510949, 0.08694402743114846, 0.4444365430173421, 0.28846238902077903, 0.6438079653077657, 0.031116141742907572, 0.04995349063523238, 0.30452026151019085, -0.20467056480074772, 0.012842533443898935, 0.2691119897521198, 0.2346111410030253, 0.5129060708358502], [0.2834525311365678, 0.004990276579323245, -0.4561894647893944, 0.019709054054491835, 0.566773377598812, 0.21348764257657613, -0.45993445721149445, -0.24653798455386464, -0.5624172541675475, -0.5388538208791633, -0.617724391904288, -0.22462707285442204, 0.23024258673644168, 0.07323326337468919, 1.0, 0.4896674518491892, -0.4093471833986499, -0.042023956608441444, 0.5977714079513644, -0.24669396018776266, 0.11800107540010116, 0.1726835172402244, -0.2699015244339948, 0.1757771381626051, -0.31477990762372604, -0.14766970993850687, -0.06288681602834764, 0.2964013729749491, 0.19838237459330035], [0.36630366019536253, 0.31789112864256985, -0.04439042972926478, 0.5178341680440843, 0.13997736399854072, 0.34981851533632297, -0.3630969510621504, -0.21741357575802028, -0.09191261179016107, -0.12258278367632047, -0.43040754007860965, -0.0711209554860151, -0.2003619093382065, 0.11430233654847542, 0.4896674518491892, 1.0, -0.052904891684453906, 0.26037288700588834, 0.42027517804153147, 0.03808057584570626, 0.3297842712026088, 0.2541978717557495, 0.2690059100184851, -0.0527584983837392, -0.4653145797310301, 0.4002850128175513, 0.33648349618816564, 0.08760529578603321, 0.4726543523709043], [0.2679182962163995, 0.5714346940163719, 0.35752331807666543, 0.23660077991279488, -0.07826345112180581, 0.4678501697518717, 0.6710167515267528, 0.12655803910900099, 0.6295753680678374, 0.30129311882726584, 0.3540827732214187, 0.6484543320880511, -0.28797414029660073, 0.3902528281510949, -0.4093471833986499, -0.052904891684453906, 1.0, 0.3837240959229076, -0.0412533558305873, 0.3113763331468425, 0.488917603260995, 0.1031790846797315, 0.19604982657654654, -0.17351743111772425, -0.09416904931254381, 0.3886956787364402, 0.5028820852470782, -0.1581213917458416, 0.44752470352120904], [0.6902714819622336, 0.2492519404827811, 0.4159309942742863, 0.2571277402547677, -0.14842064860889387, 0.5221484048907727, 0.1849004872662643, 0.27241298146883697, 0.12914575031981174, 0.0681943952228602, 0.12900486616763138, 0.37749930340578497, -0.2977194511482207, 0.08694402743114846, -0.042023956608441444, 0.26037288700588834, 0.3837240959229076, 1.0, 0.4199399610826874, -0.23293982742131808, 0.5363235466437899, 0.6892323757039229, 0.4498542714253178, 0.09471809768713516, -0.40726773354910634, 0.6599051376855063, 0.24747712994430204, 0.12173972840989356, 0.24470520880890664], [0.6022215539620425, 0.2331799383721448, -0.01494159818840583, 0.26624379313066854, 0.575828963790882, 0.608020975176794, -0.4353287812330234, -0.031105622821685722, -0.352531959038027, -0.6175899649735987, -0.6799029461175194, -0.003695970209966698, -0.16354245423031394, 0.4444365430173421, 0.5977714079513644, 0.42027517804153147, -0.0412533558305873, 0.4199399610826874, 1.0, -0.07472279750361287, 0.6444889846377715, 0.39474053184711255, 0.1201015774598639, 0.17316326071382182, -0.5578920148898041, 0.25305643212586304, 0.28341512618163767, 0.4808554316995604, 0.4795226043057154], [-0.1641563486138892, 0.0006313507913954428, 0.18364054858830156, 0.4504409996573741, -0.09149824149722684, 0.12176255417426288, 0.04579725813302269, -0.31673899465539745, 0.18155801206270808, -0.06794430497735654, -0.14089720792147475, -0.012211225970769015, -0.515461293996683, 0.28846238902077903, -0.24669396018776266, 0.03808057584570626, 0.3113763331468425, -0.23293982742131808, -0.07472279750361287, 1.0, 0.1663014782974846, -0.44442489227936893, 0.11498688509704487, -0.23058003095832635, 0.1350381624233461, 0.2320602569435153, 0.3408736397146095, 0.0059183828990676856, 0.4679816335987647], [0.648892034506891, 0.5276690764066991, 0.2666478607482434, 0.4203578936030493, 0.31078596708979334, 0.5575935093732295, 0.13863058128600558, 0.12649488545966264, 0.17983418409540172, -0.25943106701985214, -0.09882167164926407, 0.447984182564523, -0.4885892677300376, 0.6438079653077657, 0.11800107540010116, 0.3297842712026088, 0.488917603260995, 0.5363235466437899, 0.6444889846377715, 0.1663014782974846, 1.0, 0.40289603967712606, 0.1244881306649743, 0.17441102938644248, -0.4819888666359883, 0.5217476352588059, 0.36108810974896755, 0.4372539004351217, 0.5239153619232175], [0.6951139697990565, 0.016901869362239846, 0.2015947095199867, 0.05670208520767208, 0.06568241394600306, 0.16743512839840907, -0.039712595787417045, 0.023778815387775855, 0.003888019092155647, 0.13962330816019777, -0.05787151208199893, 0.0247608416765239, -0.05918251698384775, 0.031116141742907572, 0.1726835172402244, 0.2541978717557495, 0.1031790846797315, 0.6892323757039229, 0.39474053184711255, -0.44442489227936893, 0.40289603967712606, 1.0, 0.1759299079816928, 0.037717101287850226, -0.08918593140964848, 0.5290552069327735, 0.0863107716506174, 0.31931490750572356, 0.10001695963139019], [0.3530415348794384, 0.04279019930455915, 0.6107497410511906, 0.4401257278218313, -0.2102161549153834, 0.37847136013131866, -0.03581465583747477, -0.2513329299460922, 0.0788312405668952, 0.18111243870341392, -0.053798125861645375, 0.046555742702649755, -0.3447523006309035, 0.04995349063523238, -0.2699015244339948, 0.2690059100184851, 0.19604982657654654, 0.4498542714253178, 0.1201015774598639, 0.11498688509704487, 0.1244881306649743, 0.1759299079816928, 1.0, -0.2958355346309201, -0.019392947283047902, 0.4627107453946097, 0.3827667065567018, -0.13590143480148248, 0.2810001714164911], [0.12512384418287076, 0.054990601635587104, -0.317615373153413, -0.35207424822240246, 0.22441293049620653, 0.08275970771125356, -0.2118258016127551, 0.13192015002103416, -0.13252075909094468, -0.24775288719159247, -0.1055878938218472, -0.1966027536099373, 0.09757054333941376, 0.30452026151019085, 0.1757771381626051, -0.0527584983837392, -0.17351743111772425, 0.09471809768713516, 0.17316326071382182, -0.23058003095832635, 0.17441102938644248, 0.037717101287850226, -0.2958355346309201, 1.0, -0.08288243091537123, -0.20355714276499587, -0.44905768943229524, 0.16904638799882774, -0.1364218737155287], [-0.27428568389906227, -0.5617101720216862, 0.03754280744350418, -0.20088002181589962, -0.05739971888799529, -0.4103329235903706, -0.009386344696196439, -0.2598664286727306, -0.08357419411296042, 0.1959690375402412, 0.13786055685943296, -0.4524820862503475, 0.059097706304891987, -0.20467056480074772, -0.31477990762372604, -0.4653145797310301, -0.09416904931254381, -0.40726773354910634, -0.5578920148898041, 0.1350381624233461, -0.4819888666359883, -0.08918593140964848, -0.019392947283047902, -0.08288243091537123, 1.0, -0.23095837009940592, -0.23038891238654866, -0.22059934292393316, -0.20706674484348706], [0.6948537602076458, 0.14103340171939166, 0.5371227469423555, 0.667352583725683, -0.3115276860405457, 0.2818455755631708, 0.01955222531077123, -0.03604998024814205, 0.21920130548230107, 0.06965644732614558, -0.022600933393158214, 0.15541357823750587, -0.6181884702481083, 0.012842533443898935, -0.14766970993850687, 0.4002850128175513, 0.3886956787364402, 0.6599051376855063, 0.25305643212586304, 0.2320602569435153, 0.5217476352588059, 0.5290552069327735, 0.4627107453946097, -0.20355714276499587, -0.23095837009940592, 1.0, 0.3106930605809137, 0.05113775622398271, 0.2578320323643734], [0.14813710730803448, 0.23687264085587367, 0.0996786473194862, 0.4913595047342366, 0.327191352372124, 0.3516728617241149, 0.11451604093792865, -0.1707710997104911, 0.14451013217016426, -0.020732748201608843, -0.14948855054626342, 0.16203129398093405, -0.3739068909226595, 0.2691119897521198, -0.06288681602834764, 0.33648349618816564, 0.5028820852470782, 0.24747712994430204, 0.28341512618163767, 0.3408736397146095, 0.36108810974896755, 0.0863107716506174, 0.3827667065567018, -0.44905768943229524, -0.23038891238654866, 0.3106930605809137, 1.0, -0.014498824405253973, 0.8208243200545726], [0.35483810327609344, 0.2830764904043457, 0.17738531333931284, 0.18567446420371436, 0.2555650697301508, 0.25133983414282535, -0.16947696683593427, -0.07373803424523444, -0.16923415067086586, -0.17425878838520542, -0.2446088681565607, 0.13340076836396475, 0.03350864682492395, 0.2346111410030253, 0.2964013729749491, 0.08760529578603321, -0.1581213917458416, 0.12173972840989356, 0.4808554316995604, 0.0059183828990676856, 0.4372539004351217, 0.31931490750572356, -0.13590143480148248, 0.16904638799882774, -0.22059934292393316, 0.05113775622398271, -0.014498824405253973, 1.0, 0.15768998284669433], [0.278592483367989, 0.2796453201224635, -0.02088523725745286, 0.4812368005996945, 0.5535084088186795, 0.5407052873163627, -0.045442054749317395, -0.26196809522509057, -0.06547127757755909, -0.29004220383347035, -0.3841274360724487, 0.08871877700124611, -0.3777874966434518, 0.5129060708358502, 0.19838237459330035, 0.4726543523709043, 0.44752470352120904, 0.24470520880890664, 0.4795226043057154, 0.4679816335987647, 0.5239153619232175, 0.10001695963139019, 0.2810001714164911, -0.1364218737155287, -0.20706674484348706, 0.2578320323643734, 0.8208243200545726, 0.15768998284669433, 1.0]]}, {"name": 1, "matrix": [[1.05, 0.2832227629292073, 0.3434432584071114, 0.5208074809415673, 0.1292315932366252, 0.5944775735358021, -0.11213571114266849, -0.03914291750062467, -0.029904402330611504, -0.22686355629406768, -0.27975835336121674, 0.1470853903191652, -0.3348403355542168, 0.2125648098345727, 0.30612873362749327, 0.3736297333992698, 0.2866725769515475, 0.7454932005192124, 0.5540438296450791, -0.17893041998913925, 0.6878255565773045, 0.6534071316111131, 0.3459807041818496, 0.12387260574104204, -0.26057139970410914, 0.7018022978097223, 0.13628613872339174, 0.35483810327609344, 0.3008798820374281], [0.24581598291968937, 1.160367746201974, 0.6833911317920214, 0.19013039288817712, -0.3281486935258176, 0.23274145010366104, 0.31795280671023257, 0.17760975612228716, 0.8567782482075545, 0.4195690300825146, 0.06890243814691341, 0.6778687933080284, -0.11923968632349677, 0.6375684064270111, 0.005389498705669105, 0.3887818760540539, 0.542647673863432, 0.15041494403883932, 0.03605670641486896, 0.017501497059705468, 0.8356044901112448, 0.05433057042124273, 0.03932239961051989, 0.03937994484687185, -0.5799172800585798, 0.27079236147949515, 0.47329341408871556, 0.2959885859192128, 0.08451934064359143], [0.3945943819996599, 0.5102281704193041, 0.724847026829908, 0.24537350253079115, -0.12171841122571153, 0.2546169295446866, -0.041958865223826, 0.04968498656061679, 0.030633519482357652, 0.0288206927788153, 0.3652127401504246, 0.39485120747937397, -0.47906682046129767, -0.26445320197513367, -0.646945852959085, 0.12904002061584088, 0.39775897130262294, 0.21692064439822104, 0.045156698603219386, 0.1926444696954001, -0.15613474301210586, 0.21291218420439653, 0.9692962536462792, -0.5801076528558743, -0.020549749490344126, 0.7235279467050296, 0.05789446235003849, -0.13692818721504893, 0.20624945472077588], [0.5309202475617919, 0.24177981915329314, 0.20709722683192908, 1.2351902081452308, -0.07928765243369743, 0.4874153762915492, -0.19284417607749516, 0.11319519467094022, 0.10636059723202007, -0.18250564099943448, -0.15536107486448697, 0.048677574268576065, -0.35075731339791644, 0.12341829283092251, -0.05415640613485881, 0.6499033199313232, 0.1996457426660333, 0.3261081216563407, -0.013366644044289777, 0.690177242383138, 0.3034809876309333, 0.0750222780570823, 0.3917186781955084, -0.29983982512249385, -0.048308259473692716, 0.5543806770911435, 0.5068746182810112, 0.1432710294904232, 0.4812368005996945], [0.11868207542139049, -0.2826655817740371, -0.19181204579680045, -0.05464598037795511, 0.856377690759919, 0.43278263895786206, -0.27749029676818204, -0.3401059162875166, -0.5205144067083658, -0.49143385071674905, -0.816642516055062, 0.10363204114371771, 0.04464806692895365, 0.476570149871515, 0.7137352295065769, 0.11307396821934665, -0.2115635432895441, -0.22330855226433036, 0.813758820150333, -0.1730785288744678, 0.4294767617487906, 0.06502558980654304, -0.4326316613473725, 0.6519293108143296, -0.2541818390562147, -0.30091841906435335, 0.34846803640021135, 0.27223272123343906, 0.2749606879131479], [0.5598478119706096, 0.13139662462807933, 0.283359810379273, 0.6514077295619621, 0.3136034892459706, 0.8807348038226788, 0.07739545642605034, -0.2739367931722407, -0.20278192861530125, -0.15763982588714867, -0.03239807633458999, 0.4759078510870398, -0.3520684702092983, 0.22252402765617335, 0.17540616481432023, 0.2795316206986549, 0.8386525365114292, 0.5961542121228799, 0.5845065234470062, -0.2621589945560284, 0.469893914626494, 0.24882756973214037, 0.6200115175472563, 0.31708514299057144, -0.29600616082435416, -0.00029992108132700923, 0.19656473807863098, 0.5183710592554267, 0.6800198783163326], [-0.10533960743705223, 0.25081535226111396, 0.034840129561749034, -0.3204243070785321, -0.2968811622870349, 0.09346656980273732, 1.1320735492403948, 0.2642524446335247, 0.5769644281067903, 0.6293856140889602, 0.7463797569443695, 0.6701909337961197, 0.27948239470716696, 0.19769797765378105, -0.46913314635572434, -0.42371722647763654, 0.4475850931228671, -0.02368039189374748, -0.43757779430736155, 0.10546997170034911, 0.21732933148627365, -0.04369812864302882, -0.09965105637984426, -0.36733781669925236, -0.02471012149627893, 0.03432158236413386, 0.1861146746746039, -0.08444427988141451, -0.047259736939290094], [-0.04199708856837856, 0.3289569618843891, 0.1769866263162123, 0.05864977088393343, -0.3018640948451726, -0.13633633018530264, 0.32293010497038566, 1.3397589742270006, 0.6776568974199711, 0.06290170517672306, 0.40878587810408723, 0.21597116687691686, 0.32948610372441867, 0.16088876435596283, 0.04366864691645572, -0.166239395096915, 0.030679418107689566, 0.0014847302719516176, -0.13883344220639937, -0.08330203889235238, 0.4334219502834502, 0.04025316888987228, -0.42876011975009515, 0.0036572220593541344, -0.24427444295236672, 0.13152203719641029, -0.050854723226047574, 0.009119945943272714, -0.39469980971724644], [-0.034176459806413144, 0.626003942689041, 0.1804578916208821, 0.1085131116605128, -0.43775590400323505, -0.263235880156949, 0.6870380841765001, 0.43465246578273364, 0.8505794154626187, 0.6997188230444643, 0.7303697976545931, 0.25859532111485795, -0.15519279447880574, 0.5989594718324333, -0.7596006723326807, -0.00698896197843428, 1.0921522869655316, 0.15932089981069492, -0.43681500506653653, 0.41488240526154463, 0.08657456467978486, 0.004043539855841874, 0.12985108544675844, -0.23753112143552257, -0.0539938829565363, 0.2230703490563734, -0.15784910704013397, -0.19564184415920086, 0.14694983447338017], [-0.24198779338033885, 0.36697206876492816, 0.08768057522518544, -0.25652415091087916, -0.4976465704938301, -0.2348402930451417, 0.5129189890745561, 0.09765138431809489, 0.7057500779150583, 0.7850558198584167, 0.607195265942428, 0.49805271440827803, 0.22442351751902453, -0.22679262520022386, -0.526680991765899, 0.07805520213288719, 0.29372509387418655, 0.16882427812629044, -0.588148169535675, -0.04092224752177561, -0.34675256254140774, 0.2383967158334426, 0.32645562016672774, -0.40110004073080874, 0.15463823513485975, 0.2781140441518653, -0.0783569673484006, -0.2488119169073689, -0.3161460021784827], [-0.2745776431137868, 0.05422533029865894, 0.15688980989398882, -0.1590867275349, -0.6209501409178874, 0.001498255989235503, 0.7690719397225237, 0.39923342345781243, 0.7420314453043049, 0.6110350705223532, 0.9504422646807423, 0.7233367193277966, 0.3341802482167524, -0.4970689452178685, -0.5015122686601602, -0.4134026639524355, 0.08406642918014973, 0.4744752547248678, -0.8645357640840414, -0.1934206831889297, 0.05839983872996851, -0.1394807216805074, -0.33106289879151707, -0.05832017987701234, 0.23732600909835447, -0.2491079113632589, 0.2180600910343004, -0.34613264512610414, -0.4375617058174825], [0.16566459751737556, 0.46395318755164905, 0.45620805216926685, -0.10240602087259652, 0.16045373784714018, 0.4382433036181775, 0.7211464714725091, 0.10909929959752795, 0.24810342729732476, 0.36034334770355986, 0.5605257273729752, 1.330010452489391, -0.08791759336810681, -0.20670920184700411, -0.3816913321624719, -0.0015918587412767082, 0.8831780839197881, 0.22378353321938999, 0.015570084669832646, -0.31143138288191635, 0.3114081596379751, 0.03986327614957158, -0.0056983204736826415, -0.07769561632946885, -0.4450512475902139, -0.006502782470226565, -0.10133996820023428, 0.1641451469614196, 0.36751346159581794], [-0.34115807773448503, -0.21508630309350382, -0.4811565643369603, -0.3161827599862086, 0.04586228199956992, -0.2990864347871353, 0.2590158776029454, 0.3426655478733954, 0.05135588993781171, 0.26583848598130555, 0.2245533131392876, -0.0693791968641853, 0.9145918502815242, 0.1122024369129723, 0.21642803153225518, -0.3809827551510997, -0.27550270453828735, -0.236873035072921, -0.16000025327754272, -0.6090187943604887, -0.4060736882293823, -0.05918251698384775, -0.4303021590782903, 0.11265824957879461, 0.22134110167058801, -0.6291913714655417, -0.4529666608241746, 0.20392955264405882, -0.35512024684484467], [0.18475259172537628, 0.5848172961892342, -0.048897290600005666, -0.00999407952169983, 0.3209875037763856, 0.10434115629143792, 0.14425433907276203, 0.15854810838242642, 0.30637584454880795, -0.3104486940859419, -0.39298661267426305, -0.13091250925169723, 0.12232107180962046, 1.3429295545308428, 0.3096505943493664, 0.07859926679483892, 0.18953548399855824, -0.045049644251938845, 0.43531323192610943, 0.48326276571104454, 0.9263244706900782, 0.16462595053325463, -0.181569924809248, 0.20320462668042122, -0.3588868798804471, 0.1888114134172537, 0.6156646265215721, 0.253328049530949, 0.48995086375769537], [0.26361085395700806, 0.16846420234477302, -0.7029281579358254, -0.024174176080796226, 0.5454445210136203, 0.045253178378788644, -0.45993445721149445, -0.21016608748083737, -0.8214665702911109, -0.5835603005909915, -0.289980737343233, -0.3503486665858487, 0.2417547160732638, 0.16636000395849804, 0.9362075258914937, 0.45265180163784224, -0.007123579879584951, -0.16294641645215238, 0.6157045501899053, 0.09143824320036353, -0.1625038082929055, 0.08129201172812243, 0.09166547483910259, 0.036423214641026075, -0.3084843094712515, -0.13220436392881696, -0.16946803353174106, 0.22900193591168644, 0.4041382463748463], [0.3333363307777799, 0.5425431919773847, -0.07902167419702102, 0.7078315898689603, 0.04413112675479995, 0.2478568211122275, -0.4779410167198025, -0.04581668772583422, -0.028271437477135786, 0.02294874193638062, -0.4652213588476129, 0.03606532874427204, -0.23428278941768899, 0.13228105524127884, 0.45544595661983145, 1.02440834245639, -0.05184679385076483, 0.3586000511081479, 0.34921763113906634, -0.05814019742642889, 0.29451537683039547, 0.2524971573691115, 0.20486932504117691, 0.16031014614876565, -0.4246949042217802, 0.3260713155884737, 0.22763037990773138, 0.2011628625533174, 0.44902163475235907], [0.2839933939893835, 0.5877270948841697, 0.6694638418628127, 0.19531947766385724, 0.03568145329712727, 0.7389050999314735, 0.5166368505281107, -0.11814992017171605, 1.024706833693442, 0.22722642583780228, 0.12543590914234942, 0.9418580448739257, -0.2664620916370086, 0.21796905632416036, -0.2510498639389088, 0.12091971724611472, 0.634847026829908, 0.5159379574586929, -0.01394655849482104, 0.1806552807328976, 0.593331542876177, 0.10936982976051539, 0.23134090731280404, -0.22701397682502403, -0.13225277907510682, 0.35726939498966004, 0.5282836866978543, -0.2573801655308341, 0.3807949480608404], [0.7040769116014783, 0.07185801299619934, 0.3584181217590697, 0.3771303892965576, 0.0614374691073101, 0.7858959591312589, 0.015253533227610833, 0.13148345712354303, 0.03339797503261045, 0.12292721179453828, 0.2459861166298163, 0.39019002776753386, -0.1472884212555346, -0.187032981003569, -0.22867209257516485, 0.296527574185409, 0.6460656470399986, 1.1200307364653432, 0.15106020735228015, -0.39700667991141125, 0.23139775903397725, 0.7951752299370435, 0.4928986135423366, 0.06687132376449217, -0.20286742336557298, 0.11032810975774093, 0.08623347071752172, -0.006281616122999788, 0.608531456199224], [0.5480216141054587, 0.15793952426464355, 0.060940206426188914, 0.17634159935351568, 0.6173577047398316, 0.5616613838033027, -0.3985178915669237, -0.039799143995870354, -0.36766800894418555, -0.41214363540726995, -0.6830461669079062, 0.07667862797076898, -0.19911842302539234, 0.39942594378229124, 0.63961540650796, 0.21965461248437865, 0.09008173327222917, 0.1506959422473041, 1.09, -0.1988023585224869, 0.6966592139654089, 0.39278991461101054, 0.05751727659151982, 0.29699767162485824, -0.742529352122369, 0.30446166797959895, 0.2159554438156243, 0.4236924034742779, 0.43157034387514387], [-0.17072260255844476, -0.007933548066117867, 0.329558957121171, 0.5426794705394602, -0.11211993199734127, -0.19150033767155852, -0.015262498383418664, -0.02113668998105067, 0.2748610103332465, -0.0536753622282152, -0.11741439787057795, -0.29470940518434635, -0.6248104220941311, 0.3385757956257078, -0.1267931392378001, -0.06426119533613495, 0.09431832893725664, -0.16600926905211771, -0.2423720964229684, 1.1411367369169438, 0.5787076901722499, -0.3620906495562656, -0.1370305839722813, -0.4816158681761348, 0.18791476465760862, 0.2818594810571303, 0.49866523414615394, 0.2730223575343548, 0.35873948156106794], [0.6424031141618222, 0.7402671604099702, 0.09029834101809772, 0.2824551786096588, 0.6395104877152624, 0.6520302067932697, 0.16684107239779986, 0.17745375501596758, 0.08384553451215768, -0.27443924197459096, 0.10722865842481419, 0.22822613457659965, -0.43891731479779705, 0.9975457466574891, -0.0834876163959642, 0.33610424029485586, 0.6877564101430822, 0.28878351267881497, 0.6497558270254313, 0.42603733594294213, 1.062916432701152, 0.4149829208674399, 0.2457108703243644, -0.11813794052519402, -0.5101892140686649, 0.5006648192122254, 0.536080450910937, 0.6741872488238266, 0.6560169132867977], [0.6603582713091036, 0.11118206488697666, 0.20017914850286073, 0.06684494004912175, 0.06305511738816294, 0.20697262563860064, -0.13190543691619253, 0.049433733835097596, 0.003615857755704752, 0.18216387537358703, -0.16626484125876004, 0.05905041002442975, -0.05859069181400927, 0.07924962787636249, 0.1571420006886042, 0.2863841450282785, 0.10936982976051539, 0.7303731772190687, 0.31158147841489114, -0.37641329904325, 0.4310987624545249, 1.0053330333765933, 0.06975201866610098, 0.06302121876771098, -0.0874022127814555, 0.5579603000861605, 0.04012668872487088, 0.3375887129786654, 0.0990167900350763], [0.3601023655770272, 0.06774738039647907, 0.9941304171017031, 0.3894108885355558, -0.4742564070296222, 0.5786421940599764, -0.06339805909899261, -0.45513407027461994, 0.3107527380566196, 0.2968150029590593, -0.08337379383870044, 0.2596511596550406, -0.4007811045661004, -0.06567878794833854, -0.2150440019031838, 0.3593585325786089, 0.20498227598043756, 0.5600203314127907, 0.10063861961893453, -0.07811053335504328, 0.35200237123327865, 0.0987284243881659, 0.9753825946403636, 0.04717494867518815, 0.009078677572541338, 0.23555877057408725, 0.25414344352001667, -0.22516214165321954, 0.25181411293950795], [0.13638499015932914, 0.20918034533075586, -0.5017962237262433, -0.40105595813887224, 0.30463357773884137, 0.12037597547161225, -0.5264990267403927, -0.18320565911759118, -0.1296434574178922, -0.30770050288385, 0.02629405926667519, -0.05496811402501279, 0.1317534936907371, 0.017963811879323027, 0.09400707456518408, 0.15448775216950472, -0.0035203735027011795, 0.2349624345420641, 0.13646033983467495, -0.5899438562884217, -0.32734837234450187, 0.06584361892890833, 0.04421659332887892, 1.0027220270688648, -0.08070364004243821, -0.4011320798578573, -0.5639744733932024, 0.14418989491624487, 0.16276998643964963], [-0.26057139970410914, -0.5321857647378253, 0.030452785181785496, -0.022087110064543086, -0.15444014073206905, -0.3175630638852304, -0.0693673636390589, -0.2728597501063671, -0.057336850721054725, 0.15630716434803343, 0.1775469297815524, -0.48071021346861725, 0.08256890465998212, -0.2907746553027335, -0.3116321085474888, -0.4321704501802878, -0.14634721997460134, -0.30222471966551556, -0.813486716506879, 0.2306131541033598, -0.5886175998861771, -0.0945370872942274, 0.00036385384533350884, -0.1501556106832109, 0.94, -0.4515109532719278, -0.20364174036582924, -0.2691635307370095, -0.19464274015287783], [0.6323169217889577, 0.2869514314262065, 0.7182490799953147, 0.7095698879612957, -0.3783851308305253, -0.11761428422673359, 0.034641837382296516, 0.2022676943030291, 0.4485469547442783, 0.22194633502149333, -0.2234367257543619, -0.008963846049851815, -0.679240023823893, 0.20971548285043823, 0.16024750975478627, 0.33200026482224015, 0.16325985996999443, 0.3332522156627369, 0.27868402647930945, 0.4192749071249163, 0.527293571214108, 0.5625809697673372, 0.36846066098592617, -0.4780553810117938, -0.36450595266693503, 1.3426620372394162, 0.3955788582011621, 0.08948602361238849, 0.06314089585440008], [0.1614694469657576, 0.15282900881960051, -0.15943584493653654, 0.6604251513187857, 0.5516783172056771, 0.3058085706260444, 0.19756627876839677, -0.06391753877124645, -0.20331304413372508, -0.028050330558288095, 0.06865202017079623, 0.07054502772271413, -0.3739967780572856, 0.3294197989862616, -0.11963619966160347, 0.04696863472679269, 0.588415326523068, 0.3059256660897855, 0.27535263147428685, 0.2834450919707404, 0.37301626293854473, 0.0637526999622326, 0.33741152983665634, -0.46392031330795835, -0.09965913723591666, 0.5249749501561423, 1.0194558003753658, 0.01155195030615784, 1.1738410634355088], [0.3867735325709419, 0.2703087717361887, -0.08980815190189356, 0.10755429855047649, 0.27566607308354757, 0.5127340290781586, 0.0023948875645262158, -0.01912215361905724, -0.2227551381849388, -0.19526313283751134, -0.45161308337094896, 0.18342380995198795, 0.19617692424879893, 0.3347572212383727, 0.29149249800201155, 0.21903702447272178, -0.3147117035268606, 0.13489751856769436, 0.44641579583360824, 0.12363154679692867, 0.6395373049496403, 0.3825917533684857, -0.18098854594310865, 0.19390904346230564, -0.23889143092469234, 0.10016096122657381, -0.05355467994796303, 1.1376595113582337, 0.17188208130289684], [0.26187693436590964, 0.17171785222872354, 0.2752956796118381, 0.5245481126536671, 0.5509117294472963, 0.8708756018224525, -0.04589647529681057, -0.36442770990492934, 0.20893018037388544, -0.28134093771846624, -0.5468972344478381, 0.44932368463572586, -0.38534324657632085, 0.4291555319141442, 0.46947674867347944, 0.44429509122865, 0.390073281814442, 0.5982163772774799, 0.46513692617654395, 0.3530712456611747, 0.7054848256179668, 0.09001526366825117, 0.1638078152167215, 0.08498554544693437, -0.21534941463722654, 0.17424988584479745, 1.0189144225071436, 0.14507478421895878, 0.9521598752346035]]}, {"name": 2, "matrix": [[1.1246353575692634, 0.25383172149315747, 0.51572253930591, 0.7345713406878328, 0.6070487933635689, 0.9122947034170497, -0.11051710500020581, -0.02679862376807999, 0.2878828530614038, 0.108093790486774, -0.13281486465031248, 0.4194526399907271, -0.1812517514441486, 0.6614677424243176, 0.7459949745228567, 0.4936129445607187, 0.6546177882664449, 0.8684923838003485, 0.7559968659989743, 0.10716971484554558, 1.0256281881674343, 0.8619445966105473, 0.6098359027184157, 0.32582564209493725, -0.0020859725904376625, 0.9948509702464835, 0.27334990054654174, 0.7538778471685659, 0.5675924137304322], [0.5750656947541484, 1.4209978935350431, 0.33381166428705866, -0.09631560667892547, -0.012187926567865166, 0.4948090992962665, 0.6648103639984912, 0.5345401181480292, 0.6549486179879676, 0.0825477326140125, -0.0640162470805471, 0.5922261683315062, -0.040859273700235045, 0.6011051607306648, 0.2341131974343053, 0.3923456063826809, 0.3523169285851635, 0.05396916634088192, 0.20558703741798662, 0.013502973742763665, 0.6627880092477723, -0.11706999317080491, -0.2210857998514385, 0.005959404473069349, -0.2860194411969281, 0.2832294934695342, 0.1798469217051385, 0.00015491302952852504, 0.02652165192407746], [0.7480121956189765, 0.3034185387178758, 0.5088948336549564, 0.6173015505169437, -0.41427520498482334, -0.05960506739254953, 0.21620108225320744, -0.07244391703402635, 0.14591041751826916, 0.4128095039944394, 0.3000302419538693, 0.5024542831201224, -0.5081472573739, -0.2028285464037898, -0.5539655046019696, 0.1349032325178222, 0.3663429203881102, 0.44818599378235513, 0.3273144377251255, 0.04359881427763929, -0.1005350888628801, 0.33455810336850944, 0.7557589921440349, -0.6115008846029313, 0.29202247518361835, 0.5960305094892185, -0.24439908085023687, 0.3932903109113829, 0.08861552745556578], [0.6402359015741691, 0.0026541682837977892, 0.4858879541030604, 0.8872497565715227, 0.18912112890108948, 0.431091218423844, 0.014235143788804833, -0.06666970768385971, -0.02480585696317414, -0.3370504355411523, -0.029880968014704357, -0.1406518900855956, -0.41963666753899576, -0.06740213136104443, 0.21514969323638578, 0.4134858936882543, 0.5384534598849989, 0.07993937263083278, 0.4236320495697315, 0.4013823713726067, 0.5369666426495485, 0.11507478686160443, 0.6081840972285083, -0.48710329527259555, -0.10620234064120655, 0.5462830465761725, 0.6029209004917861, 0.0015474760289870548, 0.7000469932994103], [0.39059017001372603, -0.1558266690118564, -0.36372634711475405, 0.23971898305141284, 0.846987301579567, 0.32700171650669574, -0.30678158473331907, -0.2989732405480577, -0.4907101089923829, -0.48059109717222387, -0.781047982544056, -0.07148819741606499, 0.18972747774083892, 0.24527934028906223, 0.7189199321945234, 0.30098305481920595, -0.06808198799308128, -0.13106461924828053, 0.692381173489928, -0.29400620245574755, 0.33523069137562744, 0.19966094737580647, -0.4104096560446265, 0.40440860693724406, -0.02371997575175637, -0.31596267167726116, 0.49403287100973803, 0.245644599422431, 0.5853997796028846], [0.7748004854388837, 0.42774937972852434, 0.13383918868545913, 0.5228474559765771, 0.45142045110727935, 0.8800687123533448, 0.025816596053353527, -0.008501305004663812, -0.1143543741513773, -0.5501750430425513, -0.09094525910564152, 0.6179678061322547, -0.2311050973141269, 0.3692305198909548, 0.18799684628255697, 0.06390401834737408, 0.49813097635185083, 0.7131008645241659, 0.704895661351624, -0.019909833169660517, 0.2534706970950054, 0.3130854907261538, 0.38821962082704947, 0.12789254879736872, 0.03725201372749498, 0.25993916652438914, 0.10482096017010345, 0.1169362253514925, 0.7041195929851372], [0.32704780709990033, 0.4982567519851627, 0.28546931321692426, -0.14398973657807138, -0.14307656391775503, 0.13076624350485141, 1.2833790576394553, 0.5949090624408453, 0.7192492138584472, 0.6031956718843186, 0.7730100307235211, 0.9552757603851422, 0.34136454754638534, 0.47618028202312224, -0.1071960916835383, 0.026601361284100566, 0.6686643144914982, 0.2693646408653106, -0.5750887457405258, 0.17433569570705215, 0.4957455696495259, 0.15669065144317684, 0.39154510062095355, -0.24299632317431735, -0.1258142647839613, 0.004553638554563949, 0.32749263826539377, 0.10955071655144277, 0.2274640247691549], [0.35594070663512184, 0.34078839431882624, 0.014297218767291791, -0.1705156273717804, -0.058961060419680036, 0.06482483513469725, 0.5732457027645692, 1.3219289778103407, 0.6245286205769669, -0.11372848452773507, 0.6541689555547383, 0.5552375557878353, 0.7312120741486815, 0.1616335245013569, -0.04434122329384494, -0.033100065511774496, -0.06458948337586357, 0.18721101629553988, 0.04074968108930012, 0.01372561561464447, 0.3782284783311962, -0.10903560779858967, -0.2903509859937508, 0.26954313198495405, -0.18537147401581397, 0.16281773659192864, -0.11666112607965322, -0.21815637813088185, -0.29060604282267266], [0.13608945599015154, 0.6025453909031644, 0.12776248271560514, 0.08262820449925164, -0.3958717351533947, -0.31769411751144455, 0.9702462791239193, 0.5489007329605724, 0.8464698059572306, 0.9910162859545517, 