{"stateborders": [10, 20, 32, 46, 62, 70], "times": [{"name": 0, "matrix": [[1.0, 0.586106329225609, 0.5095674143249015, 0.3706103609296174, -0.055158300501882813, 0.22024800502413758, 0.32197645118813534, 0.22235373567279418, -0.0349102321412742, 0.08607381166404993, 0.1712331479536981, 0.3895952860450867, -0.05336855446364891, 0.022256989178770836, -0.1165910569653924, 0.021384530469238987, 0.24816351164835254, 0.19439443869462522, 0.21412564736172418, -0.40787039381939344, -0.056949093674403296, 0.0037887994920824905, 0.1826128793743877, -0.2700170442923135, -0.568910625047922, 0.5211727349984149, 0.31035021294056225, -0.13162268860056037, 0.007657319601852954], [0.586106329225609, 1.0, 0.18538511372331962, 0.09132647171599201, -0.2717992723948849, -0.0076458806632064315, 0.39820958268655726, 0.15112554407570775, 0.06173226388781136, 0.08571398088216677, 0.13196462047225316, 0.4567149606611072, -0.4382362380809718, -0.21042103999244743, -0.019573835414767843, 0.05446627503009406, 0.14992399660694886, 0.17651020130014694, 0.22988942019206743, -0.2692418704634782, -0.020994375897401007, -0.08478540371575573, 0.15889146904801107, -0.24824423649949579, -0.2785425111241619, 0.43404021942608056, 0.43145514885676334, 0.07504983719888998, 0.0007724515963913244], [0.5095674143249015, 0.18538511372331962, 1.0, 0.29886548355567655, 0.0774103890698242, 0.3568063363312576, -0.10876118522493897, -0.3104030735228041, -0.12293250818467236, -0.03117140048140839, -0.1383638777977662, -0.0688800928428338, -0.24922652877523505, 0.02081363193040647, 0.0032401211926925046, 0.0591777112225721, -0.19643863505364142, -0.18034845312966896, -0.2486242768493774, 0.013570595564540879, -0.06397673768800838, -0.23871881538674694, 0.053389046871910574, -0.21721573506935196, 0.011389475043794794, 0.24215213765017296, 0.0850840565572837, -0.22986556888163132, -0.07186918655150322], [0.3706103609296174, 0.09132647171599201, 0.29886548355567655, 1.0, -0.22957184306085482, 0.12638824134183316, 0.28711448799649186, 0.09238406103851306, 0.08926698662707437, 0.09464385401576901, 0.17524023022279153, 0.07387786304280385, 0.10230446630721238, 0.06522711880127817, -0.34930138171795155, -0.03550763067897489, 0.19878158353951006, 0.21978446094697018, 0.33803272659933886, -0.4539167649588682, 0.5198738202950084, 0.5328234768701047, 0.29142314383712153, -0.37275256355977415, -0.287813457780664, 0.5009833334181243, 0.10101996518835803, 0.22731555149227609, 0.1372960056884149], [-0.055158300501882813, -0.2717992723948849, 0.0774103890698242, -0.22957184306085482, 1.0, -0.1586633468488864, -0.26574382500916877, -0.07637640887489607, -0.6927997665997077, -0.5516744108269597, -0.412294048790965, -0.2701134055342021, 0.169889389547746, 0.471603302180181, 0.14781209753393731, -0.46147302437950233, -0.2577863540170256, -0.238973758427799, -0.41734460223035463, 0.03954177652955836, 0.06433535198433195, -0.050071663414855125, -0.2664738391187073, -0.11923800053112898, 0.19645621634097288, 0.0249110988813925, 0.3105833877515215, -0.3392656691561617, 0.4997930227203241], [0.22024800502413758, -0.0076458806632064315, 0.3568063363312576, 0.12638824134183316, -0.1586633468488864, 1.0, 0.2775725355216005, 0.2001100054785426, 0.24211842785934864, 0.20260036166889064, 0.16424256501563342, 0.36807859947518234, -0.05238254685248126, 0.14804154495018712, 0.3563356130099423, 0.18242471940524582, 0.22977220341500246, 0.5004811346616277, 0.07280386134682769, -0.4116424480295471, -0.07750966879704367, 0.19097585637822181, -0.1517456459476024, 0.22775392878200876, -0.038028963406641976, -0.04964829020146014, -0.1183419186306051, -0.02035186410181052, -0.39227442982297583], [0.32197645118813534, 0.39820958268655726, -0.10876118522493897, 0.28711448799649186, -0.26574382500916877, 0.2775725355216005, 1.0, 0.3686314049092128, -0.10078265694461554, 0.2941658989572478, 0.591071671414399, 0.7492618698947933, -0.22822421150402616, 0.06740264406476708, 0.16248990909800734, 0.0545901349266056, 0.7183698494136089, 0.7321924298496255, 0.6863121103483903, -0.6316135989397769, -0.08699702719241, 0.3803527903870085, -0.14530742007725084, -0.4312596824855624, -0.6100188076916473, 0.39631503567393267, 0.39815327897839076, 0.17364778648946036, -0.04633561042570306], [0.22235373567279418, 0.15112554407570775, -0.3104030735228041, 0.09238406103851306, -0.07637640887489607, 0.2001100054785426, 0.3686314049092128, 1.0, 0.45017143004358856, 0.38213241953368576, 0.4810165864870809, 0.4045211691300313, 0.5905611041334142, 0.48389280035159327, 0.3268090164594132, 0.19987944523310194, 0.7341778284186117, 0.2720297466551109, 0.3040733980780522, -0.6763861306396869, 0.2924613706532231, 0.5003632207410644, 0.0712034468321808, 0.4254536068856676, -0.012071117830667204, -0.25519296143993253, -0.12456649096133048, 0.08140770716991781, -0.3108125575992717], [-0.0349102321412742, 0.06173226388781136, -0.12293250818467236, 0.08926698662707437, -0.6927997665997077, 0.24211842785934864, -0.10078265694461554, 0.45017143004358856, 1.0, 0.609041441634776, 0.34528558694413675, 0.035211245328967467, 0.3517481739656775, -0.042166873751274946, 0.07132062177724945, 0.47406747579260067, 0.2515095099562293, 0.08144006631731936, 0.1625079428573496, -0.15338212177586477, 0.2445462917012127, 0.20864525282079485, 0.2677870015563834, 0.6477554174840617, 0.22828358772365495, -0.3879295324986184, -0.6173796856530794, 0.32531165800490724, -0.6248374581558289], [0.08607381166404993, 0.08571398088216677, -0.03117140048140839, 0.09464385401576901, -0.5516744108269597, 0.20260036166889064, 0.2941658989572478, 0.38213241953368576, 0.609041441634776, 1.0, 0.6080786879994624, 0.09529046545698765, 0.18711396673081906, 0.24996036903076735, 0.2365887117183905, 0.6401534613695856, 0.36075589739015124, 0.21441642242079842, 0.3239735813224141, -0.19871271448240868, 0.07744341839511144, 0.4575225874355475, -0.03802217558820847, 0.3659691795108071, -0.03901027675317855, -0.3700527529342883, -0.42057365635496335, 0.4245921668570482, -0.7735465206857122], [0.1712331479536981, 0.13196462047225316, -0.1383638777977662, 0.17524023022279153, -0.412294048790965, 0.16424256501563342, 0.591071671414399, 0.4810165864870809, 0.34528558694413675, 0.6080786879994624, 1.0, 0.3980763932829748, 0.18972834459203317, 0.1004061015869888, -0.09284471744036725, 0.28729091980897886, 0.4697751175387503, 0.4333606987693793, 0.4176826636914436, -0.6183088401678027, 0.09541217971430785, 0.4440231035626276, -0.0315877651263521, 0.1249109612203203, -0.29372322861298694, 0.1078471888533999, -0.016654327944237823, 0.4377056097898661, -0.2603165986539507], [0.3895952860450867, 0.4567149606611072, -0.0688800928428338, 0.07387786304280385, -0.2701134055342021, 0.36807859947518234, 0.7492618698947933, 0.4045211691300313, 0.035211245328967467, 0.09529046545698765, 0.3980763932829748, 1.0, -0.2434623143692834, -0.0411671282906981, 0.2597166208508838, 0.03631040693101857, 0.6639328201098632, 0.5217962291702832, 0.5102982546496846, -0.6447961553797698, -0.08746570354598307, 0.07905279818375707, -0.029848899487312206, -0.1801982595694074, -0.47795804101744116, 0.31712762322455235, 0.3792005434271521, 0.04198256664907037, 0.04038972127121355], [-0.05336855446364891, -0.4382362380809718, -0.24922652877523505, 0.10230446630721238, 0.169889389547746, -0.05238254685248126, -0.22822421150402616, 0.5905611041334142, 0.3517481739656775, 0.18711396673081906, 0.18972834459203317, -0.2434623143692834, 1.0, 0.48042900068943656, 0.062462507528783226, -0.08933325374704018, 0.2439025763515606, -0.09403880352475102, 0.018831915924190968, -0.2536081720633704, 0.4140084083306349, 0.41519596112715357, 0.15450098880889868, 0.5622388426621753, 0.22170638205930782, -0.32375885737388577, -0.21170988712587932, 0.17488392895053906, -0.06803601173615308], [0.022256989178770836, -0.21042103999244743, 0.02081363193040647, 0.06522711880127817, 0.471603302180181, 0.14804154495018712, 0.06740264406476708, 0.48389280035159327, -0.042166873751274946, 0.24996036903076735, 0.1004061015869888, -0.0411671282906981, 0.48042900068943656, 1.0, 0.5825877665340093, 0.23136205553316844, 0.26736238833006937, 0.14530387986825677, -0.06418541954597423, -0.3829325679414985, 0.270421788298966, 0.5674462726423298, -0.04164867848635061, 0.26035925371417795, 0.15429086835783665, -0.3096281538765279, -0.19693753343584094, 0.05977387609994926, -0.24037632576367016], [-0.1165910569653924, -0.019573835414767843, 0.0032401211926925046, -0.34930138171795155, 0.14781209753393731, 0.3563356130099423, 0.16248990909800734, 0.3268090164594132, 0.07132062177724945, 0.2365887117183905, -0.09284471744036725, 0.2597166208508838, 0.062462507528783226, 0.5825877665340093, 1.0, 0.3165764542924819, 0.39576323146927933, 0.28483696646806633, 0.07129576935375277, -0.0413055998275023, -0.09796426762634816, 0.05615850630875415, -0.37803560495375654, 0.3487955607828224, 0.18498807491043148, -0.5096549331374698, -0.18984410030429566, -0.14216623965954867, -0.44004818863899514], [0.021384530469238987, 0.05446627503009406, 0.0591777112225721, -0.03550763067897489, -0.46147302437950233, 0.18242471940524582, 0.0545901349266056, 0.19987944523310194, 0.47406747579260067, 0.6401534613695856, 0.28729091980897886, 0.03631040693101857, -0.08933325374704018, 0.23136205553316844, 0.3165764542924819, 1.0, 0.16375693100099564, 0.13092819035841885, -0.008815571759905208, 0.014607092576336004, -0.1020765953033997, 0.268306009094597, -0.028302710723869556, 0.34479733940950796, 0.15211881199652388, -0.41082336188012913, -0.6785062617337967, 0.13368703634696144, -0.8057159770232107], [0.24816351164835254, 0.14992399660694886, -0.19643863505364142, 0.19878158353951006, -0.2577863540170256, 0.22977220341500246, 0.7183698494136089, 0.7341778284186117, 0.2515095099562293, 0.36075589739015124, 0.4697751175387503, 0.6639328201098632, 0.2439025763515606, 0.26736238833006937, 0.39576323146927933, 0.16375693100099564, 1.0, 0.5430909111624602, 0.6774017396184466, -0.6040432619767331, 0.09426546687938431, 0.3314516629412541, -0.08086159223315863, 0.02250289452176008, -0.31804083465526783, -0.025689197904100253, 0.02461585216032117, 0.12179387037170183, -0.27478312105946495], [0.19439443869462522, 0.17651020130014694, -0.18034845312966896, 0.21978446094697018, -0.238973758427799, 0.5004811346616277, 0.7321924298496255, 0.2720297466551109, 0.08144006631731936, 0.21441642242079842, 0.4333606987693793, 0.5217962291702832, -0.09403880352475102, 0.14530387986825677, 0.28483696646806633, 0.13092819035841885, 0.5430909111624602, 1.0, 0.6736257505947106, -0.5160117393941549, 0.009901895203342474, 0.40260510518324055, -0.275029653776753, -0.10935551411127618, -0.4586931496533869, 0.30050907982161335, 0.09179968852268863, 0.3080174124171919, -0.1654629655860611], [0.21412564736172418, 0.22988942019206743, -0.2486242768493774, 0.33803272659933886, -0.41734460223035463, 0.07280386134682769, 0.6863121103483903, 0.3040733980780522, 0.1625079428573496, 0.3239735813224141, 0.4176826636914436, 0.5102982546496846, 0.018831915924190968, -0.06418541954597423, 0.07129576935375277, -0.008815571759905208, 0.6774017396184466, 0.6736257505947106, 1.0, -0.3905334870274347, 0.19836388387946596, 0.24167525702522388, -0.15784332263708645, -0.19629683840443027, -0.46270653671215345, 0.21547602646694408, 0.19974708817505726, 0.3078425146834853, -0.06897657303305069], [-0.40787039381939344, -0.2692418704634782, 0.013570595564540879, -0.4539167649588682, 0.03954177652955836, -0.4116424480295471, -0.6316135989397769, -0.6763861306396869, -0.15338212177586477, -0.19871271448240868, -0.6183088401678027, -0.6447961553797698, -0.2536081720633704, -0.3829325679414985, -0.0413055998275023, 0.014607092576336004, -0.6040432619767331, -0.5160117393941549, -0.3905334870274347, 1.0, -0.38777167812424884, -0.6169014744919966, -0.1321930240498728, -0.0021943603717877926, 0.27504643053494493, -0.3519365035246654, -0.25900926061439933, -0.32673445088392367, -0.04576985635551121], [-0.056949093674403296, -0.020994375897401007, -0.06397673768800838, 0.5198738202950084, 0.06433535198433195, -0.07750966879704367, -0.08699702719241, 0.2924613706532231, 0.2445462917012127, 0.07744341839511144, 0.09541217971430785, -0.08746570354598307, 0.4140084083306349, 0.270421788298966, -0.09796426762634816, -0.1020765953033997, 0.09426546687938431, 0.009901895203342474, 0.19836388387946596, -0.38777167812424884, 1.0, 0.4810212136423085, 0.1216591657110916, 0.2461686499581904, 0.4160200527011261, 0.05564113361863005, 0.03158920806740426, 0.4775183928461836, 0.17158982820588478], [0.0037887994920824905, -0.08478540371575573, -0.23871881538674694, 0.5328234768701047, -0.050071663414855125, 0.19097585637822181, 0.3803527903870085, 0.5003632207410644, 0.20864525282079485, 0.4575225874355475, 0.4440231035626276, 0.07905279818375707, 0.41519596112715357, 0.5674462726423298, 0.05615850630875415, 0.268306009094597, 0.3314516629412541, 0.40260510518324055, 0.24167525702522388, -0.6169014744919966, 0.4810212136423085, 1.0, 0.03602465821565961, 0.10598447808473971, -0.038723513550198756, 0.059573923118070755, -0.09209080696429768, 0.5028441571565802, -0.18331787092022528], [0.1826128793743877, 0.15889146904801107, 0.053389046871910574, 0.29142314383712153, -0.2664738391187073, -0.1517456459476024, -0.14530742007725084, 0.0712034468321808, 0.2677870015563834, -0.03802217558820847, -0.0315877651263521, -0.029848899487312206, 0.15450098880889868, -0.04164867848635061, -0.37803560495375654, -0.028302710723869556, -0.08086159223315863, -0.275029653776753, -0.15784332263708645, -0.1321930240498728, 0.1216591657110916, 0.03602465821565961, 1.0, -0.07573424903059406, -0.07365311166385317, 0.14460575359039055, -0.08604814142886699, 0.07957085886754428, 0.03263768934148858], [-0.2700170442923135, -0.24824423649949579, -0.21721573506935196, -0.37275256355977415, -0.11923800053112898, 0.22775392878200876, -0.4312596824855624, 0.4254536068856676, 0.6477554174840617, 0.3659691795108071, 0.1249109612203203, -0.1801982595694074, 0.5622388426621753, 0.26035925371417795, 0.3487955607828224, 0.34479733940950796, 0.02250289452176008, -0.10935551411127618, -0.19629683840443027, -0.0021943603717877926, 0.2461686499581904, 0.10598447808473971, -0.07573424903059406, 1.0, 0.5985177765651635, -0.6892020973270842, -0.5426579593398163, 0.266402042071001, -0.5191447281394379], [-0.568910625047922, -0.2785425111241619, 0.011389475043794794, -0.287813457780664, 0.19645621634097288, -0.038028963406641976, -0.6100188076916473, -0.012071117830667204, 0.22828358772365495, -0.03901027675317855, -0.29372322861298694, -0.47795804101744116, 0.22170638205930782, 0.15429086835783665, 0.18498807491043148, 0.15211881199652388, -0.31804083465526783, -0.4586931496533869, -0.46270653671215345, 0.27504643053494493, 0.4160200527011261, -0.038723513550198756, -0.07365311166385317, 0.5985177765651635, 1.0, -0.5766517046808532, -0.33230288772281963, 0.1078482312875875, -0.17083987463708167], [0.5211727349984149, 0.43404021942608056, 0.24215213765017296, 0.5009833334181243, 0.0249110988813925, -0.04964829020146014, 0.39631503567393267, -0.25519296143993253, -0.3879295324986184, -0.3700527529342883, 0.1078471888533999, 0.31712762322455235, -0.32375885737388577, -0.3096281538765279, -0.5096549331374698, -0.41082336188012913, -0.025689197904100253, 0.30050907982161335, 0.21547602646694408, -0.3519365035246654, 0.05564113361863005, 0.059573923118070755, 0.14460575359039055, -0.6892020973270842, -0.5766517046808532, 1.0, 0.6697865982935098, 0.17621602764508798, 0.6242361648689706], [0.31035021294056225, 0.43145514885676334, 0.0850840565572837, 0.10101996518835803, 0.3105833877515215, -0.1183419186306051, 0.39815327897839076, -0.12456649096133048, -0.6173796856530794, -0.42057365635496335, -0.016654327944237823, 0.3792005434271521, -0.21170988712587932, -0.19693753343584094, -0.18984410030429566, -0.6785062617337967, 0.02461585216032117, 0.09179968852268863, 0.19974708817505726, -0.25900926061439933, 0.03158920806740426, -0.09209080696429768, -0.08604814142886699, -0.5426579593398163, -0.33230288772281963, 0.6697865982935098, 1.0, 0.011247370411742662, 0.7212516693257061], [-0.13162268860056037, 0.07504983719888998, -0.22986556888163132, 0.22731555149227609, -0.3392656691561617, -0.02035186410181052, 0.17364778648946036, 0.08140770716991781, 0.32531165800490724, 0.4245921668570482, 0.4377056097898661, 0.04198256664907037, 0.17488392895053906, 0.05977387609994926, -0.14216623965954867, 0.13368703634696144, 0.12179387037170183, 0.3080174124171919, 0.3078425146834853, -0.32673445088392367, 0.4775183928461836, 0.5028441571565802, 0.07957085886754428, 0.266402042071001, 0.1078482312875875, 0.17621602764508798, 0.011247370411742662, 1.0, -0.13544925987513112], [0.007657319601852954, 0.0007724515963913244, -0.07186918655150322, 0.1372960056884149, 0.4997930227203241, -0.39227442982297583, -0.04633561042570306, -0.3108125575992717, -0.6248374581558289, -0.7735465206857122, -0.2603165986539507, 0.04038972127121355, -0.06803601173615308, -0.24037632576367016, -0.44004818863899514, -0.8057159770232107, -0.27478312105946495, -0.1654629655860611, -0.06897657303305069, -0.04576985635551121, 0.17158982820588478, -0.18331787092022528, 0.03263768934148858, -0.5191447281394379, -0.17083987463708167, 0.6242361648689706, 0.7212516693257061, -0.13544925987513112, 1.0]]}, {"name": 1, "matrix": [[0.91, 0.5919673925178651, 0.5248544367546486, 0.39284698258539447, -0.0529519684818075, 0.2378678454260686, 0.32197645118813534, 0.2067889741756986, -0.03770305071257614, 0.07746643049764494, 0.17465781091277205, 0.4012831446264393, -0.05443592555292189, 0.020253860152681463, -0.11076150411712278, 0.01967376803169987, 0.2605716872307702, 0.1788428835990552, 0.22697318620342763, -0.4037916898811995, -0.060366039294867495, 0.00409190345144909, 0.18443900816813158, -0.2754173851781598, -0.620112581302235, 0.5211727349984149, 0.2855221959053173, -0.139520049916594, 0.007810465993890013], [0.6388558988559139, 1.3645148446827637, 0.45649677205170014, 0.15117741647429256, -0.6798866666423988, -0.3622949446753035, 0.37466840198576684, 0.24409007911293573, 0.48010946922109426, 0.11439122541199898, 0.0704793994896928, 0.1520674979203644, -0.5793415528696567, 0.0561866315241539, 0.1268924446480796, 0.25542907229307993, 0.07885491021998128, -0.05088278387067746, 0.15685889986651907, -0.2332473185868742, 0.1523830847741732, 0.046362742857819036, 0.03177103756942595, -0.3401036469933321, -0.25347368512298735, 0.4775969208461961, 0.43450583094222794, 0.08188281571865239, -0.18088332082540318], [0.5146630884681506, 0.4032639333256649, 0.9594558003753657, 0.211663179553307, 0.432096207731568, 0.26209070280704116, -0.1299156304990874, -0.2469713715824337, -0.16009974430564905, -0.08375761915112989, 0.02054395794738284, 0.10329669881183103, -0.22364360615082154, 0.30332024320428, -0.17829527404542947, 0.10012286249044756, -0.14894742058849164, -0.3170942251274355, -0.19125156913872077, 0.1009164583456015, -0.3272974909014128, -0.344489737874217, 0.45370840970237125, -0.3486600531356361, -0.03331700466803335, 0.5408477601640272, 0.10282809291790426, -0.32898267096442985, 0.12456507904214306], [0.3780225681482098, 0.1457827334861839, 0.17793881991586838, 1.15505837018054, -0.36922541642330564, 0.3458131269797879, 0.16819389801882995, 0.2310824872108171, 0.10167900622769219, 0.10025315622518736, 0.37253995265032924, -0.020406322943594096, 0.13698635036260037, 0.10597219466284719, -0.4694513263022615, 0.025843030565586653, 0.14376088710849963, 0.26899422913274584, 0.2880152366062282, -0.32175639617521473, 0.4744656705765327, 0.5427018774342954, 0.2728725930163422, -0.32919942926242146, -0.12080321583939771, 0.4515479304625075, 0.11616216426074386, 0.24809377261615473, 0.12356640511957342], [-0.057916215526976955, -0.5005978806435651, 0.5088914580029837, -0.4524201446639852, 0.8787926634708477, -0.13615601066877792, -0.2574415864366824, -0.3502832194288378, -0.5213750061098292, -0.4443435864276951, -0.8475062088174684, 0.13273069780804475, 0.14315510534578474, 0.377810137242293, 0.3254433175650042, -0.51407962269132, -0.1740270522841124, -0.459465756781282, -0.26992181458689124, -0.2054999903378599, 0.2992079170945703, -0.05157381331730078, -0.6591587562378661, 0.1255231276091244, 0.15197199079380092, 0.16497112190062402, 0.41258872441175554, -0.3065084977918981, 0.4592405440045028], [0.23126040527534447, -0.10338539051625614, 0.29784651783047666, 0.260548795469093, -0.12263606557622948, 1.04322271940576, 0.3106092514117763, -0.13789116290233122, -0.1364458666216676, 0.3067895655406746, 0.6083017889273561, 0.512615651193316, -0.22435181889920547, -0.07876043685558032, 0.2385278235930752, 0.20030231367665946, 0.545664148004851, 0.7870214151186236, 0.011824491412764579, -0.8676987518071027, -0.21524660026508485, 0.213793206928945, 0.04628606301619698, 0.42937345146662487, 0.1436720465444975, -0.39115388172338267, -0.2749047685068744, 0.10854927651379123, -0.07994942208436112], [0.29621833509308454, 0.2801522849222023, -0.3302021163260971, 0.09116904013418563, -0.21219167906577147, 0.4236600553753591, 1.1967089068096584, 0.2820126004675458, -0.15877193738734235, -0.019063056383667037, 0.4936261390217065, 0.7846382429714818, -0.009992829065862574, 0.16616804452385683, 0.16573970727996748, 0.01935792285927735, 0.737515400643522, 0.6030900872248778, 0.6693166643971739, -0.5813096281652874, 0.08651699140071394, 0.36428975184603263, -0.18029035406189445, -0.6908654557472563, -0.5687853280293949, 0.33722118467726303, 0.4708970731244453, 0.30672235289095223, -0.05004245925975931], [0.21568312360261035, 0.2693831318450898, -0.0611313837323601, 0.2100507405378522, -0.3003621011122787, 0.09812108118552705, 0.2600123939536737, 1.187197165898132, 0.6948405301033479, 0.4205835655922923, 0.4119537817162192, 0.16433885406345472, 0.5728442710094118, 0.5900338222352717, 0.5497310815132221, 0.23085012960011145, 0.634436024015222, 0.010193283286074328, 0.26322917533866375, -0.4506793461435684, 0.48560353391147215, 0.5656650160004951, -0.11732390321181399, 0.37744124678569524, -0.011588273117440515, -0.26246866638075134, 0.10774052538354317, 0.15467335845389146, -0.5525847781240036], [-0.03700484606975065, 0.5574061610343304, -0.32053130804191776, 0.09692687577156825, -0.7669803626661359, 0.21184632804703152, -0.10032400749191712, 0.7640956073669847, 1.1254261019281027, 0.6845319114951507, 0.3556300354027025, -0.11931826581222524, 0.22612481578713056, -0.013926689994896699, -0.21840394509308078, 0.646035707844333, 0.5265275490129863, -0.10146295345002486, 0.05112298303873099, -0.25788091972927213, 0.18586689414109162, 0.19195363259513126, 0.6721019326277032, 0.61427717583162, 0.24085980970764964, -0.3479645143261464, -1.0542700439798824, 0.3201823096389885, -0.40249139482621665], [0.07746643049764494, 0.2162001096798671, -0.1610554776063622, 0.08662857639950636, -0.3752446913886506, 0.3461319104996744, 0.1044789799039628, 0.4403403667206737, 0.7577874739163831, 1.0233567499079954, 0.5046949536658598, 0.14921689203922678, 0.2195088059436483, 0.20514374095557417, 0.24240156947552616, 0.8036514899427182, 0.19927853541741358, 0.22512227117747557, 0.452379116868254, -0.14586514927610267, -0.02184277834622486, 0.5903085847567855, -0.044503531754765825, 0.27851970503302176, -0.0945667092346987, -0.231670688210907, -0.367086990182484, 0.22069714826092554, -0.7580755902719979], [0.18493179978999397, 0.14569399529402746, -0.026337910422187194, 0.28265126114663486, -0.46310034614202494, 0.3679780134121906, 0.42695094692718716, 0.42701432455485455, 0.4476439036718301, 0.549401433377688, 0.9313662927484772, 0.5497695012197564, 0.37947210420600874, -0.14723308958421683, 0.12574254399118043, 0.21958527846395895, 0.34313787593066736, 0.704446885645607, 0.37220762890389164, -0.507668938048563, 0.061040465147989165, 0.3778072935676723, -0.16805681860387942, 0.16003374868114437, -0.2365094281271834, 0.008554489805085747, 0.2325593839467746, 0.17621214581134312, -0.2704877895935695], [0.38569933318463584, 0.025168061318449286, -0.12193585938229179, 0.0006525484456688102, 0.3076783423845407, 0.3482973586616227, 0.6559605315945871, 0.35807377476090513, -0.003333104343008292, 0.2761078542679043, 0.6591523952247015, 1.329704179218103, -0.28501510726082585, -0.11729263498831724, 0.11258504221887791, 0.0666916513551519, 1.058038901835009, 0.4503261400985252, 0.5743644747292301, -0.7523777281530153, -0.15170185613063933, 0.10259238333824988, -0.03692405329509668, 0.19907525992905725, -0.5978085343871922, 0.15214405834969386, 0.22878685651183675, 0.08654905639031252, 0.24108865108487484], [-0.0539022400082854, -0.6097583170795748, -0.20986174021827983, 0.2234098907130362, 0.17789223074758717, -0.07770574905434317, -0.062340420944171665, 0.6082779372574166, 0.2891041589512535, 0.1974523068817193, 0.22907903432211005, -0.269688304722076, 1.0624319750469209, 0.5301825562920831, 0.05996400722763189, -0.29160068396376965, 0.2567256745870769, 0.036883784372670994, -0.021416168779110116, -0.2813844103638757, 0.4991724547266085, 0.38198028423698127, -0.056462351616991785, 0.589074056089323, 0.2620164129134029, -0.3205212688001469, -0.2580184073763109, 0.17138625037152827, -0.07415925279240686], [0.02336983863770938, -0.17446238903592098, -0.023786692955684377, -0.0016900639018011254, 0.35928047908469096, 0.1528701944986966, 0.13571679831115835, 0.627722080174727, 0.18784502322491012, 0.13114443229414527, 0.012658877045918185, -0.028113955101554598, 0.5168008977624639, 1.3018325234673953, 0.8688792154343241, 0.19617468837624952, 0.24132201188444716, -0.12885823959370707, -0.08282953689165588, -0.067626297600401, 0.52802263793434, 0.6870233017972325, -0.25473427808146615, -0.28237551124446636, 0.04525270164756996, -0.27218919316927986, 0.14268736275484287, 0.09283803845197913, -0.33359638845825823], [-0.11076150411712278, 0.12591375287734122, -0.026967176195770774, -0.39261142411817096, 0.3768426152326545, 0.26534817148256545, 0.1576152118250671, 0.4482857721113459, -0.20441706418004899, 0.2176824425024282, 0.11245450927953848, 0.14027785514709848, 0.0674595081310859, 0.9325300353121219, 0.8883674011260974, 0.3137822993104926, 0.6015481521413486, 0.2353620100470878, 0.07628647320851548, 0.30505353436280686, -0.36551495255588495, -0.029912483403273772, -0.3352430200368828, 0.33052267195507584, 0.19423747865595306, -0.4852723108750888, -0.4169363270148592, -0.23452086349879936, -0.2267898562682411], [0.022026066383316157, 0.0875338558979294, 0.2116497765894174, 0.07076711706496067, -0.5858842946977924, 0.14598154428288598, 0.04007345866739326, 0.3426165044064078, 0.5276372463902882, 0.7586524031309453, 0.2591250699838321, 0.028275551134900063, -0.2882647689794311, 0.22955900622374825, 0.2750357391235786, 1.1329720986279237, 0.26377964795182063, 0.19915973071462345, -0.2424810345474877, -0.008323019623008854, -0.14522602330796838, 0.3170013115642937, -0.017810076418786153, 0.4932554710991569, 0.18034281360849733, -0.39875945927448614, -0.9234053079912803, 0.19381886483620087, -0.7412586988613539], [0.2704982276967043, 0.1892996765367074, -0.1009517335336203, 0.12060130810599143, -0.3817882744524229, 0.32140747244225715, 0.5193683617234954, 0.7782284981237284, 0.6035544525865725, 0.31068146768194527, 0.2680139510304667, 0.8650275265384784, 0.2569867514746304, -0.027854584364329, 0.753910518090545, 0.2677872281636435, 0.86404765065689, 0.7687775155779961, 0.8325703969648699, -0.8452509482312769, 0.22678571816430573, 0.32813714631184154, -0.2712399621004148, -0.03396383453034557, -0.31052125786847223, -0.03251041677601534, 0.03542831766394724, 0.132755318705155, -0.32573288969490594], [0.20217021624241024, 0.03142443725696237, -0.22620719564238062, 0.48428506844744906, -0.15466601122770915, 0.6128421155658059, 0.5923988917913586, -0.09340732263624452, -0.18129202835527414, 0.332191932275735, 0.8088032095841258, 0.6279539554620159, 0.10420146315730273, 0.04117258290651331, 0.19132726473500294, 0.17377378366145144, 0.6352729161685826, 1.332494748858537, 0.4420454204418249, -0.43414173584562554, -0.36192151701787656, 0.4850288022315919, -0.19403497001739584, 0.12327195130438585, -0.40397352659422414, -0.13759099572521416, 0.2459824918925822, 0.33688633897256676, 0.1989107605397997], [0.21412564736172418, 0.20389592957077174, -0.12144764758559526, 0.21191903983579335, -0.3276039766754911, -0.017337136690296864, 0.6620677846946709, 0.2578874443734765, 0.037101677512148795, 0.38285261497072054, 0.22836898770442085, 0.5496313094664961, 0.011737052686277172, -0.12474186162149477, 0.07628647320851548, -0.16499559359571978, 0.8056855749687386, 0.4687888966593076, 1.0291156912190818, -0.41628508759331023, 0.22090329153926214, 0.17053683714045123, -0.2997332223404469, -0.12606641609851824, -0.454122630002687, 0.3189337108286404, 0.18618041594638418, 0.2969099506247717, -0.06621751011172866], [-0.3670833544374541, -0.22643184531705324, 0.04068361844514503, -0.1378502362506715, -0.17564691275313568, -0.810341202698762, -0.4777954958110906, -0.5483541672371519, -0.02380692269478024, -0.18779693010962661, -0.5877863500963998, -1.0791233792554051, -0.23581537981011264, -0.23953322387705042, 0.2616539430128978, -0.10851282392409209, -0.7095385236259357, -0.5459784748414747, -0.5067119953375923, 1.2256422612042595, 0.07082527835039115, -0.5763394433901832, -0.427532360325373, -0.21945594576658303, 0.39285236840805043, -0.40058738449844705, -0.17020838318446138, -0.10093930324531913, -0.042108267847070315], [-0.0535321480539391, -0.04145812192254898, -0.25006670270723264, 0.44419357076421556, 0.4399912475000236, -0.21038783414987383, -0.03389885728816391, 0.5236235120963911, -0.006130360191705236, 0.012938054259763104, 0.22374562420991825, -0.36870510496490616, 0.60244639608401, 0.5292856289205945, -0.12137886870482092, -0.1442052573549344, 0.22752950737539682, -0.14853153405115532, 0.21869312376604336, 0.013762892338604366, 0.8994823843991715, 0.4665905772330392, 0.39584683157915884, -0.23099696994356436, 0.4182771810039558, 0.2556829029057427, -0.020005533966606315, 0.5389252296935088, 0.19521059692858939], [0.004129791446369915, -0.07338778852903081, -0.331278283805651, 0.5391014082998866, -0.05257524658559788, 0.28415501714489677, 0.3112008071882367, 0.5243536221112418, 0.1982129901797551, 0.5165812984352072, 0.32896475217578325, 0.10721804836218574, 0.44425967840605435, 0.5895428063436303, 0.017574380957095175, 0.26490844927430923, 0.3049355299059538, 0.3664657795173341, 0.20308682778894144, -0.642263191081179, 0.48583142577873156, 1.1353931758676918, -0.01535087120661683, 0.15007147811986268, -0.03911074868570075, 0.11017063004359556, -0.14889481467372584, 0.5465913596551389, -0.17048561995580952], [0.17713449299315606, 0.3074452226863757, 0.49917237102324863, 0.16616500325635605, -0.5710071951921017, -0.021745220093914885, -0.19325602844929127, 0.04445836111835334, 0.7639253398749759, -0.07107604900186368, -0.18151424820145357, 0.0919433271753036, -0.04314472225798749, -0.19028279146974592, -0.13536178403222848, -0.005605825144780925, -0.13942019602209516, -0.135042658560179, -0.2562276470271171, -0.406505743254579, 0.2023861738104245, 0.005376771089041277, 0.8316678147118872, 0.25767642893368436, -0.05187230364359134, -0.16451458586795017, 0.06350154499811261, -0.009046391967436548, -0.03743279659671428], [-0.29431857827862173, -0.36506833585433607, -0.3123763492076904, -0.2251653133487091, 0.29309463475547515, 0.4503496056427327, -0.6544434486726249, 0.3390842757991697, 0.8467103806074731, 0.29052282951851777, 0.15372954047679216, 0.12633526015282348, 0.6340307516065241, -0.06841759580789966, 0.27890592715580975, 0.4421727656674514, -0.11108723375325771, -0.060301249872918114, -0.15533321711717732, -0.1671005829618871, -0.09917904756617194, 0.1327915007345209, 0.356179596519312, 0.8880866694996015, 0.5713699623486171, -0.5187714560445182, -0.7286271586957986, 0.28399584921940757, -0.12761425257836967], [-0.5404650937955259, -0.2714495356712128, -0.021684805738324514, -0.1681023693200294, 0.13326064144137265, 0.02353603296837571, -0.7572046366970098, -0.012795384900507238, 0.21620526531211806, -0.044271919558892044, -0.09717758181720121, -0.48273762142761556, 0.32535350949114183, 0.06964620365519875, 0.20163700165237033, 0.16122729628514862, -0.3479136512979775, -0.28125881833516264, -0.5638962535703654, 0.30287770745250064, 0.37136427908359365, -0.03756180814369279, -0.04487816539327638, 0.5606062905926107, 1.1145578456095409, -0.6803192975351099, -0.15891700979038956, 0.06677265958356346, -0.16742307714434004], [0.5315961896983832, 0.3432276578173754, 0.42399562351704434, 0.3342542707656186, 0.09896101473610464, -0.11016264409333605, 0.42372768763073604, -0.24313915232156685, -0.5662545331382143, -0.03538989799862391, -0.07768590927294908, 0.18756156286467435, -0.34965956596379666, -0.24878761698974877, -0.39434256819252067, -0.5638453012149672, -0.2758717963559219, 0.027148042023468266, 0.28372082529395765, -0.20946839673526368, 0.2922019602597431, 0.2197533828970225, -0.02805506547682579, -0.7175480472129296, -0.5957653331799675, 1.250359726687456, 0.6097767372035198, 0.18858058676900352, 0.5120414538771709], [0.32586772358759036, 0.6687354280391776, -0.05917210713636868, 0.06997266299669387, 0.36366322138412366, -0.4653109930839374, 0.5391212325157438, 0.20651757742475485, -1.0118104269529191, -0.5043723496412033, 0.38585826465559664, 0.30170469820687695, -0.31554513759773045, 0.1854289563582333, -0.38466282996312895, -0.9473708040979807, 0.09874689037745671, 0.17778278077393206, 0.1562298739824333, -0.2939450179919849, -0.06132710322326436, -0.17582116410479448, 0.14881639351787862, -0.6002434615720533, -0.22489458710143262, 0.8504497716739601, 0.6626871515953044, 0.08548898980890823, 0.9910594616869959], [-0.11977664662650994, 0.08842440143483127, -0.35823187788679295, 0.3131851859559618, -0.32260195520884777, 0.16530553595494712, 0.1563152527426255, 0.08888679929697545, 0.3057121877373521, 0.3995882407916762, 0.18735924473908233, 0.14092634668398094, 0.16823734961324735, 0.06460521510274476, -0.17304945389503565, 0.2031057455906447, -0.06283761922172851, 0.33137345897155757, 0.2767540802419477, -0.22769741224136783, 0.7056186648600774, 0.5572646015490995, 0.07916382965158135, 0.1721873618162173, -0.012180334411753285, 0.20479834875010344, 0.06987899164436745, 1.308733248601892, -0.1449307080663903], [0.007121307229723248, -0.25660219293601555, 0.3096683784385255, 0.13043120540399417, 0.5045064344984297, -0.17461561556583183, -0.044018829904417904, -0.5337979847883686, -0.32594590179322896, -0.7503401250651408, -0.3636657820105211, 0.4123068828609773, -0.06667529150143002, -0.2844509177650167, -0.26417894874626857, -0.8137731367934429, -0.5341223755002745, 0.11976210080992913, -0.07380493314536424, -0.314312318221727, 0.18582749106605662, -0.19248376446623655, -0.15917394963281256, -0.31931583042854184, -0.17083987463708167, 0.4609446960678788, 1.0658656943925433, -0.12461331908512063, 0.667823201501463]]}, {"name": 2, "matrix": [[1.165732388632711, 0.637640694508685, 0.9690574202644147, 0.6550093974139793, 0.3374341825599379, 0.4514549206698658, 0.667710152096124, 0.2528301585507165, 0.38722166954832504, 0.3652880415656108, 0.6340421895980412, 0.7760491349295418, 0.18638854677354916, 0.35706482396762773, 0.16859650316014002, 0.17306315303935277, 0.35798251805278075, 0.47077485159457877, 0.45999285733685147, 0.0036784828214025678, -0.034552418813886564, 0.21381555373976915, 0.5151547551575955, -0.13029554435651336, -0.1029001816954197, 0.8449491989291943, 0.7124646925680768, -0.059040102271906224, 0.17572179697537665], [0.8319327911951115, 1.3064173309746774, 0.2569136667772174, -0.0591207626284337, -0.3334879861734069, -0.14765946498919763, 0.693451789764484, 0.26560621275166235, 0.28812349289605754, 0.09347653196812579, -0.07621121134133756, 0.20703444826140602, -0.3656749425778934, -0.09456409869824556, 0.05320712952601549, -0.14164920399226655, -0.18059842583067565, 0.01992604644474754, 0.36327374327967665, -0.11815870189113795, 0.2635166146627288, -0.0608333445828336, 0.05166072231069363, -0.41452728103644265, -0.30815486195336783, 0.5039745998991665, 0.39757702319745025, -0.07953776617370947, -0.1429272816566148], [0.8339535803511349, 0.2432443170278652, 0.6335549893611643, 0.5007277869550931, 0.24726374649357746, -0.004326324277880544, 0.16495671202891907, -0.12617683922267203, -0.22938513793243265, 0.003987010410389194, 0.05563828793954158, -0.18403361483416525, 0.006466837464734865, 0.015860467128226537, -0.17657545169762157, 0.3367836495478229, -0.22247232833762023, -0.298191339700412, 0.16077983918497182, -0.15959480282576985, -0.2655859208417364, -0.07876156586942268, 0.17499843703867307, -0.6513830633869838, 0.12412674198655202, 0.4174672426930379, -0.28585595800756725, -0.22087160902197162, 0.1595185318792367], [0.6260591642604462, -0.18294895602918199, 0.5634377919914152, 0.8377805344343339, -0.15214190216887774, 0.03754339251767441, 0.2763901340449084, 0.04923088845559334, 0.22954707450306241, -0.019290283686289822, 0.18881394680695995, -0.06259914825906529, 0.3961297505041876, -0.13798660461368495, -0.1358048184644675, -0.14878963917197474, 0.4259413644095368, 0.06446498162237363, 0.43247958383607216, -0.3645994243212426, 0.6133052313570952, 0.4123838067141058, 0.39456070117788206, -0.302119157609564, -0.06540399250932472, 0.41822362913367006, 0.2859171860090344, 0.15413223430218415, 0.23827252386536252], [0.3739919017501444, -0.6553689822601403, 0.2799060592412682, -0.23959036537549447, 0.8587519300288508, -0.06352926907195117, -0.29679643681325796, -0.38721101293157867, -0.5883752075234017, -0.1698966823684617, -0.5433328657522589, -0.13034832854581313, 0.3094754788380282, 0.15603565825949434, 0.22900295406404822, -0.49610163234114485, -0.413535438697486, -0.2562832009585785, -0.31890504028510086, 0.051515192211683616, 0.13756813696467723, 0.2686858775438485, -0.3927290223979854, 0.15853068501501943, 0.46075957251418365, -0.11664678315804826, 0.4763259839397254, -0.4041889912405703, 0.43967868366863216], [0.5564411885944096, -0.11141190902996931, 0.21296725043505055, 0.0068662435031198454, -0.013453300943461078, 0.9853684793237808, 0.3115341587070949, 0.2515198190667472, 0.022384394429562054, 0.06637591251346356, 0.3767337274098611, 0.7307416258038587, -0.0442933696827994, 0.12978347459826267, 0.3963086103990606, 0.07686177301640666, 0.2984095682584536, 0.9224245447013442, 0.21002548999833173, -0.738260310102447, -0.3480334267221995, 0.06524787963129117, -0.15466085381176709, 0.2803541237349144, 0.1866932427291018, 0.0005573076803317978, -0.32065922420379844, -0.22874496163241975, -0.3375866846492526], [0.6132715313590178, 0.6335313137315423, -0.1061887254086435, 0.1707039525122397, -0.13729716799765507, 0.4038117177196055, 1.278394425872127, 0.6761471996090107, 0.09726613357033029, 0.26137355921129285, 0.6272993897367385, 0.6419293055624762, -0.1355747390476969, 0.19305655919583414, 0.5137023948399867, 0.2763278744431957, 0.956240595202047, 0.7519041702581996, 0.8173854458281085, -0.5111577435093828, 0.32283630732336677, 0.5406820719807477, 0.28943719399360757, -0.34288924631489204, -0.5127040643141263, 0.4519849230784172, 0.74396885238073, 0.3450042537865372, 0.19112968973753613], [0.6542069148603822, 0.5401334489985474, -0.14770118624810644, 0.02710152773178867, -0.1431151489848917, 0.09867866999931682, 0.7185617400460553, 1.311091444523802, 0.6479453945508238, 0.3765562581209836, 0.18394946293516073, 0.45216918408391354, 0.6408962217450994, 0.6527017388858215, 0.3560726582189968, 0.24133840149372865, 0.7272322323619568, 0.2991556028276944, 0.5708202983648386, -0.5235460416385281, 0.42709672822248657, 0.5414440567224421, -0.13761907731321826, 0.5586608282701748, 0.331966296514117, -0.05108007024621579, -0.07386020606635824, 0.123332499066123, -0.2918210273903896], [0.16142091293584393, 0.30187526582083357, -0.18810038233423754, 0.236366538