{"stateborders": [9, 20, 33, 47, 61, 69], "times": [{"name": 0, "matrix": [[1.0, 0.7366738702269428, 0.4926091864060353, 0.8285157291345339, 0.4023325414463271, 0.7622240749556521, -0.08930851368085578, 0.5971361098551218, -0.34523934034461484, -0.34828866667182506, 0.01590226443324367, -0.20287172926943547, 0.5439740587496542, 0.3414331468298252, 0.44589234915071807, 0.4519164644406076, 0.27765194978980123, 0.07731909761899702, 0.07764224728705234, 0.7552925472564367, 0.29287178686044146, 0.5071692924527428, 0.08651222714063277, -0.6512439416728899, 0.0347851256584231, 0.6266476279662061, 0.32303429133072903, 0.7616687884834721, 0.23570947658461783], [0.7366738702269428, 1.0, 0.4699607925086615, 0.8185062298924402, 0.8274025110494733, 0.5845163670783882, 0.2235859007002664, 0.904176569488807, 0.1989129163174165, 0.022598445913452735, 0.27402215487867193, 0.39604692273351544, 0.7787156791553084, 0.8366543101780303, 0.45640427747931783, -0.0951289260198419, 0.421486436564271, 0.3427353019552054, 0.5256493653220639, 0.7019923615562287, 0.5846337877174287, 0.4217405322180264, 0.15383564958344728, -0.45827645078709095, 0.28573089056023765, 0.8725802119685171, 0.5453140451872851, 0.46555241814712134, 0.5979875026926671], [0.4926091864060353, 0.4699607925086615, 1.0, 0.5070717478853576, 0.5719641581259367, 0.579427195541964, 0.6370539133315396, 0.209293596785398, 0.2340294338291224, 0.30800326610484596, 0.7303958111497741, 0.36891661206669, 0.43919542500268344, 0.48233616547754216, 0.7086558133036985, 0.2968350722598007, 0.695532591831818, 0.7735821538842876, 0.6147877855536917, 0.1252789922872505, 0.5509250719646378, 0.43279375594451985, 0.48829259402741915, -0.7027550638011815, 0.2852332159274158, 0.612191042742286, 0.3568284492127521, 0.22582312019945644, 0.4704619731282898], [0.8285157291345339, 0.8185062298924402, 0.5070717478853576, 1.0, 0.5747868213701368, 0.8556865719799011, 0.22250707655442173, 0.610894011556903, -0.11656997161125468, -0.15639368694597577, 0.053376844709960146, 0.1612052576404189, 0.5379948049377578, 0.5851151424544603, 0.7359506510334501, 0.39021923562579275, 0.5859270970971692, 0.285984598149973, 0.4682432112171693, 0.8102027624055065, 0.6155340704000809, 0.5434039535370242, 0.10474738351880424, -0.5978171879948685, 0.08775241523051289, 0.7619255632889467, 0.36788667201162994, 0.6008359851659386, 0.3864600008034955], [0.4023325414463271, 0.8274025110494733, 0.5719641581259367, 0.5747868213701368, 1.0, 0.23187748033007982, 0.6541899612601555, 0.6201330473747757, 0.6780144649920388, 0.5742171829254175, 0.6858308866888145, 0.6619127613687245, 0.8717411459831343, 0.9845160571442039, 0.5322105169144901, -0.2638987195486542, 0.6805332735636848, 0.7487780773084041, 0.8295646229045077, 0.24497892821632006, 0.8468717270552172, 0.043595379479462695, 0.5808952988713839, -0.35007169297866236, 0.6949039244555997, 0.9436065769523787, 0.7912743490259462, 0.22828000350782926, 0.9118301927887857], [0.7622240749556521, 0.5845163670783882, 0.579427195541964, 0.8556865719799011, 0.23187748033007982, 1.0, 0.04355440870659451, 0.45441545061309524, -0.4079567298176414, -0.4310787710532252, -0.056744368184639134, 0.04031322534221888, 0.15347087236074836, 0.23719997309754925, 0.6296455357377944, 0.5210446359180391, 0.36995925472952357, 0.11633104482271443, 0.241828389766156, 0.7781847895287861, 0.2600303249411147, 0.8426439233878384, -0.1959760903846137, -0.6280611383599259, -0.32828152327196314, 0.43060370773200396, -0.04591242673454485, 0.4972999902803398, -0.01711811474965315], [-0.08930851368085578, 0.2235859007002664, 0.6370539133315396, 0.22250707655442173, 0.6541899612601555, 0.04355440870659451, 1.0, -0.07489409835346093, 0.7114095707391221, 0.8048830898070444, 0.7749237108950962, 0.692371510871684, 0.3959030658671167, 0.6300705869460205, 0.7148350700773684, -0.043304129708723715, 0.886498357200205, 0.9379543341112873, 0.8907740467423133, -0.33136004946689, 0.819040088572941, -0.12208104849760014, 0.7059091477246042, -0.38610237768798583, 0.6170734612229795, 0.5468088453564974, 0.4719884623266723, -0.2576071668089849, 0.68298894607827], [0.5971361098551218, 0.904176569488807, 0.209293596785398, 0.610894011556903, 0.6201330473747757, 0.45441545061309524, -0.07489409835346093, 1.0, 0.03871478767099921, -0.22381023615867268, 0.025523666076200983, 0.2801026771732935, 0.6248289642280372, 0.6585702885868139, 0.1473954248647012, -0.24256929083750672, 0.06942707810659407, 0.01941858186869663, 0.24399088067990532, 0.7067623775992756, 0.2522886232752794, 0.42739588050910926, -0.14087912643547854, -0.29717937025689056, 0.06477697885039371, 0.6077339282807603, 0.3201440067362255, 0.2974620123385806, 0.34749206209608346], [-0.34523934034461484, 0.1989129163174165, 0.2340294338291224, -0.11656997161125468, 0.6780144649920388, -0.4079567298176414, 0.7114095707391221, 0.03871478767099921, 1.0, 0.9377208836825173, 0.7867400353852027, 0.7712115315144464, 0.4584789258566492, 0.6783534238620645, 0.12119947033842261, -0.6056436292071143, 0.4437850928899061, 0.7449033366474954, 0.7509130434033084, -0.3958128905433223, 0.6158674499888042, -0.4024898133214484, 0.6170258008091615, 0.2313988599237342, 0.7418536967238412, 0.4826133180547562, 0.6231272554854366, -0.20973105826814928, 0.7794334343084258], [-0.34828866667182506, 0.022598445913452735, 0.30800326610484596, -0.15639368694597577, 0.5742171829254175, -0.4310787710532252, 0.8048830898070444, -0.22381023615867268, 0.9377208836825173, 1.0, 0.8233903186153041, 0.6200768944363251, 0.39851845610115133, 0.5373048412548654, 0.24111072387457344, -0.3696210155718029, 0.5660990427862144, 0.8214772686053163, 0.7170848631099368, -0.5497184185522965, 0.6529706723375016, -0.513998491717051, 0.7837729961153584, 0.12112741481900735, 0.8053268603768381, 0.4246071205798781, 0.623869895635437, -0.19660179887133333, 0.7563175551506314], [0.01590226443324367, 0.27402215487867193, 0.7303958111497741, 0.053376844709960146, 0.6858308866888145, -0.056744368184639134, 0.7749237108950962, 0.025523666076200983, 0.7867400353852027, 0.8233903186153041, 1.0, 0.616934546068512, 0.5111254218499958, 0.6012214577719298, 0.3518390923374559, -0.23560521369850781, 0.5859412082729373, 0.9163699693151932, 0.72750519534548, -0.3278211964322412, 0.6020408513501568, -0.0985787524132141, 0.7387134036493183, -0.2049172037563629, 0.6743233646049281, 0.5771608926602396, 0.6040905835542795, 0.0026540010046026737, 0.7418671879785441], [-0.20287172926943547, 0.39604692273351544, 0.36891661206669, 0.1612052576404189, 0.6619127613687245, 0.04031322534221888, 0.692371510871684, 0.2801026771732935, 0.7712115315144464, 0.6200768944363251, 0.616934546068512, 1.0, 0.2329018366435279, 0.7269168054734645, 0.29915051230568407, -0.617042040287406, 0.4593956389363747, 0.6505165721773049, 0.8413999150574717, -0.10757695774522999, 0.549474614458429, 0.19286258900401632, 0.1694559740812934, -0.021780486013285947, 0.2689546563808246, 0.46463202552853494, 0.23096043658454976, -0.3340666517041954, 0.5100607345454142], [0.5439740587496542, 0.7787156791553084, 0.43919542500268344, 0.5379948049377578, 0.8717411459831343, 0.15347087236074836, 0.3959030658671167, 0.6248289642280372, 0.4584789258566492, 0.39851845610115133, 0.5111254218499958, 0.2329018366435279, 1.0, 0.814026453620864, 0.41403645232012054, -0.02924510382845246, 0.5362478477345575, 0.5463429514138003, 0.5239199173114533, 0.32108368180199426, 0.7197209310300692, -0.17305214712582986, 0.6683069972896626, -0.33547171447483437, 0.7861470944851232, 0.8879303271468122, 0.9137960694889381, 0.44175855998517405, 0.8850740535982163], [0.3414331468298252, 0.8366543101780303, 0.48233616547754216, 0.5851151424544603, 0.9845160571442039, 0.23719997309754925, 0.6300705869460205, 0.6585702885868139, 0.6783534238620645, 0.5373048412548654, 0.6012214577719298, 0.7269168054734645, 0.814026453620864, 1.0, 0.512797355843837, -0.3340112917011469, 0.6494251920464023, 0.689579478291525, 0.8465222584282247, 0.28808114466389656, 0.8345834206567105, 0.07979614410973189, 0.4725354724369163, -0.28533688049275013, 0.6221073313431963, 0.9120027988185653, 0.7256001018909969, 0.16603467239169611, 0.8675577950987748], [0.44589234915071807, 0.45640427747931783, 0.7086558133036985, 0.7359506510334501, 0.5322105169144901, 0.6296455357377944, 0.7148350700773684, 0.1473954248647012, 0.12119947033842261, 0.24111072387457344, 0.3518390923374559, 0.29915051230568407, 0.41403645232012054, 0.512797355843837, 1.0, 0.5221670651321082, 0.9343064668190532, 0.6657961308061763, 0.6942301237857983, 0.26011417774852486, 0.7930431682658841, 0.26562997222690593, 0.46786137505179454, -0.7314626602170798, 0.30526434622545096, 0.6283365089669681, 0.3548255416250094, 0.15806837117949546, 0.46483998738337573], [0.4519164644406076, -0.0951289260198419, 0.2968350722598007, 0.39021923562579275, -0.2638987195486542, 0.5210446359180391, -0.043304129708723715, -0.24256929083750672, -0.6056436292071143, -0.3696210155718029, -0.23560521369850781, -0.617042040287406, -0.02924510382845246, -0.3340112917011469, 0.5221670651321082, 1.0, 0.31090407570885215, -0.027311555329751804, -0.18579327444519816, 0.2809570967579464, 0.07584890839508218, 0.14342533937865692, 0.15460398194940236, -0.4939046019479501, -0.11219497908548022, -0.0066456667065654925, -0.03135784093982225, 0.40597632241097786, -0.17704637490308395], [0.27765194978980123, 0.421486436564271, 0.695532591831818, 0.5859270970971692, 0.6805332735636848, 0.36995925472952357, 0.886498357200205, 0.06942707810659407, 0.4437850928899061, 0.5660990427862144, 0.5859412082729373, 0.4593956389363747, 0.5362478477345575, 0.6494251920464023, 0.9343064668190532, 0.31090407570885215, 1.0, 0.8541475244176412, 0.8430929148106159, 0.0418383431596042, 0.9262282514958449, 0.012022706641216015, 0.6995767155173552, -0.5772719773024008, 0.5816600289083691, 0.7132752299863968, 0.5642876725750514, 0.0912215881128452, 0.6949185106679407], [0.07731909761899702, 0.3427353019552054, 0.7735821538842876, 0.285984598149973, 0.7487780773084041, 0.11633104482271443, 0.9379543341112873, 0.01941858186869663, 0.7449033366474954, 0.8214772686053163, 0.9163699693151932, 0.6505165721773049, 0.5463429514138003, 0.689579478291525, 0.6657961308061763, -0.027311555329751804, 0.8541475244176412, 1.0, 0.8906771890662211, -0.2137059184730494, 0.8301854475046518, -0.0707214666024379, 0.7928591535809902, -0.3577298772014416, 0.7002657366888789, 0.6832680730001095, 0.637198596606885, 0.002399030873256054, 0.7985296547580994], [0.07764224728705234, 0.5256493653220639, 0.6147877855536917, 0.4682432112171693, 0.8295646229045077, 0.241828389766156, 0.8907740467423133, 0.24399088067990532, 0.7509130434033084, 0.7170848631099368, 0.72750519534548, 0.8413999150574717, 0.5239199173114533, 0.8465222584282247, 0.6942301237857983, -0.18579327444519816, 0.8430929148106159, 0.8906771890662211, 1.0, 0.03220167999537223, 0.8958964114825991, 0.09011765280014337, 0.5472854435877852, -0.26806984068666484, 0.5591731597106586, 0.7524872011153674, 0.5668741182592427, -0.02372652535518467, 0.7777653069246504], [0.7552925472564367, 0.7019923615562287, 0.1252789922872505, 0.8102027624055065, 0.24497892821632006, 0.7781847895287861, -0.33136004946689, 0.7067623775992756, -0.3958128905433223, -0.5497184185522965, -0.3278211964322412, -0.10757695774522999, 0.32108368180199426, 0.28808114466389656, 0.26011417774852486, 0.2809570967579464, 0.0418383431596042, -0.2137059184730494, 0.03220167999537223, 1.0, 0.14861052184298273, 0.6035850573166756, -0.321587974467502, -0.2216873136782349, -0.24408930273140678, 0.44844825426143337, 0.1312987231902285, 0.6926039136569937, 0.046532333491430156], [0.29287178686044146, 0.5846337877174287, 0.5509250719646378, 0.6155340704000809, 0.8468717270552172, 0.2600303249411147, 0.819040088572941, 0.2522886232752794, 0.6158674499888042, 0.6529706723375016, 0.6020408513501568, 0.549474614458429, 0.7197209310300692, 0.8345834206567105, 0.7930431682658841, 0.07584890839508218, 0.9262282514958449, 0.8301854475046518, 0.8958964114825991, 0.14861052184298273, 1.0, -0.09740035268191077, 0.7215821466666907, -0.3704428135223461, 0.7300898761763304, 0.8639009497218152, 0.7667817785532698, 0.21711736577008459, 0.8749605292862441], [0.5071692924527428, 0.4217405322180264, 0.43279375594451985, 0.5434039535370242, 0.043595379479462695, 0.8426439233878384, -0.12208104849760014, 0.42739588050910926, -0.4024898133214484, -0.513998491717051, -0.0985787524132141, 0.19286258900401632, -0.17305214712582986, 0.07979614410973189, 0.26562997222690593, 0.14342533937865692, 0.012022706641216015, -0.0707214666024379, 0.09011765280014337, 0.6035850573166756, -0.09740035268191077, 1.0, -0.5469117144572091, -0.4353456019620983, -0.6397404354793282, 0.13478015342744723, -0.4071822085354721, 0.20894024592278213, -0.30452964641608476], [0.08651222714063277, 0.15383564958344728, 0.48829259402741915, 0.10474738351880424, 0.5808952988713839, -0.1959760903846137, 0.7059091477246042, -0.14087912643547854, 0.6170258008091615, 0.7837729961153584, 0.7387134036493183, 0.1694559740812934, 0.6683069972896626, 0.4725354724369163, 0.46786137505179454, 0.15460398194940236, 0.6995767155173552, 0.7928591535809902, 0.5472854435877852, -0.321587974467502, 0.7215821466666907, -0.5469117144572091, 1.0, -0.2299886363817941, 0.9307615125104473, 0.5741421943977846, 0.8255390789250806, 0.16234545206626205, 0.8183564069392805], [-0.6512439416728899, -0.45827645078709095, -0.7027550638011815, -0.5978171879948685, -0.35007169297866236, -0.6280611383599259, -0.38610237768798583, -0.29717937025689056, 0.2313988599237342, 0.12112741481900735, -0.2049172037563629, -0.021780486013285947, -0.33547171447483437, -0.28533688049275013, -0.7314626602170798, -0.4939046019479501, -0.5772719773024008, -0.3577298772014416, -0.26806984068666484, -0.2216873136782349, -0.3704428135223461, -0.4353456019620983, -0.2299886363817941, 1.0, -0.0443625144392547, -0.42630364952072763, -0.07526432598408829, -0.08538986677717564, -0.15332386901954892], [0.0347851256584231, 0.28573089056023765, 0.2852332159274158, 0.08775241523051289, 0.6949039244555997, -0.32828152327196314, 0.6170734612229795, 0.06477697885039371, 0.7418536967238412, 0.8053268603768381, 0.6743233646049281, 0.2689546563808246, 0.7861470944851232, 0.6221073313431963, 0.30526434622545096, -0.11219497908548022, 0.5816600289083691, 0.7002657366888789, 0.5591731597106586, -0.24408930273140678, 0.7300898761763304, -0.6397404354793282, 0.9307615125104473, -0.0443625144392547, 1.0, 0.6390280106745309, 0.9218015682567522, 0.14690905972131307, 0.9128530421194988], [0.6266476279662061, 0.8725802119685171, 0.612191042742286, 0.7619255632889467, 0.9436065769523787, 0.43060370773200396, 0.5468088453564974, 0.6077339282807603, 0.4826133180547562, 0.4246071205798781, 0.5771608926602396, 0.46463202552853494, 0.8879303271468122, 0.9120027988185653, 0.6283365089669681, -0.0066456667065654925, 0.7132752299863968, 0.6832680730001095, 0.7524872011153674, 0.44844825426143337, 0.8639009497218152, 0.13478015342744723, 0.5741421943977846, -0.42630364952072763, 0.6390280106745309, 1.0, 0.817115821128975, 0.5056761535503231, 0.871870993307418], [0.32303429133072903, 0.5453140451872851, 0.3568284492127521, 0.36788667201162994, 0.7912743490259462, -0.04591242673454485, 0.4719884623266723, 0.3201440067362255, 0.6231272554854366, 0.623869895635437, 0.6040905835542795, 0.23096043658454976, 0.9137960694889381, 0.7256001018909969, 0.3548255416250094, -0.03135784093982225, 0.5642876725750514, 0.637198596606885, 0.5668741182592427, 0.1312987231902285, 0.7667817785532698, -0.4071822085354721, 0.8255390789250806, -0.07526432598408829, 0.9218015682567522, 0.817115821128975, 1.0, 0.46492318660151577, 0.9487542025482114], [0.7616687884834721, 0.46555241814712134, 0.22582312019945644, 0.6008359851659386, 0.22828000350782926, 0.4972999902803398, -0.2576071668089849, 0.2974620123385806, -0.20973105826814928, -0.19660179887133333, 0.0026540010046026737, -0.3340666517041954, 0.44175855998517405, 0.16603467239169611, 0.15806837117949546, 0.40597632241097786, 0.0912215881128452, 0.002399030873256054, -0.02372652535518467, 0.6926039136569937, 0.21711736577008459, 0.20894024592278213, 0.16234545206626205, -0.08538986677717564, 0.14690905972131307, 0.5056761535503231, 0.46492318660151577, 1.0, 0.27131741344541715], [0.23570947658461783, 0.5979875026926671, 0.4704619731282898, 0.3864600008034955, 0.9118301927887857, -0.01711811474965315, 0.68298894607827, 0.34749206209608346, 0.7794334343084258, 0.7563175551506314, 0.7418671879785441, 0.5100607345454142, 0.8850740535982163, 0.8675577950987748, 0.46483998738337573, -0.17704637490308395, 0.6949185106679407, 0.7985296547580994, 0.7777653069246504, 0.046532333491430156, 0.8749605292862441, -0.30452964641608476, 0.8183564069392805, -0.15332386901954892, 0.9128530421194988, 0.871870993307418, 0.9487542025482114, 0.27131741344541715, 1.0]]}, {"name": 1, "matrix": [[0.94, 0.7808743024405593, 0.5369440131825786, 0.8616563582999153, 0.3620992873016944, 0.716490630458313, -0.09466702450170714, 0.5851933876580193, -0.31416779971359954, -0.35873732667197983, 0.015584219144578795, -0.21301531573290725, 0.511335615224675, 0.35850480417131647, 0.41022096121866064, 0.4835506169514502, 0.2637693523003112, 0.07036037883328729, 0.08385362707001653, 0.8157159510369517, 0.2723707617802106, 0.5122409853772703, 0.09170296076907074, -0.644731502256161, 0.036524381941344254, 0.6517135330848544, 0.3391860058972655, 0.8226022915621499, 0.238066571350464], [0.7366738702269428, 1.3056118757462112, 0.7603234859290469, 0.7987489196067982, 0.7682703117396699, 0.19766066825131054, 0.10008746062480872, 0.9837951947709365, 0.46547715667833933, 0.16621217389270035, 0.12400969401171272, 0.0745326330510575, 0.48029152806725567, 0.8058549179993986, 0.5109972343701883, 0.02446609098573653, 0.4341027362883896, 0.28756638246236377, 0.4396449732413342, 0.7778976198534753, 0.608378353674997, 0.5038755678570895, 0.21467383463836526, -0.43073173821824573, 0.2956441998688334, 1.03705635493054, 0.5993962505990165, 0.4558494447721579, 0.5079166526110832], [0.5270918294544578, 0.5875569748321673, 0.9086395009384144, 0.35825774879843736, 0.9369806368416577, 0.47389958292175516, 0.4930146678521191, 0.500990003766457, 0.2525020237335005, 0.2777529305725043, 0.977341106146778, 0.29669328595715405, 0.45408520985634554, 0.7059567205836628, 0.41687310787390264, 0.3336444222007745, 0.8709321380288735, 0.6303990816735472, 0.6814528462162343, 0.3681397988656502, 0.11002490912116525, 0.30596314106331274, 0.8788005978985803, -0.8582556539084413, 0.21229430050927056, 0.8069492774654262, 0.27972915363841977, -0.0671280261820961, 0.679195890926536], [0.7705196280951165, 0.9184198065875387, 0.4623652681735294, 0.9744260076448501, 0.4731465256901216, 0.9054640517097746, 0.15317102012089936, 0.6812455027002309, -0.10969766946642937, -0.17699359747961432, 0.05342827283865834, 0.0422573639942761, 0.665181487813568, 0.5596267489293477, 0.6506295253523269, 0.37604267484969456, 0.4993928375675597, 0.4905898395156647, 0.2300764361969277, 1.0398420596170066, 0.6042325964074531, 0.5477016792073928, 0.04353018052791331, -0.55520333592933, 0.2942582509435043, 0.7698356325543594, 0.3334721004896318, 0.5366560628446537, 0.42124140087581013], [0.39428589061740055, 0.6925900622088772, 1.160163243788701, 0.304409917955074, 0.9635658872698973, 0.2425595000177456, 0.6999832585483664, 0.3903589098237342, 0.6506955897578279, 0.7027132728738221, 0.4833223759231608, 1.1089394507750714, 0.7998775923502215, 0.8718993022486414, 0.5573197870161026, -0.3267329697353946, 0.5739022246806896, 0.6058524552677406, 0.9212916936262876, 0.146780500852996, 1.0828928410491472, 0.04577514845343583, 0.2403341759828162, 0.05119416691210876, 0.5537054867582043, 0.9462175223941655, 1.1262363760971332, 0.25173080475188764, 0.8848420068470495], [0.7241128712078695, 0.2547380346170736, 0.4138678014269387, 0.967863025565431, 0.40511602102408, 1.1185966822319449, 0.11012271888013148, 0.06533086311156594, -0.791765293166736, -0.38766208309534983, 0.37037407088662233, 0.16141337510308457, 0.0369865992823023, -0.03971109142599333, 0.5328807256441802, 0.4630408031934791, 0.7139462485810106, 0.2729921373020223, 0.07439190453943283, 0.7521137210401527, 0.24066575513019448, 0.8458447605950397, -0.021561838099315472, -0.3195545613362103, -0.22956942801021502, 0.3196742022997526, -0.1101296204979427, 0.6498680330038791, 0.2803740838273475], [-0.09020159881766433, 0.15875668992541428, 0.5158130655185974, 0.11479620846174073, 0.7056280588707611, 0.15604344591623223, 1.1378059378731056, -0.09554784729015661, 0.6875305451397954, 0.44821193900376916, 0.5763429405563181, 0.6518035318883474, 0.5488744236706404, 0.6963504127450232, 0.7648735249827842, -0.08868078481526051, 0.8512122963886469, 0.7393191641617092, 0.9129127080480609, -0.3222548825616117, 0.7867271029547224, -0.22231809383717618, 0.6032591546815402, -0.5145327254903757, 0.5756230386838666, 0.539486651623508, 0.5979029221691612, -0.25275457949128033, 0.6556693882351392], [0.5792220265594681, 1.1826484403584363, 0.34496698041240936, 0.6522515344071933, 0.5740927557333902, 0.403504347232315, -0.1423570358255015, 1.1571971658981322, 0.2350378454888356, -0.17991951801559217, -0.06542850281041983, -0.08827573640186459, 0.6310772538703177, 0.645367209017717, 0.35358592453731397, -0.19019426875116566, 0.06526145342019843, -0.06155156374879449, 0.17976513051368476, 1.042003685450348, 0.30388349690964656, 0.4558216749375581, -0.24827455734899773, -0.4793749824428869, 0.0628336694848819, 0.68492772118363, 0.4501357406253532, 0.38905822721918604, 0.0605252975902284], [-0.36595370076529177, 0.3444628684411542, 0.1701073776125941, -0.09098467190231053, 0.9631542992719725, -0.7309892678957763, 0.7037993553076628, 0.15064137781325115, 0.9621598752346036, 0.9905733218806481, 1.1505087126237108, 0.49234733114703455, 0.18248920735183105, 0.9446043888771141, 0.1045553689961059, -0.48681930695805653, 0.7989251483412924, 0.5983488148190195, 0.6605090055996804, -0.32793165064114815, 0.2928465647719992, -0.4346889983871643, 0.6876095548065012, -0.033835241584964815, 0.7690290348194609, 0.5960539880683291, 0.3813178737277251, -0.1957467285886866, 0.8091141817071272], [-0.3517715533385433, 0.18113066389129814, 0.024373463764009326, -0.18005665705847684, 0.7035074644570314, -0.4101423322504538, 0.7809086450444085, -0.1946158166211895, 1.048541982313009, 1.1853931758676919, 0.7976486767381419, 0.7942514688229269, 0.4325563797121956, 0.40768285911588975, 0.22346687771686624, -0.20056208115069146, 0.6113869662091116, 1.0309890371861767, 0.7875676192288101, -0.45099937419850805, 0.3993589208712425, -0.3615606367710068, 0.7261626137124609, 0.06621531463237741, 0.6797584982851268, 0.5315081540359724, 0.5189253095916494, -0.3059685096076973, 0.771443906253644], [0.014948128567249048, 0.2019721036299169, 0.8019478241757753, 0.07930451117386017, 0.5442754913039028, 0.4324195050984978, 0.7678993224096319, -0.04417813169636906, 1.1045903666428076, 0.6998532523685178, 0.9928912420636548, 0.6147875259669866, 0.6099819998897595, 0.4838654037344421, 0.3751446481932981, -0.33993380008849683, 0.496910987317637, 1.107746781497957, 0.6104525711666519, -0.3260537576108598, 0.8144256117336439, -0.15166769707101002, 0.6485264425087247, 0.03520397700333616, 0.6658423667778179, 0.368965088007813, 1.090245500445091, -0.22886947252169093, 0.6118665861165519], [-0.2211301849036847, 0.15283663342427906, 0.36399215987399436, 0.0507624062489542, 0.7181420412828134, 0.03142851442792439, 0.6531761228140577, -0.035913631556674375, 0.6034181692881155, 0.8043353460512738, 0.8528293351446907, 1.203340301659594, 0.2054254234391893, 0.5614888998524494, 0.2374022832592365, -0.5854544273541349, 0.7165524675105444, 0.7461477830106267, 1.0234649537528095, -0.2766155481523097, 0.4312337959785091, 0.20005966675473547, 0.3056269094578225, 0.3307661081654992, 0.03916449000827646, 0.3591034531166837, -0.010032635702028198, -0.21454590159381248, 0.737613131268792], [0.511335615224675, 0.7020017371822573, 0.45110445568691737, 0.5676528473767464, 0.7579652676203825, 0.026138119552091763, 0.4721715988659147, 0.5623460678052336, 0.36384549107883046, 0.42483442627095713, 0.5459677767347068, 0.20682416857451663, 0.9424319750469207, 0.9064274927153035, 0.45129973302893145, -0.14285376159660645, 0.5568512052534393, 0.7583445844884836, 0.49632874693750206, 0.3187909791679155, 0.9174847494522392, -0.17997423301086307, 0.49831280112657905, -0.3575435344074741, 0.8540180121729827, 0.8627829323089089, 0.8081253739017994, 0.6774024817541913, 0.9027755346701807], [0.32777582095663216, 1.0836681189532404, 0.5958364304359443, 0.5762911660751862, 0.7123537884966382, 0.04270699161308611, 0.6464596925271276, 0.9411537105292945, 0.8243997015114406, 0.649118001650858, 0.4643438521819345, 0.4219166062388335, 1.0265415776667386, 1.0709765181769475, 0.8646213244446543, -0.3191556167056814, 0.3505340535573354, 0.3353269281290774, 0.7664688422575936, 0.3553226400829042, 1.2988133118953833, 0.24198689858928063, 0.2851847182788637, -0.536918306193642, 0.5455938150575608, 1.083982185987988, 1.0512939862558501, 0.20445470176162767, 0.8546368511884332], [0.4637280431167468, 0.6747409937614701, 0.5321839052826637, 0.5960441044730856, 0.9035951733342862, 0.5749406790308692, 0.700538368675821, 0.4295268759570372, 0.09636746280519025, 0.20440366136546956, 0.6380913935543467, 0.21047873715172488, 0.4264575458897242, 0.659447916984566, 0.8337755508445729, 0.4404032920291048, 1.2547547303248385, 0.6078200986944603, 0.7011724250236563, 0.2782780823791554, 0.6726795824757746, 0.2413097089473238, 0.6355159220125716, -0.8798567049086115, 0.317474920074469, 0.8039126292424348, 0.14480689942110592, 0.10376595525150524, 0.5072723689664459], [0.4293206412185772, -0.05891865776079183, 0.3727692951762289, 0.5283989287140284, -0.35436608235222516, 0.5325523141441312, -0.12948989285330348, -0.15991050377377802, -0.45653712549770076, -0.29525930280165996, -0.29167614273370873, -0.5970458070662447, -0.19109242636804788, -0.32399954018937777, 0.4746664304382908, 1.193489119057655, 0.316419713214003, 0.011063962399709863, -0.2762497266204179, 0.2907980840987767, 0.043875111801621465, 0.17745551450534036, 0.17315711707000103, -0.36176301074120626, -0.0929465758003452, -0.010827948560757826, -0.1656287658395825, 0.4371101463489107, -0.18943962114629984], [0.2720989107940052, 0.4345477348638975, 0.7003729853474533, 0.5361742294353489, 0.638784126984158, 0.5140838457751055, 0.6755350167743145, 0.04873686195190799, 0.9374353028685658, 0.5773609104941494, 0.544953826248956, 0.6068823242081817, 0.604266955159049, 0.402551250333538, 1.2113267758736002, 0.498513346582148, 1.0270238253284452, 1.1237603010930124, 0.9356709424395118, -0.1757423883001796, 0.8047698365701548, 0.012864296106101137, 0.657158528368713, -0.5643403289378124, 0.5080988380762276, 0.8000383826655342, 0.7494548808521616, -0.125215047599816, 0.5214727765935171], [0.07654590664280705, 0.24560633154894607, 0.6263011708540697, 0.4030540535288892, 0.8228057459700746, 0.3397667426656761, 0.9185513446271718, -0.010581124327824473, 0.5753405223622905, 0.738854061983823, 0.9795257112187252, 0.6460846664083028, 0.5884165006541952, 0.31060616275934727, 0.6150472703147435, -0.007054145408886442, 1.0399883482644692, 1.1671423708892346, 0.8550060243612804, -0.3297785562816531, 0.5933751853932923, 0.07847050589434755, 1.084936277817606, -0.3527299882860129, 0.7072683940557677, 0.18319044485538766, 0.60439173511116, -0.0751804529794888, 1.1154764465505513], [0.08385362707001653, 0.45168525342275817, 0.6850249144529547, 0.4184820637751622, 0.8378602691335528, 0.07810085908177285, 0.8444731844698733, 0.19409015159882126, 0.7053282101276941, 0.856760155351341, 0.5978841784789938, 0.8883033151464068, 0.4949297664638913, 0.8580299089094396, 0.6595186175965083, -0.3887356204234515, 1.0703387386088294, 0.8145669900437842, 1.1445805625603658, -0.08826900103011961, 0.9128308124497831, 0.010889511378457756, 0.41396882206528596, -0.12742579059051054, 0.4736551251841968, 0.8780008639538315, 0.5982532728100359, -0.12803107552378654, 0.7699876538554039], [0.740186696311308, 0.6851555957857822, 0.36498070491090967, 0.958961743673029, -0.04099049218430559, 0.5317094837891267, -0.1454227083686472, 0.9157830377291636, -0.369938931218806, -0.543483153682415, -0.4645325406856555, -0.5016540168254523, 0.31764462785087605, 0.5382305065861028, 0.37961239217166454, 0.11569947610445566, -0.10488876193827351, -0.3532862073136885, 0.00404210959312017, 1.2318970958177347, 0.3468223346555394, 0.5740349040298963, -0.5490789242024159, -0.4217664344519823, -0.20175892199597142, 0.47354202845347365, 0.45553859411171116, 0.9992025897519661, -0.02297586109102629], [0.26358460817439733, 0.9306881960813251, 0.4466648763933548, 0.5076644331002056, 0.9993708963527307, 0.16531565943080828, 0.8272304894586704, 0.5366796285633073, 0.5013045303183687, 0.6280837494745884, 0.8376962418837696, 0.321109708410258, 0.9667411507094357, 1.0615395402362144, 0.656818719110457, 0.02631260780322635, 1.1622759077104827, 0.6500205076746836, 0.829869498886386, 0.43975250666400456, 1.151603242361548, -0.09837435620872988, 0.8137508984180684, -0.5552894913146916, 0.5435605142625082, 0.9255997814436233, 0.7753750326572101, 0.27602033470663734, 0.9944252839603128], [0.4716674419810508, 0.5248663739982282, 0.3313839460741387, 0.5589271544236096, 0.03923584153151643, 0.9745218386652006, -0.16836087270644154, 0.44687017169442517, -0.36626573012251806, -0.3563746672604306, -0.10547926508213909, 0.24714669522393315, -0.16439953976953836, 0.10120002981291705, 0.17759556540045165, 0.16167872717368809, 0.012623841973276817, 0.05903480467685107, 0.07254217177819135, 0.6609681619646562, -0.09155633152099613, 1.0006660667531866, -0.5362118658068777, -0.4426413139207416, -0.6205482224149483, 0.14024913981413925, -0.48470208570539636, 0.24500804096305884, -0.2740766817744763], [0.09256808304047706, 0.17896556748779652, 0.6117365542929494, 0.06300185559975044, 0.36952233728078154, 0.043629619137129816, 0.6539961684909843, -0.3081168795468284, 0.7920533532907028, 0.9159777210690588, 0.6365185572500086, 0.1888276510817138, 0.5203974593935766, 0.30731511112874943, 0.5543704233581727, 0.15699575703006116, 0.6778603945880831, 0.9181485492281556, 0.44389812104762527, -0.5080291697569561, 0.9119883591858725, -0.5948891204286522, 0.8297023451095706, 0.07007951447068086, 0.8845245931215849, 0.2825603878438958, 1.1428781832497643, 0.05084444512934638, 0.5970370659510408], [-0.6968310175899922, -0.531311196853196, -0.8315832896260854, -0.6051658884787159, 0.025229124988425167, -0.40492774623230854, -0.620333341351524, -0.586878237572606, 0.3074122544516448, 0.09909718778909292, -0.05829779448179878, 0.31371888360920835, -0.31835156263759595, -0.77608966105874, -0.8224379043168709, -0.33965406648893737, -0.5701953967305611, -0.3907123994313054, -0.2065841068850459, -0.2551161456127588, -0.5532879436077555, -0.3858337433633198, 0.1382235358890995, 1.134579417033103, -0.09820630527020173, -0.4684923532995964, -0.277742331544918, -0.19366825178021024, 0.22653783044286172], [0.0347851256584231, 0.2967412212497868, 0.22661413848292628, 0.25023069516162494, 0.45614442705148517, -0.30960302419316554, 0.545585082714735, 0.06607251842740158, 0.7870510454793803, 0.80433927135024, 0.7382801727032992, 0.2037022197562166, 0.836635353573597, 0.5161549820000864, 0.29305377237643293, -0.11017022705727314, 0.587704919522558, 0.9114944617601537, 0.4081485664664995, -0.03590561806170614, 0.6008991995913506, -0.6589326485437081, 0.8938322082466894, -0.05864451037795957, 1.2627665110968795, 0.5367376579284449, 1.0219747805992112, 0.024128997907817806, 0.9767527550678637], [0.5827822940085717, 1.0174102410956778, 0.9230449262778635, 0.5337492562867824, 0.9905181174798547, 0.05818333903869549, 0.4494798254413651, 0.7714880512560773, 0.42803553418546275, 0.6074428615855829, 0.348473930249634, 0.38890349307089095, 0.9226407385526969, 0.8656979045379157, 0.75711946443616, -0.11368048205244075, 0.6831551292007773, 0.436821772227473, 0.8608195919646571, 0.5246430042133376, 1.1347913952171753, 0.16347288689518188, 0.23265525744018947, -0.35434934001842394, 0.5750946289149704, 1.295107577628701, 0.9334713231873702, 0.5119089926596092, 0.6331462497488657], [0.3198039484174217, 0.6707759372165792, 0.2194629233504349, 0.2937059734775968, 0.8197740121160655, -0.24519306795922075, 0.605397166618641, 0.4179879754873482, 0.27299507954413205, 0.677449992694302, 0.9585457677848184, 0.18770760872115289, 0.7274536633896049, 0.942086403058291, 0.33117843852461337, -0.2364387781266705, 0.6617419515653977, 0.550928977283501, 0.5506722068976045, 0.32525928423912664, 0.8584517783045515, -0.49228452509851534, 0.7371768697298419, -0.17058227150606375, 0.9270030547668769, 0.9472307913626384, 0.7959354260791764, 0.5451582499027416, 1.2913752248996297], [0.6855019096351249, 0.43074838181315933, 0.014102378194944087, 0.6485195626956213, 0.25596440499368367, 0.6040938114785211, -0.1333007098133131, 0.3604263498538759, -0.2523402273972959, -0.18193629532384803, -0.04296646879424123, -0.2350082268689651, 0.6231024392132037, 0.41655048455189375, 0.16354484719808163, 0.5090770310244814, -0.022937108965602956, -0.015388180992266067, 6.72473813614024e-05, 0.9340737444133724, 0.3856815475143883, 0.24258986656378878, 0.09086812299586797, -0.0367604658421562, -0.01224203626036549, 0.5575376402523983, 0.5250710658584005, 1.3473749735628449, 0.2794569358487797], [0.21449562369200223, 0.3498308291672034, 0.6942784361277208, 0.38259540079546056, 0.6890735552789058, 0.35832447552474234, 0.7376280617645317, 0.34563751096261064, 1.1065243138436558, 0.7336280284961124, 0.4922717176002217, 0.861436728209052, 0.8408203509183054, 0.9033676599006343, 0.5922629940072828, -0.17704637490308395, 0.4955325557059992, 0.9156965113072222, 0.7388770415784178, -0.05942001585167979, 1.1649041402330305, -0.31671083227272817, 0.7150477696187416, 0.02936033144324629, 0.9767527550678637, 0.544808465438129, 1.1235903634144067, 0.2550383686386921, 0.7275511016891458]]}, {"name": 2, "matrix": [[1.227197165898132, 0.9365000236076161, 0.8068283985450405, 1.2735884831855837, 0.49013490632242757, 1.1816770793982234, 0.24281445455826006, 0.7931177851104657, -0.1290441830558623, -0.2241019691027164, 0.35169554513474005, -0.07229380628556076, 0.806784637433348, 0.5094851061460711, 0.5166626771569861, 0.7942712618896387, 0.4288612729920679, 0.31834331019853784, 0.32788021266430656, 1.0657750272598436, 0.5797148092105948, 0.8166705457522884, 0.24466146971132044, -0.501390420652826, 0.17957444935868663, 0.788318899796946, 0.717847949060819, 0.9672484029059809, 0.2979832095023225], [1.1995138525528886, 1.145510305242934, 0.5047616098096108, 0.4351686834717152, 0.41336713601451225, 0.4742600542467802, 0.46037649830667066, 1.079294304632929, 0.3394550262848277, -0.07379514573506833, -0.19953064459633355, 0.24773719104536468, 1.0172136223303743, 1.2371597798550666, 0.6588238402820686, -0.16129628294865053, 0.38562235342396817, 0.24021030563164752, 0.29458079052574915, 0.7120827294384934, 0.696011077346922, 0.3811531404934989, -0.1562996488391867, -0.465542730561138, 0.38040760110354466, 0.9311593675736034, 0.6310835113497062, 0.46164912455334317, 0.33587598442403516], [0.7596186240084138, 0.5574156664135986, 0.865339844293792, 0.6656744081323506, 0.7693259403726308, 0.410498769461792, 0.6383480997790775, 0.4281475927886642, 0.01665864341159659, 0.36394550617142235, 1.0440646608270685, 0.35266742898800896, 0.6107119254640788, 0.4205406327156222, 0.6847942531078677, 0.46424214682552867, 0.6486888014853766, 0.7039648909085551, 0.7681747136336855, 0.020189024397745895, 0.17983313316867788, 0.8016316873035358, 0.6078072213360562, -0.8370044622540209, 0.34231918710920906, 0.8280991127875454, 0.01234256022110164, 0.3513972323745187, 0.6403981784877392], [0.9795918487297544, 0.4736258455829566, 0.8997645586082967, 1.0029053899388891, 0.5729500158864848, 0.7575523765804582, 0.16498107090884173, 0.630866528525413, -0.2385692587413446, -0.06245143573214951, 0.2781630574904707, 0.06209935527474725, 0.7168534618877347, 0.6185051774731932, 0.951468152404121, 0.09658209964456166, 0.664939999784666, 0.1455389223555485, 0.6879917703536653, 0.7228875176877964, 0.617448239184211, 0.48190160249753256, 0.1993677731422514, -0.5284677668693455, 0.21241129373817863, 0.6014628408927776, 0.6623780461950336, 0.4758831739412346, 0.591155076485427], [0.7689245083664906, 0.7506885690764222, 0.795606924951355, 0.6221006516946195, 0.8842178020307525, 0.3818217621955637, 0.5638614658272477, 0.5937716780674248, 0.5376660408131406, 0.7876950825997076, 0.2977544752229382, 0.7649807489837868, 1.030508422028506, 0.8482765762742535, 0.7183572530597312, -0.04749411978362983, 0.58723737221369, 0.8374886835152349, 1.144771214320116, 0.30336255392800865, 0.8972370320325611, 0.3784399582234428, 0.31848249165809406, 0.009397118357061224, 0.787393036363634, 0.6688004683925888, 0.9009875374161157, 0.2924650628067728, 0.7253224081250038], [1.1164343576734912, 0.3612095864331831, 0.14704109222675843, 0.7963847543206076, 0.3283632474258424, 1.1380603599881516, 0.22398621180820738, 0.5134636089997673, -0.7826071879851102, -0.47866989463804754, 0.0557893409350841, 0.27445078545168694, 0.22378477774913924, 0.1735577884487836, 0.5778392656311595, 0.3805718484482928, 0.27645538721401036, 0.4791002144223203, 0.4762886081875297, 0.5532327100248337, 0.13772746137806482, 0.9103882828413511, -0.23968384443571442, -0.4071712879492657, 0.10703565847855548, 0.3595309887959628, -0.41897596175139595, 0.35998389278332477, 0.0713201907353033], [0.04584298540841428, 0.3965005643403341, 0.9306093332621237, 0.2819562902885241, 0.7720221658120402, 0.3103195353064432, 1.1570808979585483, 0.3160266011889721, 0.9965153819128638, 0.8360498947359145, 0.8391070055422999, 0.852879087536425, 0.4671010297988084, 0.792615738364256, 1.0160484612778478, 0.1493871904051613, 1.0549173117023463, 0.8991779643137248, 0.8671132872599446, -0.2021371222974065, 1.0901212880096518, -0.004831538865878643, 0.94707315413465, -0.37733554612057735, 0.4843496056414989, 0.7305142841446199, 0.71232022269615, -0.04227771857099166, 1.037500972173285], [1.0224842782075894, 1.1435419391338697, 0.355371264576565, 0.7177088455948171, 0.35767434976555756, 0.2733864898132752, 0.047223780002326854, 1.3046968304999496, 0.17330273808533128, -0.23853302256426376, 0.1777541533239084, 0.35898391471121655, 0.99099432810703, 1.0928925301374706, 0.22451848651293999, -0.23306661651067329, 0.13743902767229174, 0.07829052099896028, 0.513308473697069, 1.0899344059712073, 0.45960081324837065, 0.4851452146963632, -0.06779033573863562, -0.23312485632970087, 0.4900468597738695, 1.0281949769605079, 0.444498647739091, 0.27985077079430115, 0.13651553160206015], [-0.2397330530441073, 0.2421048724275803, 0.049650829541140196, 0.04388932467805032, 0.6008153218352735, -0.7461395590450488, 0.9945369474844744, 0.323261391434135, 0.6819806727010347, 1.1142345000770517, 0.7967044963694475, 0.3261485047172321, 0.555505851016171, 0.8243909643412057, 0.023531245215587082, -0.16431794671248623, 0.5752821013201982, 0.44942004612226594, 0.7791656097084212, -0.35271634060150836, 0.4676518851120535, -0.1763873881682663, 0.7840541060262289, 0.129826317069065, 0.9086059079631343, 0.4778573533244689, 0.5935734074172687, -0.05195005599362962, 0.9943210521318514], [-0.010251336234024022, -0.12363958830601617, 0.2564165679334337, -0.1328419062124077, 0.793839982043195, -0.6923522027828312, 0.8721775267893793, -0.43117252507316245, 1.3171065872850167, 0.7464543006317974, 1.2505178905911898, 0.5256491163279446, 0.26120922468154334, 0.28055068022647844, 0.3100300004415745, -0.664171078208989, 0.7738479266487123, 0.6677047533317315, 0.9938096503445423, -0.6900093756589547, 0.6475413772781681, -0.41467867334861186, 0.8936577897347839, -0.2929540425521277, 0.95