{"stateborders": [11, 25, 35, 45, 55, 69], "times": [{"name": 0, "matrix": [[1.0, 0.613450933270176, 0.4644439424994948, 0.7798947608696988, -0.2745916504430816, 0.5049076125289883, 0.3839530621521541, -0.05308768644111419, 0.3960781958638055, -0.8210739307258568, -0.5516241171022909, 0.6994683038834666, -0.049898598949431015, 0.6292248563610106, 0.6415234063936366, -0.035748103637343, 0.7087112874102933, 0.39470757648750204, 0.7597447228008493, -0.5844980075179208, 0.6934235333902871, 0.6901506212692868, -0.41167533043645793, 0.4125733342105554, 0.4170135124888275, 0.8017308257096749, 0.6683812691132931, 0.45279755561642704, 0.667750686797556], [0.613450933270176, 1.0, 0.316173813095684, 0.42855575276571817, 0.13093433795028778, 0.26741325129962223, -0.003946805871385273, 0.3209184649155704, -0.010736428354442894, -0.6483331355645235, -0.19981099416003587, 0.3195323362561778, 0.5302693999469973, 0.8302556709152624, 0.07098491034985582, 0.37364262150376604, 0.243736221621185, 0.1131672998339535, 0.36833446643412804, -0.32762323659053155, 0.4103860060042596, 0.43224478714348097, -0.12012677246885652, -0.14792806000504233, 0.3033356045480201, 0.8188715038410196, 0.2053562955837132, 0.5101084679295703, 0.3996790695199132], [0.4644439424994948, 0.316173813095684, 1.0, 0.3652465048999347, -0.3984236869404913, 0.9343195566649241, -0.27302701316647854, -0.49637874357858697, -0.13508245571274863, -0.7132593627636916, 0.2935993272137768, 0.47270185608871423, -0.1755719596123474, 0.41621690418625196, 0.0960895408599377, -0.0338395134937867, 0.09255588272617343, 0.8008437015353796, 0.562245477042558, 0.3317585043886983, 0.5582942238781057, 0.8585428942777847, 0.3684050469142911, -0.15728934690307375, -0.38687610397459193, 0.2770453353752749, 0.2785406545471555, -0.3340981351661198, 0.747700438692225], [0.7798947608696988, 0.42855575276571817, 0.3652465048999347, 1.0, -0.5637142920253931, 0.5968640929240363, 0.35351786253208695, -0.08429889571359478, 0.40546054084021554, -0.8618264801387685, -0.7635150656320173, 0.6427279877519636, -0.30066238186288424, 0.29278156256973115, 0.7498422409456184, 0.095678281206303, 0.8867905993018699, 0.15968249879947455, 0.9271009956433265, -0.6869574681803325, 0.9597109315664756, 0.7839973005135882, -0.6448510077868197, 0.5834849148170573, 0.2192461115282216, 0.4691488833848144, 0.9401954562161685, 0.3800257431097352, 0.663349858477665], [-0.2745916504430816, 0.13093433795028778, -0.3984236869404913, -0.5637142920253931, 1.0, -0.6478641888106611, 0.35832125169329027, 0.8121111226831029, 0.2938472814204456, 0.5490135556282073, 0.36744233314088026, 0.04780504102006108, 0.7625131541061115, 0.4119322146253023, -0.138534473432817, -0.340074475132949, -0.26176994705227985, 0.0494478891022397, -0.42995551473868104, 0.05419181308887894, -0.6471203049925427, -0.6022997428211863, 0.007749488605326959, -0.05403219377110345, 0.5717921169452604, -0.08273764864974259, -0.5156144648182225, -0.03391120544301247, -0.2744781245127244], [0.5049076125289883, 0.26741325129962223, 0.9343195566649241, 0.5968640929240363, -0.6478641888106611, 1.0, -0.24719967424743838, -0.575709552696175, -0.09110516077834054, -0.8278274763384338, 0.02151948445590727, 0.4664612644852944, -0.3970470553508178, 0.2419176970885467, 0.23569699145192802, 0.050720150131924935, 0.2904541809338687, 0.6262154535552855, 0.7154609310211804, 0.1431860855755518, 0.775100756473963, 0.95403078613971, 0.16190764480724798, 0.010061099016317514, -0.433913642535964, 0.24333348018829512, 0.5285534068284081, -0.25202389666479075, 0.7877293857296502], [0.3839530621521541, -0.003946805871385273, -0.27302701316647854, 0.35351786253208695, 0.35832125169329027, -0.24719967424743838, 1.0, 0.6075560806412382, 0.9358798631705875, -0.0031898488286677368, -0.5165532096892653, 0.7023952300915709, 0.14901162032827625, 0.3149114099938696, 0.8510248987239497, -0.5445538039578569, 0.7380038224038428, 0.19108209606257953, 0.4340485248028098, -0.6946785895723585, 0.16296928627168386, -0.03709654079139839, -0.8025661446151054, 0.8595519968028608, 0.8698206899462552, 0.06527494850859926, 0.4684310213909361, 0.25074788643622614, 0.1927099777690356], [-0.05308768644111419, 0.3209184649155704, -0.49637874357858697, -0.08429889571359478, 0.8121111226831029, -0.575709552696175, 0.6075560806412382, 1.0, 0.535339544285988, 0.2587927497580882, -0.14000594133202898, 0.2667023842566303, 0.725056528545341, 0.4653430149358338, 0.2301850802869447, -0.19917464430796566, 0.21669208501628806, -0.1336027476397995, -0.04764377416746606, -0.44148575259124445, -0.22240940826174793, -0.38977920554218315, -0.5053942109925559, 0.2939596632320924, 0.7915423984651825, 0.02025488173224781, -0.058322659866166575, 0.27503273005790924, -0.13242432655153497], [0.3960781958638055, -0.010736428354442894, -0.13508245571274863, 0.40546054084021554, 0.2938472814204456, -0.09110516077834054, 0.9358798631705875, 0.535339544285988, 1.0, -0.10145812703156999, -0.46702484161484853, 0.7696275675305162, -0.03011847607354266, 0.28726689104958214, 0.8550756696095078, -0.7281703505639774, 0.7535802725124321, 0.2774128150107897, 0.5304119258221663, -0.6539159446436984, 0.2525463244340381, 0.08805594182691807, -0.7770268313168893, 0.9227154006971672, 0.7831717701813363, -0.030916117051759992, 0.5918489384627532, 0.0003921783385425155, 0.4320516932171877], [-0.8210739307258568, -0.6483331355645235, -0.7132593627636916, -0.8618264801387685, 0.5490135556282073, -0.8278274763384338, -0.0031898488286677368, 0.2587927497580882, -0.10145812703156999, 1.0, 0.40562330512116385, -0.5797312375043733, 0.18050363042412418, -0.5032368307770656, -0.44085941911814824, -0.1965350038286792, -0.5914387592461802, -0.38860748695449865, -0.8491510754744006, 0.3504615113117088, -0.9146063073880288, -0.9410147590448971, 0.22535946410899566, -0.19210712164763602, 0.01824666074967208, -0.6310172866688624, -0.724086660680066, -0.2351993142239939, -0.7943518146389066], [-0.5516241171022909, -0.19981099416003587, 0.2935993272137768, -0.7635150656320173, 0.36744233314088026, 0.02151948445590727, -0.5165532096892653, -0.14000594133202898, -0.46702484161484853, 0.40562330512116385, 1.0, -0.29859173382722404, 0.2571179037461488, 0.011875561003893592, -0.684442186750134, -0.12118551338674267, -0.8211132774839288, 0.3826576454620577, -0.5331985800542735, 0.9255399375947664, -0.5741937445769425, -0.2134173511262787, 0.8640675334259105, -0.6817205952073839, -0.4724091187362693, -0.3674776652687521, -0.7530071193216217, -0.6531962620458395, -0.1534892674649466], [0.6994683038834666, 0.3195323362561778, 0.47270185608871423, 0.6427279877519636, 0.04780504102006108, 0.4664612644852944, 0.7023952300915709, 0.2667023842566303, 0.7696275675305162, -0.5797312375043733, -0.29859173382722404, 1.0, 0.04646571188597465, 0.6350653521830484, 0.8440050094211388, -0.49373772042987807, 0.7759484528793688, 0.7131478281492375, 0.8465262927736721, -0.45690735476789546, 0.6116310395882896, 0.6248378920363146, -0.522479150872641, 0.6782856591343628, 0.5408601596051986, 0.27162666185319756, 0.6800058849851298, 0.003021219106250705, 0.7685883390240763], [-0.049898598949431015, 0.5302693999469973, -0.1755719596123474, -0.30066238186288424, 0.7625131541061115, -0.3970470553508178, 0.14901162032827625, 0.725056528545341, -0.03011847607354266, 0.18050363042412418, 0.2571179037461488, 0.04646571188597465, 1.0, 0.6595638596626586, -0.1973588793119753, 0.2367177404159552, -0.199714210871355, 0.03998685573246864, -0.25562584987918113, -0.005893637017086976, -0.34100050354665, -0.29082157253575336, 0.04617700948765059, -0.3263487043659746, 0.4609084440205893, 0.2971406864704928, -0.47445890346606917, 0.382267774868145, -0.288167421256956], [0.6292248563610106, 0.8302556709152624, 0.41621690418625196, 0.29278156256973115, 0.4119322146253023, 0.2419176970885467, 0.3149114099938696, 0.4653430149358338, 0.28726689104958214, -0.5032368307770656, 0.011875561003893592, 0.6350653521830484, 0.6595638596626586, 1.0, 0.2739940416891353, -0.025998402181071294, 0.2901412997890121, 0.5321163625740079, 0.4168162216011968, -0.23306836112733226, 0.27157612714276036, 0.3978125179165617, -0.11761874203734819, 0.02457871254354758, 0.5217853639172301, 0.679194850757548, 0.13412071640160436, 0.30346164736946113, 0.47802521360920824], [0.6415234063936366, 0.07098491034985582, 0.0960895408599377, 0.7498422409456184, -0.138534473432817, 0.23569699145192802, 0.8510248987239497, 0.2301850802869447, 0.8550756696095078, -0.44085941911814824, -0.684442186750134, 0.8440050094211388, -0.1973588793119753, 0.2739940416891353, 1.0, -0.4157471269164741, 0.9549236941946353, 0.3237058977625566, 0.8095908379956583, -0.7326418181438897, 0.6261960859367813, 0.4360499347298757, -0.8194312917394672, 0.9208507689335972, 0.6051363928876538, 0.18512025667422402, 0.8307610014191006, 0.22591049657126153, 0.5251073593733949], [-0.035748103637343, 0.37364262150376604, -0.0338395134937867, 0.095678281206303, -0.340074475132949, 0.050720150131924935, -0.5445538039578569, -0.19917464430796566, -0.7281703505639774, -0.1965350038286792, -0.12118551338674267, -0.49373772042987807, 0.2367177404159552, -0.025998402181071294, -0.4157471269164741, 1.0, -0.2149386162048158, -0.4658607594843146, -0.15562441988257827, 0.05474977577842478, 0.14036958326891785, 0.06910295862749039, 0.20507149081462953, -0.5906847444026094, -0.3708638479598155, 0.39327219111156425, -0.19243539555208578, 0.6002845538177364, -0.3944366549694703], [0.7087112874102933, 0.243736221621185, 0.09255588272617343, 0.8867905993018699, -0.26176994705227985, 0.2904541809338687, 0.7380038224038428, 0.21669208501628806, 0.7535802725124321, -0.5914387592461802, -0.8211132774839288, 0.7759484528793688, -0.199714210871355, 0.2901412997890121, 0.9549236941946353, -0.2149386162048158, 1.0, 0.16735646767502085, 0.8654228087484772, -0.8426567591314363, 0.7630903004082226, 0.5226165837213543, -0.876670728229169, 0.8652118180538275, 0.5635286171767999, 0.3064922688838997, 0.9185590576014908, 0.36870163913197745, 0.5513219117536792], [0.39470757648750204, 0.1131672998339535, 0.8008437015353796, 0.15968249879947455, 0.0494478891022397, 0.6262154535552855, 0.19108209606257953, -0.1336027476397995, 0.2774128150107897, -0.38860748695449865, 0.3826576454620577, 0.7131478281492375, 0.03998685573246864, 0.5321163625740079, 0.3237058977625566, -0.4658607594843146, 0.16735646767502085, 1.0, 0.4887547628197021, 0.26654230657789474, 0.2794376145978114, 0.5846735240250649, 0.2036583960667551, 0.11601387697632778, 0.024278071594277393, 0.09473325658987572, 0.16901483962238092, -0.4237669762348705, 0.6577930622293523], [0.7597447228008493, 0.36833446643412804, 0.562245477042558, 0.9271009956433265, -0.42995551473868104, 0.7154609310211804, 0.4340485248028098, -0.04764377416746606, 0.5304119258221663, -0.8491510754744006, -0.5331985800542735, 0.8465262927736721, -0.25562584987918113, 0.4168162216011968, 0.8095908379956583, -0.15562441988257827, 0.8654228087484772, 0.4887547628197021, 1.0, -0.5242224092527239, 0.9362106792011624, 0.8665708205026685, -0.5506620679917639, 0.6223481087918956, 0.22928830064030103, 0.3421676671339596, 0.9134859166835531, 0.11480404054687182, 0.8292642837054988], [-0.5844980075179208, -0.32762323659053155, 0.3317585043886983, -0.6869574681803325, 0.05419181308887894, 0.1431860855755518, -0.6946785895723585, -0.44148575259124445, -0.6539159446436984, 0.3504615113117088, 0.9255399375947664, -0.45690735476789546, -0.005893637017086976, -0.23306836112733226, -0.7326418181438897, 0.05474977577842478, -0.8426567591314363, 0.26654230657789474, -0.5242224092527239, 1.0, -0.4695678048405067, -0.1382315574555991, 0.9425057506229608, -0.740185868316789, -0.7434686444631194, -0.3815638619840949, -0.6903573823201167, -0.6397133083325793, -0.20331574713211864], [0.6934235333902871, 0.4103860060042596, 0.5582942238781057, 0.9597109315664756, -0.6471203049925427, 0.775100756473963, 0.16296928627168386, -0.22240940826174793, 0.2525463244340381, -0.9146063073880288, -0.5741937445769425, 0.6116310395882896, -0.34100050354665, 0.27157612714276036, 0.6261960859367813, 0.14036958326891785, 0.7630903004082226, 0.2794376145978114, 0.9362106792011624, -0.4695678048405067, 1.0, 0.9021446389896166, -0.45223942751219676, 0.4314925009678184, -0.0079429590284839, 0.38319849897946684, 0.8891792084587425, 0.20268809483685254, 0.7351671023659883], [0.6901506212692868, 0.43224478714348097, 0.8585428942777847, 0.7839973005135882, -0.6022997428211863, 0.95403078613971, -0.03709654079139839, -0.38977920554218315, 0.08805594182691807, -0.9410147590448971, -0.2134173511262787, 0.6248378920363146, -0.29082157253575336, 0.3978125179165617, 0.4360499347298757, 0.06910295862749039, 0.5226165837213543, 0.5846735240250649, 0.8665708205026685, -0.1382315574555991, 0.9021446389896166, 1.0, -0.09641162094248754, 0.1840299608863474, -0.18294553820952772, 0.40031271009162933, 0.6907959338223376, -0.02764563416734782, 0.8398497291094252], [-0.41167533043645793, -0.12012677246885652, 0.3684050469142911, -0.6448510077868197, 0.007749488605326959, 0.16190764480724798, -0.8025661446151054, -0.5053942109925559, -0.7770268313168893, 0.22535946410899566, 0.8640675334259105, -0.522479150872641, 0.04617700948765059, -0.11761874203734819, -0.8194312917394672, 0.20507149081462953, -0.876670728229169, 0.2036583960667551, -0.5506620679917639, 0.9425057506229608, -0.45223942751219676, -0.09641162094248754, 1.0, -0.8664750091828014, -0.7259023427951915, -0.10892405708171865, -0.7191811859138231, -0.45472833974071075, -0.19660580466826216], [0.4125733342105554, -0.14792806000504233, -0.15728934690307375, 0.5834849148170573, -0.05403219377110345, 0.010061099016317514, 0.8595519968028608, 0.2939596632320924, 0.9227154006971672, -0.19210712164763602, -0.6817205952073839, 0.6782856591343628, -0.3263487043659746, 0.02457871254354758, 0.9208507689335972, -0.5906847444026094, 0.8652118180538275, 0.11601387697632778, 0.6223481087918956, -0.740185868316789, 0.4314925009678184, 0.1840299608863474, -0.8664750091828014, 1.0, 0.615731140651268, -0.07347852443729824, 0.7724059505391752, 0.06582695543289051, 0.4094048161253545], [0.4170135124888275, 0.3033356045480201, -0.38687610397459193, 0.2192461115282216, 0.5717921169452604, -0.433913642535964, 0.8698206899462552, 0.7915423984651825, 0.7831717701813363, 0.01824666074967208, -0.4724091187362693, 0.5408601596051986, 0.4609084440205893, 0.5217853639172301, 0.6051363928876538, -0.3708638479598155, 0.5635286171767999, 0.024278071594277393, 0.22928830064030103, -0.7434686444631194, -0.0079429590284839, -0.18294553820952772, -0.7259023427951915, 0.615731140651268, 1.0, 0.2983384195953149, 0.25191518826736553, 0.459330716562891, 0.07073375504226784], [0.8017308257096749, 0.8188715038410196, 0.2770453353752749, 0.4691488833848144, -0.08273764864974259, 0.24333348018829512, 0.06527494850859926, 0.02025488173224781, -0.030916117051759992, -0.6310172866688624, -0.3674776652687521, 0.27162666185319756, 0.2971406864704928, 0.679194850757548, 0.18512025667422402, 0.39327219111156425, 0.3064922688838997, 0.09473325658987572, 0.3421676671339596, -0.3815638619840949, 0.38319849897946684, 0.40031271009162933, -0.10892405708171865, -0.07347852443729824, 0.2983384195953149, 1.0, 0.22867975143099462, 0.6982012938493755, 0.2806209466144033], [0.6683812691132931, 0.2053562955837132, 0.2785406545471555, 0.9401954562161685, -0.5156144648182225, 0.5285534068284081, 0.4684310213909361, -0.058322659866166575, 0.5918489384627532, -0.724086660680066, -0.7530071193216217, 0.6800058849851298, -0.47445890346606917, 0.13412071640160436, 0.8307610014191006, -0.19243539555208578, 0.9185590576014908, 0.16901483962238092, 0.9134859166835531, -0.6903573823201167, 0.8891792084587425, 0.6907959338223376, -0.7191811859138231, 0.7724059505391752, 0.25191518826736553, 0.22867975143099462, 1.0, 0.15012189578950624, 0.7133494569307923], [0.45279755561642704, 0.5101084679295703, -0.3340981351661198, 0.3800257431097352, -0.03391120544301247, -0.25202389666479075, 0.25074788643622614, 0.27503273005790924, 0.0003921783385425155, -0.2351993142239939, -0.6531962620458395, 0.003021219106250705, 0.382267774868145, 0.30346164736946113, 0.22591049657126153, 0.6002845538177364, 0.36870163913197745, -0.4237669762348705, 0.11480404054687182, -0.6397133083325793, 0.20268809483685254, -0.02764563416734782, -0.45472833974071075, 0.06582695543289051, 0.459330716562891, 0.6982012938493755, 0.15012189578950624, 1.0, -0.27600810233528283], [0.667750686797556, 0.3996790695199132, 0.747700438692225, 0.663349858477665, -0.2744781245127244, 0.7877293857296502, 0.1927099777690356, -0.13242432655153497, 0.4320516932171877, -0.7943518146389066, -0.1534892674649466, 0.7685883390240763, -0.288167421256956, 0.47802521360920824, 0.5251073593733949, -0.3944366549694703, 0.5513219117536792, 0.6577930622293523, 0.8292642837054988, -0.20331574713211864, 0.7351671023659883, 0.8398497291094252, -0.19660580466826216, 0.4094048161253545, 0.07073375504226784, 0.2806209466144033, 0.7133494569307923, -0.27600810233528283, 1.0]]}, {"name": 1, "matrix": [[0.96, 0.637988970600983, 0.44586618479951495, 0.8266884465218808, -0.24713248539877344, 0.4897603841531186, 0.3993111846382403, -0.04884067152582506, 0.36835272215333914, -0.8128631914185982, -0.546107875931268, 0.6854789378057973, -0.04590671103347654, 0.6040558621065701, 0.6030320020100184, -0.035748103637343, 0.6591014972915729, 0.3670780461333769, 0.7065625922047899, -0.6312578481193545, 0.7488974160615101, 0.738461164758137, -0.3746245506971767, 0.42495053423687207, 0.4170135124888275, 0.8498346752522554, 0.7084841452600907, 0.4890213600657412, 0.6276856455897026], [0.6011819146047724, 1.3281736840750797, 0.6988632126116977, 0.44361133807955305, -0.2655096816927786, -0.2760398948430812, -0.009219371365652968, 0.38050174886689087, 0.021956132485973105, -0.3512123122963863, -0.2516805856655863, 0.026481391355937633, 0.4772424599522976, 0.9409618997422196, 0.10167801459489463, 0.5286894261347085, 0.3158235411706489, -0.08082881348484952, 0.16389883866343874, -0.44631679507857525, 0.41141973583165325, 0.5217032757825639, -0.22436112410352443, -0.23201005619440393, 0.34630447461882885, 0.9610645758798473, 0.2953166648823691, 0.42733698999191605, 0.34942301623160044], [0.4737328213494847, 0.9052321227752613, 0.8256633262668593, 0.22705474021035882, -0.08173189786119525, 0.7945746106814683, -0.359330197886161, -0.11526460873101196, -0.3186489349303623, -0.910858250815666, 0.45646064448095613, 0.3892026865517062, -0.1622152418744092, 0.5177597548044842, -0.04109580370408876, 0.006288449115970415, -0.030360313287618155, 0.6066832959769615, 0.6855979804558515, 0.6742370122266037, 0.489401252412911, 0.8928846100488962, 0.8387406699736863, -0.47041311782786743, -0.4687659248348419, 0.3324881449786351, 0.273393986052365, -0.4121389012070936, 0.7595560589397953], [0.7253021276088198, 0.4879820280084459, 0.2571327706693637, 1.196093512554197, -0.7391087340138865, 0.721485459099936, 0.19095234572650963, -0.057136579660943716, 0.41746612081858037, -0.8589574280409102, -0.6072042567977951, 0.6264621571111124, -0.19667923986730784, 0.297262387449881, 0.7230687884071464, 0.17455938918852396, 0.8527752984709479, 0.3823809331692732, 0.9088110551605293, -0.46973199954239286, 0.8699912571240495, 0.7488742906060184, -0.7528434460129431, 0.5743832437270833, 0.21956924133534952, 0.2594280122650298, 1.084297258151816, 0.3631348234132107, 0.6898838528167717], [-0.24713248539877344, 0.013773968839527917, -0.04728388128594546, -0.5513369767296333, 0.9437982677953979, -0.5005971021604919, 0.3760164650162099, 0.8218914927311892, 0.31803335399713206, 0.6112001118838686, 0.04461996927243514, 0.16379051962174881, 0.7467925337487146, 0.2967428165974617, 0.1792493408950567, -0.48233387834061475, -0.3303916439645861, 0.2809943788787416, -0.3739160772086906, -0.21763685394976234, -0.5197188733437682, -0.6022997428211863, -0.3864852629292751, 0.38554771312675545, 0.5164595048430082, -0.12523389672466623, -0.1566782580231471, -0.021833876963606495, -0.3611374990240262], [0.49480946027840855, -0.1188305910786294, 0.7935251251002935, 0.7634451302755375, -0.6325883881289485, 1.1041992375827074, -0.1352993326056781, -0.8484354260149937, -0.48992172471512724, -0.6139706310749238, 0.24834809170020827, 0.6293468544691284, -0.5508863603501634, 0.16734897068650847, 0.055991868783482085, -0.008194682584222346, 0.7031988402965037, 0.914663655104522, 0.6293930947943147, -0.05053946457875948, 0.7424978707346972, 0.9676922788535247, 0.08258714450052058, 0.08210883614173334, -0.3704079741714113, 0.05282803031463654, 0.19687738779027694, -0.09302862995579383, 1.1041361640706797], [0.3839530621521541, -0.04326231591280416, -0.4401062477709047, 0.2321236468130169, 0.4095661531183323, -0.1815863331614769, 1.0104882590884738, 0.5012488412530325, 0.9079383133506949, -0.0772679455790588, -0.6029250697983628, 0.5988518087322074, 0.2913666991652596, 0.45668389360735406, 0.8084736537877522, -0.5878938479316953, 0.5904991968154456, 0.15204555006510276, 0.4421950702677056, -0.7755693382187148, 0.2492785686841799, -0.10882907122596853, -0.8978639444860125, 0.6336175860153973, 0.7377737199047576, 0.04493004110636823, 0.4496937805352987, 0.30682798349005214, 0.20619967621286808], [-0.056803824491992186, 0.36048915752757427, -0.16072948007229604, 0.054229171287592734, 0.6179327223923552, -0.8041930112144203, 0.5036850954652018, 1.2162206477211845, 0.8206270189677969, 0.27455478740718997, -0.2974520104011713, 0.08342791944700015, 0.7903116161144217, 0.6074183912328697, 0.49848503567213126, -0.16167090473743284, -0.020051213334350948, -0.23226574081847187, -0.09193828760567824, -0.4134867863360788, -0.24242625500530526, -0.42485933404097964, -0.6895888506970054, 0.2135356717770518, 0.7440498545572715, 0.0787760291649714, 0.053125937747561885, 0.3656729602203893, -0.35379066744183923], [0.42776445153291, 0.541821247888556, -0.2670988144439036, 0.4715871912084071, 0.2214662126228168, -0.32374290739052686, 0.8714794525096095, 0.7109844034197389, 0.9641557302949685, -0.001435410080745006, -0.10276834852967842, 0.6344291241528963, -0.038502979777232334, 0.6173120215214225, 0.5941257232237962, -0.5414300621127963, 0.9217633586855571, 0.031196479206525685, 0.49108420323041874, -0.6513115402937222, 0.23326429607770405, 0.08365314473557217, -0.5521717912658555, 0.6676473724905374, 0.8796943137302115, 0.09198739707930595, 0.30970091875328204, -0.035923992860547, 0.4104491085563283], [-0.8292846700331153, -0.36657522810383003, -0.8096515977795237, -0.7600457341224373, 0.7052504423952874, -0.6569762313338444, -0.12705454192105672, 0.2921882422663235, 0.08746517006119177, 1.076259390384023, 0.36668721806835863, -0.5658767300220617, 0.21069681315431046, -0.5934185460059839, -0.4851311753935812, -0.004605788469546235, -0.6276252466509591, -0.29624571607885697, -0.736913513765605, 0.38642372827859534, -1.1150940457217857, -0.9468536484729663, 0.2682787251535772, -0.1919589507354862, 0.016182372197669707, -0.4336990175196339, -0.7694109303767569, -0.3913071636367549, -0.7387471876141831], [-0.5902378052994512, -0.39493267729589493, 0.35473066483662874, -0.7825513765710475, 0.3271426340014084, 0.3918008867317838, -0.657943190941585, -0.28705166781654634, -0.14900757632938388, 0.3420798209175443, 0.8933447944655555, 0.009802678308252988, 0.36791147724256434, -0.10164865506907725, -0.3176335348294464, -0.10460909740808488, -0.8190044511864535, 0.5219319022039413, -0.6280162786661332, 0.9122798370543382, -0.42476318772991084, -0.2696519740386236, 0.5773247594564872, -0.5998359444859056, -0.31924938860177776, -0.6240365988237895, -0.32555580433910897, -0.8850868476080984, -0.20942878906563245], [0.7414364021164747, 0.24883399325300387, 0.5274038892149034, 0.6415878229887597, 0.4329617953874327, 0.6899754884824629, 0.6703086184903762, -0.028466651074711524, 0.5736284230838102, -0.40974948825587415, -0.11734712625785265, 1.2940185660797718, 0.032965806363718875, 0.517767932375118, 0.8312436819415171, -0.5827130563046987, 0.9523389783289105, 0.6608760141120067, 0.7675577380746172, -0.48605568238845165, 0.5568790345467565, 0.6834961667674736, -0.45535172668764057, 0.8737112824613167, 0.35202798537767777, 0.10525715035824007, 0.44383000672136086, 0.042041602173117865, 0.7598396694715739], [-0.0538904868653855, 0.3054302680273141, -0.1460030019567742, -0.15880345344074803, 0.7107036976204917, -0.46478636377459426, 0.32624848003500406, 0.6598014409762603, -0.2572484543853416, 0.20426434038463065, 0.330279113341398, 0.038089459208837655, 0.83404765065689, 0.9098770666656911, -0.21117400086381358, 0.1695930411895355, -0.18549490008599123, 0.1313490583893632, -0.26567359020753106, -0.1424717043935393, -0.1886917877046464, -0.28500514108503827, -0.17391380358999475, -0.3281130518958242, 0.59474034255752, 0.2515479473450863, -0.6106833526214963, 0.5612320226914935, -0.3025757923198038], [0.59776361354296, 0.9654517941791575, 0.5958355353083213, 0.19778751470549683, 0.2106721419523923, 0.40427735875586673, 0.4777917945615213, 0.7437390618188229, 0.4795353069563263, -0.5320791385749162, -0.26401601551205245, 0.6181299385793185, 0.7250074163769846, 1.2276854249866058, 0.35857075052033804, -0.03009485319047759, 0.0011227601528138176, 0.41082171185354277, 0.29831980987044887, 0.06937939561845946, 0.4200322750340439, 0.578143233710171, -0.22437433635668136, -0.3522162486561594, 0.4682916782343167, 0.7134867752117258, 0.2927249004540184, 0.43343897207193405, 0.27886219318670175], [0.6928452789051276, 0.24517111965373248, 0.06017120691174005, 0.6445483941665381, -0.007343381229057644, 0.1098458646675178, 0.7744326578387942, 0.3144381284473465, 0.7823436153077624, -0.4570651710373001, -0.6600489019602743, 0.687560325663314, -0.1874909353463765, 0.483011968494899, 0.9589116007507316, -0.43557630142095205, 0.8785297986590646, 0.09858942860520009, 0.8662621966553544, -0.5831007300098104, 0.5458282992495217, 0.40027666308343557, -0.47175867069924543, 0.9283873620944817, 0.5930336650299006, 0.5230854300355597, 0.5016380031311328, 0.16069373685356136, 0.7356894058731027], [-0.03431817949184928, 0.49223601794535854, 0.14513882298687406, 0.12969092796564638, -0.3809807417000266, -0.12026444198840136, -0.6110424358279993, -0.16407572707928722, -0.5430467339062401, -0.08506303372179573, -0.19526052845254202, -0.5962113916629544, 0.17196021859369506, -0.003845254497977301, -0.47715101411259947, 1.076427216727155, -0.1309524616284563, -0.4609297958465569, -0.32219360463727376, 0.01587194971067374, 0.09289542194187865, 0.1129667247582447, 0.31433644860946786, -0.2799688092741275, -0.40000799403440285, 0.3358230474434802, -0.3953318163507247, 0.5427375617319568, -0.4023253880688597], [0.7654081904031168, 0.3259735263276432, 0.027414307598906153, 0.8373482004198488, -0.3784866024586407, 0.5004668213489869, 0.5292496865005453, 0.13237654812982533, 1.0079775418859065, -0.5852710579931172, -0.9987278841947426, 0.9931020769307347, -0.20030015289946987, 0.0850221439012433, 1.1545170711407489, -0.15657742789124274, 0.6351191266422251, 0.1642737681576885, 1.0161690312956813, -0.916645051113761, 1.1195636089122423, 0.5017119203725001, -0.7610154770067431, 1.0737464009557236, 0.5076455175370147, 0.3402177349527772, 0.9637925388883382, 0.3067357627242055, 0.5637519574352046], [0.4104958795470021, 0.026883376584871402, 0.6391561647484362, 0.3020882628444203, 0.12783257272729698, 0.8536081308554431, 0.1016313888463164, -0.33028102426642314, 0.24563199620398368, -0.28731379652295297, 0.5310248764721981, 0.8594590327341913, 0.07604490646873263, 0.051196020760980065, 0.28782757213156884, -0.40094555577677565, 0.4559273840824017, 1.1600614729306862, 0.18419167767773986, 0.17659728349038936, 0.08511427627231533, 0.7004520821270871, 0.42031658648547554, 0.22969148229818154, 0.03409938801036253, -0.14014523215877134, 0.05646670994343264, -0.5058212416130407, 0.7304171644025164], [0.8281217478529258, 0.12098584516909819, 0.7136723096928606, 0.6808956850713115, -0.4112757022286842, 0.5716052520978189, 0.41767024386636775, -0.05745555233845782, 0.43662043073251255, -0.815913173922738, -0.6343813348494023, 0.8927014302762746, -0.2668024698071382, 0.38471826158686906, 0.7691112960958754, -0.3108869783586708, 0.9072568397494662, 0.1871201431050859, 1.1609297426825682, -0.5905644890671845, 0.9587898804907412, 0.8210528886222636, -0.594715033431105, 0.6193064709682595, 0.10608560649845739, 0.49674822969432547, 0.8456738028949431, 0.0666003754703563, 0.7712157838461139], [-0.5903429875931, -0.27383478570606473, 0.6560601141823357, -0.4714463485123156, -0.1687266280564286, -0.22346821618683568, -0.6127607169493794, -0.19787417220070042, -0.6605614098540403, 0.3668540078572507, 1.0137432783369846, -0.8510560797566775, -0.14223595891285581, -0.1583140624942374, -0.49393754341406015, -0.043843317455110234, -1.1742571370434278, 0.2940192555962352, -0.6059705434836941, 1.189029000784258, 0.013100859387798702, -0.10588949362600034, 0.8365009498843345, -0.9465419832608084, -0.5732144006946446, -0.43264976698082974, -0.5619487695471824, -0.4387942616821565, -0.4111541308756962], [0.6379496507190642, 0.6308923104760531, 0.24666144060228043, 0.7487386922483159, -0.4703454340767904, 0.6819536711100629, 0.2639458044486314, 0.12931137235743456, -0.07533043330697833, -0.9268546281711668, -0.4138985450938226, 0.600095021944048, -0.15232100811058064, 0.39301487800899376, 0.5186693128907705, 0.13475479993816114, 1.0392373271736957, 0.08231990012633716, 0.8847879324630679, -0.2946844171264756, 0.8212876352614917, 0.8480159606502395, -0.28122371914307964, -0.007811094944869368, -0.17515437430879166, 0.7001836597537625, 0.7301907320373943, 0.3016377320654316, 0.7846350146971574], [0.7522641771835227, 0.5737739132587989, 0.8290249734567634, 0.7587526911702092, -0.5661617582519151, 0.9256372329382504, -0.04026166118130163, -0.38460614807636656, 0.08101146648076463, -0.9009027639007972, -0.23379064657001336, 0.6260535992882683, -0.299546219711826, 0.5414817490581687, 0.3114144467791996, 0.10516141295287867, 0.5330689153957814, 0.7254638930840136, 0.9163374012689574, -0.1478499974654057, 0.9472518709390975, 1.0041813273435163, -0.11673843473326648, 0.19630166208347066, -0.19026335973790884, 0.4255120502121398, 0.6327381041345614, -0.018567684255946272, 0.7558647561984827], [-0.41167533043645793, -0.20601118107419503, 0.8148657773397925, -0.6773120412331082, -0.09804787096567646, 0.11707436802843252, -0.8793752701115378, -0.5578325319633124, -0.6667226254444373, 0.2888575039158405, 0.7496990558821137, -0.27107069185705435, -0.1825795061468731, -0.3206826851791643, -0.48135021833867825, 0.31071598294658653, -0.9172770909998265, 0.5156407516348965, -0.7577663659920932, 0.7580784524275143, -0.46775197140356206, -0.1336015582714874, 1.0801080796380784, -0.5374150388198409, -0.7000946952944983, -0.3772795276699384, -0.5047950540303121, -0.556742122790017, -0.3577965939632609], [0.4414534676052943, -0.3460853402695693, -0.3227533260794981, 0.5312111917229626, 0.3206904555582094, 0.029250721492054904, 0.7728682127025163, 0.218644412192025, 0.8651306545273779, -0.29794536449212805, -0.5100872154842658, 0.8259758427575089, -0.2762504066465192, -0.33105929684161456, 0.9338275732033754, -0.5151315305526782, 0.7339532260411825, 0.08435145730339244, 0.7299350468820964, -1.07140682936206, 0.189230043257766, 0.18979866270454634, -0.8903281385761415, 0.9634171250380471, 0.6594013219393909, -0.09715225479017722, 0.7043760989470553, -0.006524104506656553, 0.6632269879599804], [0.3878225666146096, 0.3235143174449672, -0.4410396546901445, 0.3035984708649431, 0.516103260057746, -0.37474711059677096, 0.8505071609261671, 0.8311195183884417, 0.8336199593351925, -0.03927863835758358, -0.2814566591028761, 0.46660213852309274, 0.6422264352704534, 0.40671245658696586, 0.5446227535988883, -0.3219629007568467, 0.48766364679298463, 0.2066231183912993, 0.03937861799305703, -0.6013986004492248, -0.15882688054836053, -0.17928662744533716, -0.7462682129984486, 0.6409293877198529, 0.93, 0.2874709965311396, 0.3327384913829239, 0.31501332051657127, 0.0686117423909998], [0.7375923596529009, 0.8890073712222369, 0.6411891468120925, 0.2921401829291607, -0.004591630071658019, -0.12165506728356537, 0.025673500350912162, 0.05350930930283222, 0.0678453960771582, -0.5200351040146947, -0.5714766536545478, 0.06984749479074842, 0.3065866627127546, 0.7409358592406674, 0.4018265136765542, 0.2662484915938058, 0.20177504800351076, 0.036134550456544845, 0.41725684681992553, -0.3610433762278338, 0.4626839578483111, 0.4302235238220638, -0.3210581252744136, -0.4038369508111469, 0.0664913897977524, 1.2917082360132934, 0.5810189503787005, 0.6734655795790958, -0.009770211068753476], [0.7018003325689578, 0.2744217449303009, 0.17147305404925323, 0.9439705012625376, -0.3474130265766239, 0.3852742900542002, 0.5185802029461296, 0.05696987262786371, 0.31411503656548656, -0.770843674621539, -0.6762488200250704, 0.5733289628688317, -0.5869604074481928, 0.41704865000172625, 0.6891872824939294, -0.30872425629108824, 0.9602421812350398, 0.26283622945567225, 0.9215468312116166, -0.5185844009949592, 0.883591988027113, 0.6944451694780731, -0.7496630918633529, 0.5461463729002388, 0.31923286705199727, 0.46139031058447383, 0.8280953013137802, 0.15747305015991708, 0.9211146887217025], [0.43015767783560566, 0.5210923435348582, -0.37611666375133906, 0.2882975330335683, -0.03119830900757147, -0.13898107396603948, 0.39916407750414246, 0.3162445785820849, -0.03872991319269253, -0.4107013824572459, -0.7636640560328566, 0.030748480219904686, 0.5784905310211135, 0.3133729688682408, 0.21485278154391055, 0.623783306965778, 0.23223703071514623, -0.5421863355364696, 0.0186281986796277, -0.5464737905783756, 0.29463553105651147, 0.005975629797578114, -0.5769590570993917, -0.0284465678774022, 0.39471813171044123, 0.6776991798208918, 0.14975321222907143, 1.2125356667961942, -0.24840729210175455], [0.6343631524576782, 0.16821597379501665, 0.8097057817179271, 0.6567163598928883, -0.42924972360173974, 0.8353688700303347, 0.18692867843596453, -0.1732903724879749, 0.5502118116854918, -0.8261258872244629, -0.33215851940971847, 0.9148665036930604, -0.2737590501941082, 0.38561832717649225, 0.6868300582631677, -0.3944366549694703, 0.36838691610159513, 0.9841211644183072, 0.7712157838461139, -0.295261256433481, 0.8988223080149391, 0.8230527345272367, -0.5035551261184499, 0.6690265222649606, 0.07144109259269052, 0.199582677281408, 1.0644647995753445, -0.2594476161951659, 0.9118877754222865]]}, {"name": 2, "matrix": [[1.1051236166577374, 1.0012336784952383, 0.7148633055226016, 1.19591011686186, -0.15403979606554524, 0.789325556043385, 0.6477516618627456, 0.1604653209473268, 0.7980116848483845, -0.7950139190183383, -0.3856669964515893, 0.9969286531921059, 0.3337532041090655, 0.8858359390825208, 0.8042359827142967, 0.3685154501068208, 0.8460018389275088, 0.8228166621028714, 1.2067836910164793, -0.40078543191894295, 0.9265425973451235, 0.9654741509493582, -0.2313932800404845, 0.47511230699761015, 0.7577720415368744, 1.052582514788115, 1.1141211151248271, 0.70327584055963, 1.1290938305142337], [0.7282705784144745, 1.0763946140238523, 0.38526876884345823, 0.3387425434310019, -0.07305844648797706, 0.16754380676196712, 0.07500999015101098, 0.7169867341544524, 0.3296440190964932, -0.6365931043819658, -0.3794454830923383, 0.2690670951597501, 0.7871263996065653, 1.27074549202199, 0.10533660259287335, 0.19353497194504082, 0.15650427232859632, -0.05439371813638478, 0.1756549938933471, 0.0008581796993664681, 0.47054972452847454, 0.5249663957664152, -0.3256618009030587, -0.2495910942181513, 0.36938684495976426, 0.9377365794642474, 0.21562887070418785, 0.279264673120119, 0.20554514879018068], [0.7693954294495997, 0.36167155364460096, 0.5772518046414818, 0.6178188133512631, -0.32455539226498975, 0.5841625100236476, -0.08700598383470914, -0.2488639612020899, -0.27175706526208027, -0.7813353938859591, 0.5055008259176734, 0.294380065005382, 0.06378475286407542, 0.37200880637013173, -0.15846346916775983, 0.021722054044954565, 0.1063445113810873, 0.8351466609973125, 0.7224138579249351, 0.19958526700533413, 0.49880689401192213, 1.0881631870106654, 0.4736202488567389, -0.5518647202519966, -0.2883825119238546, 0.35423432908183916, -0.138850750427808, -0.31336856480984243, 1.1511205257595212], [0.9619395663305261, 0.15309758414815874, 0.5886448039693777, 0.8352374115111153, -0.4402887304924151, 0.6890033330012835, 0.1759054618818867, 0.03722816555168998, 0.4161796185408432, -1.0039282985541733, -0.5356255838171547, 0.6350742988020597, -0.03603035618928663, -0.028439219787276537, 0.9242907422866216, -0.06307665175350234, 1.080391498121287, 0.10718939967153787, 1.0573942955924065, -0.7334281409345536, 0.6803775598943127, 0.9009161703771222, -0.630522139737431, 0.5043163505091586, 0.2524788244989038, 0.34594668870584794, 1.1368610152815528, 0.1405525369630071, 1.1496218184029428], [0.03400669743140927, -0.308861485015253, -0.16942192775425152, -0.43176162909005567, 0.7282037751286294, -0.5785179244219241, 0.4420754043002115, 0.5498712262137317, 0.14792455743781716, 0.787553958618691, 0.26420105901174884, 0.14089948406093591, 1.2210288923710757, 0.2002675353918006, 0.0474574675295169, -0.202038372812356, -0.34791139943595173, 0.006455446033742106, -0.21464154363565555, 0.08149027932388075, -0.6525027795917191, -0.3100891778012014, -0.2902919854007786, 0.19858824265026306, 0.7971997726030847, -0.30631057995069483, -0.387118865637437, -0.008787778547299674, -0.4141821022331903], [0.7994199550473271, 0.15261285210007655, 0.6001390455457772, 0.38371447067143144, -0.40038873988116963, 1.0060298521730036, 0.038329070338152166, -0.7005733895467053, -0.116435556092161, -0.9678499643390176, 0.21861162278076754, 0.494159191570757, -0.32578580289588954, 0.16878187099987566, -0.07462463833818833, -0.11451843631167624, 0.32476420170924025, 0.8137365783858299, 0.7786829281670388, -0.06969997183407557, 0.47361403433668586, 0.9620149290959878, 0.17684652016960542, 0.03698630632726693, -0.31513913721619063, 0.3364436731197738, 0.4426974901650066, -0.28562311313525557, 0.9177411306472173], [0.7068159183956404, 0.2586899613812749, -0.014324499493081455, 0.30056561758809475, 0.37938409586444666, -0.12190525888647666, 1.3337898047682064, 0.6775711102778859, 1.0995836173331204, 0.06858953811218749, -0.5065854788443096, 0.6347166299469522, 0.3216179733155067, 0.618531965259886, 0.9936928095846499, -0.29732365403840383, 0.9491202679945263, 0.02339473142457041, 0.28983482632222857, -0.6047345578827619, 0.3122625883339488, 0.2508415773946339, -0.37083079835273125, 1.0171704906270702, 1.187149508990115, 0.17462524453800837, 0.61254656018779, 0.625085514891729, 0.595395261436453], [0.2593183316666298, 0.7394510266985423, -0.32600423358726727, -0.14811832441358808, 0.5931190315255574, -0.5682290771553206, 0.7947036420650412, 1.4512814498555062, 0.6354003185398489, 0.27139301126858373, -0.19848681115902783, 0.28311816563240816, 1.0085626763450746, 0.7972882009333191, 0.3418089537396679, -0.19443862195239311, 0.3453839494871588, -0.21203366018933759, 0.008665748557626786, -0.05628720059115272, -0.040680912741994486, -0.5064701728947467, -0.39409384428706895, 0.32723020543574877, 1.2166983138097927, 0.14059826186563346, 0.0467064507437299, 0.29994940370946277, -0.14126501746335168], [0.7697930652071151, 0.1986250180874865, -0.35529822534403654, 0.4918551394076998, 0.2230438700889345, -0.3539506680613633, 1.013692077028652, 0.6937478429048967, 1.080741921360895, -0.010301096637003515, -0.5284415574866348, 0.280327372672315, -0.011742865982183076, 0.4321174946474095, 0.5685230313755261, -0.5250630812653281, 0.7924213163117472, 0.0846389855861795, 0.39713319257124136, -0.5363641876391847, 0.34862474666634097, 0.4587928502260489, -0.7523933204222947, 0.9411697087111105, 0.822698329642973, -0.23086277596219404, 0.546100040792207, 0.31826709087079785, 0.5339766863828135], [-0.5169205529500916, -0.77488