{"stateborders": [9, 21, 33, 45, 55, 63], "times": [{"name": 0, "matrix": [[1.0, 0.39944086943927365, 0.42616909591193425, 0.6994726003695554, 0.19300731891357986, 0.5180999232085661, -0.16117943099631457, -0.07840815826878941, -0.08692036700771706, -0.34670963402765786, -0.31925956595962857, 0.1429769265755025, -0.5637885253040518, 0.32374256398176776, 0.2759370531704468, 0.36031338701688276, 0.40082986699292855, 0.704076810523658, 0.4734665681509198, 0.034265476879998195, 0.6417089049688517, 0.6563221917332354, 0.4699879310213983, 0.06048580111733379, -0.24221274150893055, 0.749611851518398, 0.16391209462934517, 0.44040217684498334, 0.26967738497956556], [0.39944086943927365, 1.0, 0.3249351872319901, 0.4317282219889528, 0.01794521349427056, 0.3505488584970146, 0.18309748131890874, -0.0830732072522234, 0.13122615306522425, 0.19602176095936028, 0.06103771450441117, 0.6573824905858244, -0.1402248335021967, 0.2159332029110809, 0.271294463436969, 0.35030878353683825, 0.41021847191545885, 0.3529247508221999, 0.05589431362496185, -0.07757799948537195, 0.3986495003214289, 0.27343062891491277, -0.07711890278290533, -0.3807318577323741, -0.42025698971908504, 0.4595215906475285, 0.22294000908126235, 0.3152870867160484, 0.15250451178588142], [0.42616909591193425, 0.3249351872319901, 1.0, 0.206177228426083, -0.4752209309564715, 0.30061644966251444, 0.23373390450974596, -0.1283748230176523, -0.02124335498978817, 0.17827022705873655, 0.2547320386059334, 0.3884538076035966, -0.5551374141089499, -0.23215125587657873, -0.4306797418086114, -0.16027050174253268, 0.4044347484457263, 0.3880725143021337, 0.007205794840273823, 0.11811679436183307, 0.2079261253821071, 0.4360363008022134, 0.4954495387483104, -0.24253487685884517, 0.016471001268297203, 0.5348868321999315, -0.008444235650998314, 0.41359860247699276, -0.11922589272686566], [0.6994726003695554, 0.4317282219889528, 0.206177228426083, 1.0, 0.2972182540429699, 0.3341841923100201, -0.09252335718322478, -0.04333788064465094, 0.37242136607402687, 0.06382475431499322, -0.25610694752405966, 0.24892284478841076, -0.3091283321166358, 0.38456396645837654, 0.25661684620651903, 0.586309516332132, 0.42331123267956633, 0.5150679821686767, 0.09375271062515217, 0.08216843592265638, 0.6157331042105672, 0.271402803243118, 0.46222749190959167, -0.14343272184560574, -0.01202715075023278, 0.4295806347435253, 0.23510224958245357, 0.4243918263358677, 0.3398454131422174], [0.19300731891357986, 0.01794521349427056, -0.4752209309564715, 0.2972182540429699, 1.0, -0.05280531057397546, -0.41608955439121686, -0.2549535523755822, -0.16318961175654823, -0.46000048943876154, -0.6110130342341002, -0.1782809260299879, -0.0341184730428176, 0.548254604449175, 0.6595156685098583, 0.41641029471214425, -0.07085037454128804, 0.05576536352632043, 0.3717892466808135, -0.06233010621809234, 0.4696064027365344, -0.02977093182179894, -0.00018802718894090088, -0.08834649002029517, 0.09524270637080262, -0.13747023364190317, 0.4679756532843282, -0.008133972067289188, 0.6588215584692159], [0.5180999232085661, 0.3505488584970146, 0.30061644966251444, 0.3341841923100201, -0.05280531057397546, 1.0, 0.19702132109224535, 0.19589244148617693, -0.17691410127336593, -0.2858869783816016, -0.09222675728278489, 0.3531152753063567, -0.11601764018306679, 0.2204688687519828, 0.18948463529526735, 0.11483576015384797, 0.5602226179377513, 0.386282459784707, 0.543041066698143, 0.09350650287454347, 0.26584630027624334, 0.2780299819761005, 0.25285991988584494, 0.14005546455986254, -0.5011477412927318, 0.43208275773692956, -0.10236610033741543, 0.18096481765734881, 0.12082994611958947], [-0.16117943099631457, 0.18309748131890874, 0.23373390450974596, -0.09252335718322478, -0.41608955439121686, 0.19702132109224535, 1.0, 0.46178970509770334, 0.305935424088673, 0.45841764495083126, 0.8049991316784001, 0.6819804767147584, 0.2447688486387049, 0.013978945713786065, -0.45419976142592133, -0.5596617656378565, 0.5900852339834016, 0.006835951642045669, -0.22328435634591218, 0.057717730534927784, -0.130862746244426, -0.0010522998279827805, 0.014022052716175914, -0.2566220710413605, -0.27992845172827435, 0.17792962465606044, -0.15874147522809096, -0.06044178614099008, -0.23076798105498858], [-0.07840815826878941, -0.0830732072522234, -0.1283748230176523, -0.04333788064465094, -0.2549535523755822, 0.19589244148617693, 0.46178970509770334, 1.0, 0.3729161985990595, 0.0973249752726635, 0.42540613796973575, 0.4031459608750233, 0.5874839131996706, 0.08746759479342892, -0.2720448260645753, -0.27137849915165124, 0.12533150640267007, 0.20593943333351583, 0.1379460374254819, -0.332673089822567, -0.014981638597634529, -0.03456566669098083, -0.04929118533058822, 0.222955504619138, -0.37216293330103256, -0.04140632107416692, -0.3998914667632558, -0.033256122168604296, -0.36674748570651067], [-0.08692036700771706, 0.13122615306522425, -0.02124335498978817, 0.37242136607402687, -0.16318961175654823, -0.17691410127336593, 0.305935424088673, 0.3729161985990595, 1.0, 0.6085883798395171, 0.3081749593141528, 0.3456471271405023, 0.29570157138744096, 0.4004321783746843, -0.2945717272085904, 0.06170441526716623, 0.191512848577166, -0.0379199099458964, -0.28416425754910524, 0.12953650673089664, 0.2719945442204, -0.18830282340779542, -0.06539330915030533, 0.006824740082456253, 0.10815490740194418, -0.07505365802051638, -0.11608719415127262, 0.37351985112796876, -0.16442930152237545], [-0.34670963402765786, 0.19602176095936028, 0.17827022705873655, 0.06382475431499322, -0.46000048943876154, -0.2858869783816016, 0.45841764495083126, 0.0973249752726635, 0.6085883798395171, 1.0, 0.6348975563307748, 0.23856378853587984, 0.2173324834546607, -0.0849187697994774, -0.5277719113523931, -0.12375869144609823, 0.13038271067575594, -0.06777757872264523, -0.6785709089537266, -0.12458659229634794, -0.2087943307809344, -0.005936087275764873, 0.08077665377280971, -0.322174102262209, 0.15398335846041036, 0.09583179544479095, -0.07949625079295357, -0.144461171274138, -0.3216272844316113], [-0.31925956595962857, 0.06103771450441117, 0.2547320386059334, -0.25610694752405966, -0.6110130342341002, -0.09222675728278489, 0.8049991316784001, 0.42540613796973575, 0.3081749593141528, 0.6348975563307748, 1.0, 0.49079432622850555, 0.2697700499726432, -0.1888265270995779, -0.6945513829298025, -0.5794325438584449, 0.2779965158635355, 0.038607047611229996, -0.5105746412677815, -0.15037666830387414, -0.31835802300405136, -0.011245519156676353, 0.04454752031176151, -0.24517526257971956, -0.07791896157980813, 0.09293909199337284, -0.13578724817987953, -0.2500524471058827, -0.3913012276585222], [0.1429769265755025, 0.6573824905858244, 0.3884538076035966, 0.24892284478841076, -0.1782809260299879, 0.3531152753063567, 0.6819804767147584, 0.4031459608750233, 0.3456471271405023, 0.23856378853587984, 0.49079432622850555, 1.0, 0.04110723156565658, 0.18851453064468499, -0.10407784959357529, -0.10123134535777314, 0.55148978909225, 0.32077527741043416, 0.03233453900619946, -0.02929906617432829, 0.3663283083951135, 0.006735736229877976, -0.0016533873532744124, -0.2864848002331079, -0.4578971267262577, 0.20509547129847872, -0.01189455357867506, 0.3511004545197681, -0.04351540376631027], [-0.5637885253040518, -0.1402248335021967, -0.5551374141089499, -0.3091283321166358, -0.0341184730428176, -0.11601764018306679, 0.2447688486387049, 0.5874839131996706, 0.29570157138744096, 0.2173324834546607, 0.2697700499726432, 0.04110723156565658, 1.0, 0.044967942903281516, 0.015048411314279376, -0.22160290691107715, -0.24780776080595343, -0.4678447369739725, -0.1767352703979966, -0.3826442590666712, -0.440648787290676, -0.4962582322615981, -0.372842940388543, 0.033838325081272595, -0.0460023953517303, -0.5370111406839996, -0.3506072885503798, -0.43978474589982214, -0.36453010345427767], [0.32374256398176776, 0.2159332029110809, -0.23215125587657873, 0.38456396645837654, 0.548254604449175, 0.2204688687519828, 0.013978945713786065, 0.08746759479342892, 0.4004321783746843, -0.0849187697994774, -0.1888265270995779, 0.18851453064468499, 0.044967942903281516, 1.0, 0.31719476919771766, 0.3243592638391201, 0.2920356837811165, 0.1804507123554992, 0.3446257482749122, 0.21063929196386452, 0.6971065089521067, 0.11260353827363213, 0.002584336495907438, 0.2080257096224728, -0.07572126202102193, 0.13149478484074442, 0.10368419500439048, 0.3153863583013174, 0.3949554947637197], [0.2759370531704468, 0.271294463436969, -0.4306797418086114, 0.25661684620651903, 0.6595156685098583, 0.18948463529526735, -0.45419976142592133, -0.2720448260645753, -0.2945717272085904, -0.5277719113523931, -0.6945513829298025, -0.10407784959357529, 0.015048411314279376, 0.31719476919771766, 1.0, 0.617982947475118, -0.220343567565484, 0.05375053693727847, 0.43918458448364905, -0.09002788018341146, 0.3031248875037044, -0.08216210382275776, -0.1506608929816066, 0.13855374206825513, -0.26432714636009486, -0.1256490500020174, 0.12295244415049364, 0.09273075610245532, 0.34223909408265285], [0.36031338701688276, 0.35030878353683825, -0.16027050174253268, 0.586309516332132, 0.41641029471214425, 0.11483576015384797, -0.5596617656378565, -0.27137849915165124, 0.06170441526716623, -0.12375869144609823, -0.5794325438584449, -0.10123134535777314, -0.22160290691107715, 0.3243592638391201, 0.617982947475118, 1.0, -0.1473795637979459, 0.2910610040068166, 0.26490487750667724, 0.048950681012338314, 0.47655781212534737, 0.14473651972966967, 0.21890669265007603, 0.07216860233437032, -0.1256432522379366, 0.09155892385364237, 0.3125248454282415, 0.34935954766895405, 0.4654503488038023], [0.40082986699292855, 0.41021847191545885, 0.4044347484457263, 0.42331123267956633, -0.07085037454128804, 0.5602226179377513, 0.5900852339834016, 0.12533150640267007, 0.191512848577166, 0.13038271067575594, 0.2779965158635355, 0.55148978909225, -0.24780776080595343, 0.2920356837811165, -0.220343567565484, -0.1473795637979459, 1.0, 0.2980071022488443, 0.06052180065292226, 0.4366575546046414, 0.2988942559310126, 0.3131100808923479, 0.10808041248873258, -0.1869096360542468, -0.16232604975679793, 0.5281233160730842, 0.12212236440954582, 0.30960886051024156, 0.18604096388462804], [0.704076810523658, 0.3529247508221999, 0.3880725143021337, 0.5150679821686767, 0.05576536352632043, 0.386282459784707, 0.006835951642045669, 0.20593943333351583, -0.0379199099458964, -0.06777757872264523, 0.038607047611229996, 0.32077527741043416, -0.4678447369739725, 0.1804507123554992, 0.05375053693727847, 0.2910610040068166, 0.2980071022488443, 1.0, 0.32903069250959766, -0.22216257691128946, 0.5864077130529932, 0.6930703538961539, 0.46386357362158703, 0.03807025253949871, -0.35133216038196885, 0.6868073870537531, 0.22351280955288041, 0.31437763854605044, 0.24149380390937297], [0.4734665681509198, 0.05589431362496185, 0.007205794840273823, 0.09375271062515217, 0.3717892466808135, 0.543041066698143, -0.22328435634591218, 0.1379460374254819, -0.28416425754910524, -0.6785709089537266, -0.5105746412677815, 0.03233453900619946, -0.1767352703979966, 0.3446257482749122, 0.43918458448364905, 0.26490487750667724, 0.06052180065292226, 0.32903069250959766, 1.0, -0.01968765032618237, 0.5458651468913067, 0.34960111258762333, 0.16314063897655856, 0.2292162541837994, -0.5775893730613849, 0.27240715839692137, 0.19649517758120258, 0.3778645862731203, 0.4271227137952251], [0.034265476879998195, -0.07757799948537195, 0.11811679436183307, 0.08216843592265638, -0.06233010621809234, 0.09350650287454347, 0.057717730534927784, -0.332673089822567, 0.12953650673089664, -0.12458659229634794, -0.15037666830387414, -0.02929906617432829, -0.3826442590666712, 0.21063929196386452, -0.09002788018341146, 0.048950681012338314, 0.4366575546046414, -0.22216257691128946, -0.01968765032618237, 1.0, 0.12837976974292137, -0.12693274404474222, -0.1965746753002119, 0.22693433184516618, 0.29512119515372365, -0.044585138896220365, 0.061311718060751204, 0.5438952103607929, 0.29600370888905814], [0.6417089049688517, 0.3986495003214289, 0.2079261253821071, 0.6157331042105672, 0.4696064027365344, 0.26584630027624334, -0.130862746244426, -0.014981638597634529, 0.2719945442204, -0.2087943307809344, -0.31835802300405136, 0.3663283083951135, -0.440648787290676, 0.6971065089521067, 0.3031248875037044, 0.47655781212534737, 0.2988942559310126, 0.5864077130529932, 0.5458651468913067, 0.12837976974292137, 1.0, 0.34624243932140797, 0.2837658495256401, 0.05959342394200349, -0.2616304389509796, 0.40948322409375004, 0.32355519319668813, 0.6856613375829125, 0.5281894271641259], [0.6563221917332354, 0.27343062891491277, 0.4360363008022134, 0.271402803243118, -0.02977093182179894, 0.2780299819761005, -0.0010522998279827805, -0.03456566669098083, -0.18830282340779542, -0.005936087275764873, -0.011245519156676353, 0.006735736229877976, -0.4962582322615981, 0.11260353827363213, -0.08216210382275776, 0.14473651972966967, 0.3131100808923479, 0.6930703538961539, 0.34960111258762333, -0.12693274404474222, 0.34624243932140797, 1.0, 0.42589335081486485, -0.20912070992820167, -0.3113613302176015, 0.8897142888608265, 0.31356756596035784, 0.15465593706958275, 0.23076603767359896], [0.4699879310213983, -0.07711890278290533, 0.4954495387483104, 0.46222749190959167, -0.00018802718894090088, 0.25285991988584494, 0.014022052716175914, -0.04929118533058822, -0.06539330915030533, 0.08077665377280971, 0.04454752031176151, -0.0016533873532744124, -0.372842940388543, 0.002584336495907438, -0.1506608929816066, 0.21890669265007603, 0.10808041248873258, 0.46386357362158703, 0.16314063897655856, -0.1965746753002119, 0.2837658495256401, 0.42589335081486485, 1.0, -0.1545544092594005, 0.021631888711323814, 0.43930476455237116, 0.16167903291555485, 0.041132478550006187, 0.19408386675354222], [0.06048580111733379, -0.3807318577323741, -0.24253487685884517, -0.14343272184560574, -0.08834649002029517, 0.14005546455986254, -0.2566220710413605, 0.222955504619138, 0.006824740082456253, -0.322174102262209, -0.24517526257971956, -0.2864848002331079, 0.033838325081272595, 0.2080257096224728, 0.13855374206825513, 0.07216860233437032, -0.1869096360542468, 0.03807025253949871, 0.2292162541837994, 0.22693433184516618, 0.05959342394200349, -0.20912070992820167, -0.1545544092594005, 1.0, 0.022899012259768082, -0.2000183755297575, -0.5667674417062729, 0.16335546593238487, -0.2638335538107649], [-0.24221274150893055, -0.42025698971908504, 0.016471001268297203, -0.01202715075023278, 0.09524270637080262, -0.5011477412927318, -0.27992845172827435, -0.37216293330103256, 0.10815490740194418, 0.15398335846041036, -0.07791896157980813, -0.4578971267262577, -0.0460023953517303, -0.07572126202102193, -0.26432714636009486, -0.1256432522379366, -0.16232604975679793, -0.35133216038196885, -0.5775893730613849, 0.29512119515372365, -0.2616304389509796, -0.3113613302176015, 0.021631888711323814, 0.022899012259768082, 1.0, -0.39388641059508633, -0.03700072315888722, -0.10096401801820633, -0.03748072632619091], [0.749611851518398, 0.4595215906475285, 0.5348868321999315, 0.4295806347435253, -0.13747023364190317, 0.43208275773692956, 0.17792962465606044, -0.04140632107416692, -0.07505365802051638, 0.09583179544479095, 0.09293909199337284, 0.20509547129847872, -0.5370111406839996, 0.13149478484074442, -0.1256490500020174, 0.09155892385364237, 0.5281233160730842, 0.6868073870537531, 0.27240715839692137, -0.044585138896220365, 0.40948322409375004, 0.8897142888608265, 0.43930476455237116, -0.2000183755297575, -0.39388641059508633, 1.0, 0.24535194087122084, 0.21591310434968966, 0.19242422088677583], [0.16391209462934517, 0.22294000908126235, -0.008444235650998314, 0.23510224958245357, 0.4679756532843282, -0.10236610033741543, -0.15874147522809096, -0.3998914667632558, -0.11608719415127262, -0.07949625079295357, -0.13578724817987953, -0.01189455357867506, -0.3506072885503798, 0.10368419500439048, 0.12295244415049364, 0.3125248454282415, 0.12212236440954582, 0.22351280955288041, 0.19649517758120258, 0.061311718060751204, 0.32355519319668813, 0.31356756596035784, 0.16167903291555485, -0.5667674417062729, -0.03700072315888722, 0.24535194087122084, 1.0, 0.14888303820436696, 0.8285595524026744], [0.44040217684498334, 0.3152870867160484, 0.41359860247699276, 0.4243918263358677, -0.008133972067289188, 0.18096481765734881, -0.06044178614099008, -0.033256122168604296, 0.37351985112796876, -0.144461171274138, -0.2500524471058827, 0.3511004545197681, -0.43978474589982214, 0.3153863583013174, 0.09273075610245532, 0.34935954766895405, 0.30960886051024156, 0.31437763854605044, 0.3778645862731203, 0.5438952103607929, 0.6856613375829125, 0.15465593706958275, 0.041132478550006187, 0.16335546593238487, -0.10096401801820633, 0.21591310434968966, 0.14888303820436696, 1.0, 0.3018829191317673], [0.26967738497956556, 0.15250451178588142, -0.11922589272686566, 0.3398454131422174, 0.6588215584692159, 0.12082994611958947, -0.23076798105498858, -0.36674748570651067, -0.16442930152237545, -0.3216272844316113, -0.3913012276585222, -0.04351540376631027, -0.36453010345427767, 0.3949554947637197, 0.34223909408265285, 0.4654503488038023, 0.18604096388462804, 0.24149380390937297, 0.4271227137952251, 0.29600370888905814, 0.5281894271641259, 0.23076603767359896, 0.19408386675354222, -0.2638335538107649, -0.03748072632619091, 0.19242422088677583, 0.8285595524026744, 0.3018829191317673, 1.0]]}, {"name": 1, "matrix": [[1.09, 0.38745764335609545, 0.41764571399369554, 0.6924778743658598, 0.20651783123753045, 0.48183292858396654, -0.16923840254613032, -0.07605591352072573, -0.08431275599748554, -0.3224399596457218, -0.3384151399172063, 0.15441508070154272, -0.5919779515692544, 0.32374256398176776, 0.28421516476556025, 0.38193219023789576, 0.43690455502229214, 0.7181583467341311, 0.4639972367879014, 0.03186689349839832, 0.583955103521655, 0.649758969815903, 0.45588829309075635, 0.05927608509498711, -0.2349463592636626, 0.73461961448803, 0.17210769936081244, 0.4448061986134332, 0.25079996803099597], [0.39944086943927365, 1.1608560052904477, 0.6328122045265107, 0.4904965335055359, -0.2909081925024384, 0.07782075344623274, 0.09368452189525246, 0.02853852393698074, 0.38475111131679607, 0.3665750313362841, -0.026626793310463803, 0.20032618709385425, -0.19938903391552937, 0.348695549573717, 0.3623736825806107, 0.5425987136751079, 0.33595621206380005, 0.07441403241352312, -0.054225013130016625, -0.1706121628884046, 0.4216869803529715, 0.32847181223438504, -0.0740298530024589, -0.40554553588338527, -0.408843267695875, 0.5514829181454894, 0.30914377703365337, 0.3032648622853642, -0.09266517631215843], [0.42616909591193425, 0.6503430717143215, 0.7826871515953044, 0.13439695740101515, -0.028280407538182062, 0.1017835101237893, 0.05339585823636406, 0.21587445094593027, 0.005841941422000424, -0.03183710617716144, 0.5124889618645591, 0.34953122096994893, -0.5717915365322184, -0.26850637397055255, -0.479224601176366, -0.07874922376674892, 0.7732574296993509, 0.16520057693216264, 0.11645290696849489, 0.25338619796006523, 0.015502005859799405, 0.4665588418583684, 1.0426326004010507, -0.42280879025250634, -0.03332965836946053, 0.7607774130265726, -0.1682629848549382, 0.1690353286837916, -0.022674585919064807], [0.7414409563917288, 0.4631093516744976, 0.13485858848089466, 1.1494579395517879, 0.26845052580307577, 0.5082025953539602, -0.285020625922043, 0.034743855956883826, 0.4304390769719225, 0.0349103741309537, -0.2090133487345296, 0.12214113167922369, -0.2210308101992597, 0.3540421195067412, 0.16977005524492794, 0.6566010255398179, 0.390969051117631, 0.731687516522078, -0.048869452125273424, 0.29317276328432845, 0.47335132401303437, 0.28464546461233686, 0.4274084433261281, -0.12317258385199298, 0.16194207542167005, 0.40319411953754936, 0.24964513658700932, 0.3488674886402424, 0.33304850487937304], [0.18721709934617245, -0.26981918685768486, -0.33390017597689675, 0.2654783432626461, 0.8093481508166406, -0.026298390052498344, -0.3669883703617987, -0.3633748556242598, -0.01808962236061254, -0.4339710599538284, -0.7700868986471371, 0.14223718734360885, -0.09136631160431548, 0.48157925294802006, 0.6661108251949569, 0.29836261922753016, -0.10962322624935306, 0.21807012514483481, 0.43252920168685716, -0.31996826313538623, 0.672714561126013, -0.027389257276055026, -0.17424508002220676, 0.321679128660211, -0.11857791524621192, -0.12940907033528923, 0.8539623588446142, 0.010211628980493551, 0.5152995343547273], [0.5491859186010801, -0.03745356296148994, 0.2018153782456002, 0.5621901682720735, -0.052950245359582794, 1.1903677462019742, 0.4037537539336631, 0.1919745926564534, -0.3969371455652664, -0.09507891240875305, 0.09134075015090143, 0.3828351698583448, -0.25284905588058915, 0.06532526203820888, -0.008990794827751447, -0.0040036615291702375, 0.7678723376385409, 0.46974049761311176, 0.38751578348872706, -0.11523310238652829, 0.20041740346886988, 0.3137797606152021, 0.28840727856232534, 0.19456957555558757, -0.3444847441347828, 0.18936332353906235, -0.440119774776495, 0.45825074768798246, 0.20503899047091023], [-0.16923840254613032, 0.11767796551553311, 0.12076044402902529, -0.2377046698531281, -0.37165819879089784, 0.19056178673623408, 1.1614647772654214, 0.41731739289990555, 0.2674898152516329, 0.3162469618665915, 0.831076971083571, 0.6217850150300289, 0.352488980503204, -0.03146953603453567, -0.43148977335462524, -0.6266384082815982, 0.5775441342892489, -0.11332175000471394, -0.18941555441154406, 0.20631402015007255, 0.0024639838623931876, -0.10158926418819694, -0.04465520190559852, -0.3032780750916606, -0.36991492256645675, 0.11289023410950977, -0.01715310270196732, -0.021560665032060722, -0.20769118294948974], [-0.07683999510341362, 0.09182097818428295, 0.20421398021732032, -0.015789723097067505, -0.3986654448659004, 0.003730097835483309, 0.4809975387005826, 1.0514647772654213, 0.6955227095095616, 0.12005007959916661, 0.351820556558637, 0.04932279180015048, 0.640357465387641, 0.3165382283970708, -0.12655723777246625, -0.17830169159780507, -0.1219548214898119, 0.0074066471543728085, 0.019353004741596708, -0.0988224621279836, 0.24105297443663398, -0.003490691504850603, -0.05078810161303486, -0.03528302697804353, -0.3907710799660842, 0.05465728946920143, -0.11362868471532767, -0.029800059759558815, -0.3562112116132135], [-0.09213558902818009, 0.42857476771640424, 0.06839267908441637, 0.4097804623439982, -0.008644921521315463, -0.3343509463751001, 0.3028760698477863, 0.44475908284617216, 0.8808732689188055, 0.596273206525383, 0.6377144867028217, 0.11187449522537263, 0.1606497440357516, 0.4988262444045237, -0.29624831761749787, 0.1427662929845976, 0.6874280481439354, -0.3001816238959804, -0.29645866487977274, 0.19872256378047115, -0.07926415720883295, -0.18265373870556154, 0.18458638566705649, -0.1253823661120509, 0.12739686541518286, -0.11429833093076126, -0.3782630440032024, 0.3511955868779367, -0.10345133808464008], [-0.36751221206931733, 0.3283011755031831, 0.05412108055642746, 0.02750073954913286, -0.35139456135443126, -0.2554785993220829, 0.29741787320353497, 0.1373738769542809, 0.7085393939316702, 0.9874110964170999, 0.5079029017112737, 0.269740144807697, 0.21275973493097308, -0.18601612862686678, -0.5699936642605846, 0.08289058224001802, 0.0927975235978256, -0.07564506354095595, -0.6474365184880295, -0.07295671860661977, -0.32347824801753233, 0.155324369823339, 0.11814933921333795, -0.39348598207932545, 0.12564402380478948, 0.18573084003992668, -0.07392186745972326, -0.30183349764447687, -0.3441411943418241], [-0.29691139634245456, 0.006039369693420615, 0.32201243910213073, -0.2490609894103792, -0.7315904967755574, 0.06061676020746959, 0.5977706597630311, 0.2718940771915158, 0.508190311309131, 0.5015387827946196, 0.99211466191352, 0.6018715701631585, 0.3418399130589284, -0.3158677711896514, -0.5977143113783172, -0.6634432628336697, 0.060490065990573494, 0.20982927680366034, -0.6748362681179636, -0.12641379723354007, -0.15931870444157442, -0.04421310298271364, 0.061639695345714764, -0.2520817727486565, 0.09173079105387909, -0.31436977131462174, 0.26815423472941413, -0.4791284761812095, -0.4591554526361446], [0.14583646510701256, 0.5268271049073543, 0.3510868940028067, 0.3357528100519168, 0.36527221896963447, 0.4256217133882203, 0.6691624348048328, 0.2537495365376714, 0.07665470010105314, 0.35788997577855325, 0.6150753741913565, 1.4320372262354064, 0.03543557037407136, -0.015355456768245318, -0.11576273167808351, -0.1107097848899455, 0.936989214822499, 0.15463672723121225, -0.0136333761937079, -0.25449135701821785, 0.30550517600313404, 0.0416115940710521, 0.06820125915952763, 0.03291450567606424, -0.5496418831374151, 0.009400893770926871, -0.16261110048638794, 0.3758511134952871, 0.1702270241518658], [-0.5355990990388492, -0.3528169178616315, -0.5840252063510805, -0.19183625721843633, -0.08897801849131826, -0.22837783807742534, 0.28253630506631494, 0.6051084305956608, 0.1408372962313225, 0.2405607600708902, 0.36599438384793725, -0.017158950740461282, 0.9094558003753657, 0.1250059936014616, 0.01595131599313614, -0.27321540265372146, -0.2506640708351982, -0.4837644488659927, -0.19350020028993214, -0.45832450859746404, -0.4530282553420664, -0.4565575736806703, -0.45808641811703615, 0.04501259157136643, -0.020758265807493407, -0.6031980660231877, -0.44548554005490665, -0.2866905800907581, -0.34630359828156376], [0.310792861422497, 0.3257405186171388, -0.20325663211286923, 0.3001469526621552, 0.6018058573750197, -0.0866113822865941, -0.020744529380103405, 0.29945265827931, 0.4456106502099678, -0.19829911745709067, -0.29406203514678814, 0.07519799134317036, 0.19864914660558178, 1.3554913628597114, 0.3444736920024881, 0.35107453632691726, 0.06606346662294352, -0.15816892380388842, 0.28403240260557305, 0.4564134699040437, 0.8112167413944631, 0.22236653722764238, -0.19717860182139557, 0.088428268252005, -0.1483767623199968, 0.2720112087934632, 0.46764176901680155, 0.5060004186438635, 0.3571153699983233], [0.2731776826387423, 0.2776744930708561, -0.7062653497687444, 0.2330653570080842, 0.8870629806017205, -0.023172253851515584, -0.43603177096888446, -0.13386139326639684, -0.5447240142059357, -0.4861713401451108, -0.4183803894013385, -0.15431684669876927, 0.013844538409137026, 0.5508630212880925, 0.9035034510322558, 0.6680131027839001, -0.0774702978353268, -0.08218958336989815, 0.45675196786299505, 0.11181811132190675, 0.10936729312965349, -0.10599554845151246, -0.07623330888604302, -0.08331325312337695, -0.2669704178236958, 0.044902020862937375, -0.10919728051195424, 0.03682319186483895, 0.6740777359250388], [0.32428204831519447, 0.403784912402818, -0.06091041180682983, 0.6941523351234293, 0.3289979172811507, -0.017134964765714765, -0.6463387239263239, -0.16261826366732232, 0.10624614111824772, 0.04421712450420648, -0.6675838283176923, -0.18792805259419487, -0.2842955479992753, 0.35416393660694073, 0.5301811040119055, 1.2412979046436465, -0.012208544971693047, 0.3076425654585174, 0.02384120660759033, 0.09705802619955285, 0.43678772346986944, 0.15048981540215842, 0.12019686726915058, 0.24237454146714615, -0.11010175929472629, -0.04127188185293706, 0.24090101794999785, 0.47488868235910076, 0.48406836275595444], [0.37277177630342356, 0.15945321983810054, 0.561377168026203, 0.3994352757712223, -0.06969149319346912, 0.9600414305957623, 0.5303373155705767, -0.014652887944837115, 0.616422570517753, 0.1345491296834947, 0.21256492768098, 0.9242488133058862, -0.23194023736623023, 0.1801616146794726, -0.20383967807228567, 0.016544173471056883, 0.9816156756099694, 0.5166376607265278, 0.22881599761450158, 0.31375902936202305, 0.5591026069829059, 0.3225033833191183, -0.10814989877590461, -0.06927431216697688, -0.1625922122149258, 0.21297016579299988, 0.4783423344149532, 0.2418822074211736, -0.02599012119928601], [0.6829545062079483, 0.17678165003426108, 0.19416645577676003, 0.6776322942710199, -0.08259697782435407, 0.6036867945299905, -0.09007667321826943, -0.1343543064948921, -0.13076503033076955, 0.011626302990510387, 0.3557029355718817, 0.32330771506059486, -0.4182986627768992, -0.17644330882699222, -0.0659341074583829, 0.3143457263460275, 0.6157172374113216, 1.209611969822074, 0.11001268915910534, -0.2710486882497692, 0.15011792775661162, 0.7162996104899889, 0.7549255205449342, 0.1655425470431601, -0.2833403688745644, 0.423750927900262, 0.30675115642895023, 0.2471097017863617, 0.5858219128081806], [0.4829358995139382, -0.015522498948759861, 0.07502787926372471, 0.014077195307907853, 0.5172768349729225, 0.4466667360014927, -0.20059845099870496, 0.0793392512706667, -0.35416122192891597, -0.6059030524254322, -0.5758325902580285, -0.03440183517148075, -0.2437949899657388, 0.33457357400727855, 0.4304008927939761, 0.2406281199103088, 0.16452440886251596, 0.09696923847669504, 1.1518594853651363, -0.1336573750779565, 0.5052044841546812, 0.28047563336889614, 0.16209823958254163, 0.35534617853641803, -0.7634865938502235, 0.2558621540411346, 0.15541205605754094, 0.3297033425965973, 0.4356651680711296], [0.03118158396079836, -0.07447487950595706, 0.242003575539126, 0.1811313789820937, -0.20962136349891847, -0.11355140141016576, 0.1477159334030867, -0.1798385949155772, 0.16470305411843641, -0.08989111957380386, -0.1354920243840565, -0.3363648666580606, -0.5683578812160032, 0.5159686097936791, -0.05725709831772065, 0.07902260303642228, 0.31214961040826195, -0.33263329286023946, -0.08474072092498261, 1.1727741661707827, 0.3887389545375486, -0.10661597867666964, -0.5101335022148099, 0.06715232524095216, 0.37587815567644334, 0.016060915645927182, 0.3471713384143201, 0.8244952490851044, 0.08904286252873256], [0.5903721925713435, 0.5824235924982682, -0.15497893523478004, 0.4349966438494267, 0.6093890484843665, 0.14262024532503723, -0.08037448715595222, 0.19248396042132299, -0.04332953789275207, -0.3055372320396636, -0.2440128212461738, 0.18586552946492757, -0.30838066261728725, 1.1209107709436181, -0.010215578916609847, 0.45338184042670826, 0.42419007445414736, 0.13838977349555182, 0.5654357991662066, 0.3160545408061692, 1.1199098725715486, 0.31161819538926716, 0.4860297783791061, -0.2551505699560244, -0.3844924779434076, 0.49386722387551246, 0.3666250806248827, 0.6660253664408452, 0.9153795555013422], [0.7022647451545618, 0.41636412186103455, 0.31576253925232567, 0.32709220156570173, -0.027389257276055026, 0.3083176907301279, -0.06812254239400481, 0.019694102879669446, -0.18641979517371746, 0.09703417316191662, -0.085900517329419, 0.035363882015644096, -0.4912956499389821, 0.24898559508193954, -0.1454430100666686, 0.1645294859747491, 0.29745457684773047, 0.7803683428984061, 0.24340995367847285, -0.09518450539172901, 0.32893031735533756, 1.0641813273435161, 0.39236349103099377, -0.1823079083968269, -0.2989068770088974, 0.9532266995141938, 0.2116119038982872, 0.1604360966820746, 0.23076603767359896], [0.43238889653968643, -0.04596766367438823, 0.7620927578466211, 0.5179399669874417, -0.12883316975995224, 0.22516872788280107, -0.0034439798115684338, -0.21397625415731683, 0.35593044005999397, 0.18816138120804501, 0.02335409537720072, 0.04982861188105609, -0.5992563369038107, -0.09875881856613639, 0.1704535727273238, 0.19514423628984293, 0.12693739270677, 0.5878648955494253, 0.07721855870890393, -0.4883726577792351, 0.3549117598923014, 0.42749353141135377, 0.736237911349542, 0.2513580543396611, 0.04432437675882181, 0.3010194753876497, 0.23561070520153002, -0.06513052928209681, -0.10340060451820998], [0.05625179503912042, -0.5899787844033398, -0.5017619239517307, -0.17732617523537805, 0.07201081630750512, 0.3104224035427599, -0.5226504954067385, -0.010086898908072489, -0.06091257742435843, -0.37391534431604434, -0.13605957136063776, -0.03458300726748176, 0.035703242567379535, -0.13751680706959327, 0.13301159238552493, 0.24701140047987563, -0.16907980738444497, 0.11576653680956843, 0.2257405633426195, 0.14603730721506503, -0.3086688138168736, -0.1853350527309522, -0.03461990939216067, 1.1048297632015505, 0.023128002382365762, -0.21186891348246217, -0.7978505730905882, 0.2515339024924776, 0.10618685235038755], [-0.22525784960330542, -0.43277160837684214, -0.037276783440230596, 0.09672772594634203, -0.0975595477350842, -0.4256020951396214, -0.34327193587019134, -0.4056575972981255, 0.11638505293323874, 0.10283203222294685, -0.0007573308602852602, -0.5642413973634154, 0.07318361438192711, -0.202110149611762, -0.24582424611488823, -0.108381024097689, -0.17448736061415743, -0.16099904126599082, -0.6599674683518747, 0.3481217401872019, -0.24070000383490123, -0.3144749435197775, 0.02619509459815231, -0.0029816264567453753, 1.174580562560366, -0.45587656621731704, 0.013857543161175434, -0.2351691868132693, -0.03485707548335754], [0.749611851518398, 0.35915306796614965, 0.7768240179925706, 0.2690806220715974, -0.1575920366505365, 0.38954274020991425, 0.1430535347634158, 0.08673363836833636, 0.18407287536769124, 0.30855951346803595, -0.28802842728330647, 0.13941739300345085, -0.5075846272249488, 0.18416426186734672, -0.02532879228307683, -0.013248386256210762, 0.5935986403789016, 0.39899980129420576, 0.29278852308169423, 0.1090497888926981, 0.6009403235815236, 0.887095196125734, 0.3215587771978863, -0.09821289098805173, -0.5372092167580655, 1.3194059254613333, 0.4824691871238841, 0.24638089885035777, 0.18703832590734784], [0.16391209462934517, 0.13309399274064987, -0.17892642820203458, 0.27487169782908316, 0.7184191260672035, -0.17963320870273863, -0.1476295719621246, -0.3071530992790385, -0.31423129387944626, -0.11112081581894034, 0.38472330025707685, -0.2771517314833252, -0.462460025300354, 0.3533418680475001, 0.0333656691550472, 0.22901270516908565, 0.4729299388174557, 0.27299708139439927, 0.11454504701314142, 0.31898058347497965, 0.3228125799902409, 0.24868094958045098, 0.21185337344608596, -0.5418214389140833, 0.1470128718040834, 0.5398690700225812, 0.687823201501463, 0.20456628700756002, 0.8948443165948884], [0.47563435099258206, 0.30517600414717455, 0.35402148839814934, 0.39851955662207683, 0.02307510914722738, 0.3972741453561287, 0.0023329738816450646, 0.09629386455695552, 0.35495976099509846, -0.1996626778280893, -0.3624167934533691, 0.42680172673711625, -0.43098905098182566, 0.4324932148443631, 0.013603805942478328, 0.4146026718097467, 0.3124039721840199, 0.27038151052206033, 0.4074997879656924, 0.8237283653337983, 0.8517732105854121, 0.18032825710055314, -0.03916048487319337, 0.06636383192417411, -0.18623157286244257, 0.25608997572415293, 0.2069699166192498, 1.0140636621699022, 0.2898076023664966], [0.27776770652895255, -0.0443213376303947, 0.2558934931108353, 0.3534392296679061, 0.5308744936412375, 0.11864053397386434, -0.23769102048663823, -0.39818496171357315, 0.00047301437315191985, -0.3184110115872952, -0.6686951366463263, 0.1805557606557627, -0.33901299621247827, 0.32946848536486295, 0.6223082037217805, 0.5073408801961445, -0.03689980623697539, 0.5062055924585923, 0.4271227137952251, 0.15385918555584988, 0.9246029318905273, 0.22384305654339098, 0.13916685341445184, -0.20117396378905755, -0.04085399169554809, 0.1261072946355383, 1.0312551625539719, 0.2777322856012259, 0.7559354260791766]]}, {"name": 2, "matrix": [[1.4034178136193165, 0.7103592413589018, 0.6743487003951838, 0.9940926382705406, 0.5011858540057657, 0.8165093451235147, 0.09519692966250715, 0.1642604517216127, 0.13360049638249039, 0.11906044195173679, 0.16386812677300217, 0.2693614800431382, -0.36747337420319715, 0.5619495738707269, 0.5116855271696233, 0.5105697221745629, 0.6568813485970064, 1.1064378820975813, 0.5902178845090859, 0.28876270093516704, 0.8888822788508882, 0.8853708455621141, 0.9365118032036064, 0.31413681258204945, -0.06435550709646123, 1.1714133231072654, 0.6220228785514196, 0.7717998816220508, 0.5753037133602039], [0.5566036252362617, 1.5501135847541248, 0.34029212630191497, 0.18741834451701622, -0.1727629286287009, 0.27165236482826877, 0.4324294805499964, 0.15187648163256928, 0.49303280103504177, 0.029105720170318955, -0.25827355306556904, 0.5487280510349304, 0.07715415437488726, 0.49051798673593805, 0.4699693804991501, 0.40486662914637916, 0.34447886433610225, 0.22136140165162188, 0.14653190582950337, 0.2672969418405273, 0.5524773586064193, 0.3918719397299131, -0.35115118604885964, -0.48493011459397334, -0.4125655464547755, 0.7583048319091731, 0.24752066193245287, 0.2612649579296285, 0.08566125193784588], [0.49763979358552557, 0.39523450136746174, 0.7051980183746388, 0.2690450177448903, -0.2623568518282197, -0.13323218465090658, 0.33102365028944797, -0.09176613161371693, -0.27364152487273785, 0.057001026341448935, 0.4292881187132691, 0.2575718492505096, -0.3611715283773076, -0.22056441263864388, -0.2635600777455845, -0.04057797308172861, 0.34945054839081546, 0.42096836993613285, 0.17932366159315882, 0.14360260136252181, 0.06274223155451107, 0.6620377498561767, 0.5771977084738847, -0.8452105802980696, 0.40968450516452387, 0.7663085096590216, -0.4338605308598591, 0.5706829014961516, 0.06447749306860265], [0.7597955531504915, 0.19498636947009546, 0.5617190900030399, 0.8735234784868721, 0.4806481259714717, 0.4030419571130056, -0.07235902474694506, 0.09507958037075048, 0.45951945123652965, -0.0017344800901205881, -0.07303923859148387, 0.18323093021217396, -0.00968476079738484, -0.04338374642178794, 0.4365250612242143, 0.5771072367600076, 0.787983674509143, 0.25701618512589647, 0.16916044655844378, 0.109914672653723, 0.6460151097514334, 0.283285199415757, 0.6186251034154202, -0.008869649900005272, 0.016969493005790814, 0.1619798331637005, 0.46067381928627354, 0.1883261895271225, 0.4440575344896342], [0.47663614155306466, -0.35549689721952527, -0.3260954138476011, 0.4090952686894427, 0.8856819027237344, 0.0355965903898778, -0.2385339626865589, -0.44022855800570243, -0.15874848738599429, -0.014826822669841644, -0.9073447303741022, -0.12748423374351014, 0.30360394023747383, 0.36427672490569724, 0.7802364102326746, 0.24389042922661539, -0.11046105279526922, 0.18373970335684012, 0.5940766758847555, 0.018909301283006035, 0.40541399690859736, 0.3392854642208036, -0.15361591113504308, 0.09102690232813865, 0.17647076104642093, -0.2620208961155723, 0.6346613501279061, 0.0880105429711947, 0.8241805283728766], [0.9097320200685748, 0.20235628559171537, -0.05479160255119897, 0.1407744079103459, 0.10912971574425315, 1.0492531159257714, 0.21036147951481463, 0.2878397376689784, -0.4848113654921569, -0.414405697685486, 0.11800071078809113, 0.4196754540625854, -0.06739199229822154, 0.23234162963324645, 0.21165545063525493, -0.034674711299551644, 0.44247547595243075, 0.8952498681872478, 0.792429108277232, -0.14262279771599704, 0.06556459952190605, 0.28451499807091146, 0.29439925495441266, 0.2798242724086321, -0.22978916957011405, 0.4123615234326148, -0.5153867532554548, 0.015356147104569368, 0.3354290154345202], [-0.05501179159121434, 0.4229516982019988, 0.4825108884420371, -0.12021200749573979, -0.27940954182010397, 0.3243324569851216, 1.0493912280250264, 0.8228590182987172, 0.4469619640605054, 0.6154816312691914, 0.9079118447653671, 0.8011531423957546, 0.41954442921257984, 0.1789804425947468, -0.10331608927954561, -0.23579183560403127, 0.5985878587823603, 0.17577943866557236, -0.36087215480209645, 0.3199189095183628, 0.17639541828798266, 0.2844641504984639, 0.40032100997802605, -0.07032426399446634, -0.055787809509390995, 0.0393785602550182, 0.1348210626956055, 0.019290627725854173, -0.09084160284231665], [0.04567043226581924, 0.1430073400108924, -0.02130942860557547, 0.021306929652916792, -0.33052292212383666, 0.29053089423998507, 0.7737274688407175, 1.062592544794212, 0.6720086237571206, 0.24960128078636443, 0.4233194304797208, 0.3811036333625795, 0.7432333341974243, 0.12495885536998878, -0.0853525374197002, -0.3677759400033073, 0.24160441577711525, 0.2592995405753259, 0.4220830273776737, -0.049367775866547586, 0.14242536515354576, -0.06387062359166788, -0.09772215581016436, 0.28089049819465095, -0.0488465051362445, 0.2913225286946932, -0.2560509111132722, 0.12315996891012948, -0.3295125101927287], [0.16145223693695876, 0.3218623744734657, -0.08604635592349279, 0.41401652478802675, -0.1682944042379429, -0.3393859364718754, 0.60950174