{"stateborders": [6, 16, 23, 32, 45, 57], "times": [{"name": 0, "matrix": [[1.0, 0.34275677192567583, 0.46526780964976444, 0.17253881783112995, -0.16495308720541904, 0.33549920196526695, 0.2190910106741491, 0.1299343927354701, -0.08756267287749489, -0.10186095282334863, -0.10215670389117484, 0.24847542022037697, -0.08883877269554821, 0.05115210692096323, 0.44989171213732454, 0.47496771400460014, 0.2396564146862024, 0.5599716720553474, 0.6286201316819477, -0.11321542644786713, 0.322110519542689, 0.5450388158611308, 0.019683804734011406, 0.027120468043395747, -0.1857880860848902, 0.5673082170521916, -0.04079890342115133, 0.12755212904143726, 0.11883248021915117], [0.34275677192567583, 1.0, -0.06411721052139162, 0.20420352605430958, 0.5187880171555557, 0.3735047736562183, 0.2851429676811096, 0.053334831531659424, 0.285266675903506, -0.17790276356254112, -0.112717232096399, 0.5320572258022234, 0.04029444274170053, 0.648297165901795, 0.24966121014937262, 0.29076231801162006, 0.5624836320133968, 0.33822216744601896, 0.26125458724993816, -0.053583733374202525, 0.450955107040209, 0.22322935093405225, -0.07257306496178446, 0.23835964333563386, -0.1840602182002245, -0.10015611257476721, 0.2318765845156406, -0.04133328587063915, 0.3870733872368821], [0.46526780964976444, -0.06411721052139162, 1.0, 0.3421781731193884, -0.3767141736755991, 0.34043351022351065, -0.11994438330271111, -0.1603095082238981, -0.23951736898057782, -0.1105318930942028, -0.21353401257667234, 0.04657963318930461, -0.6018434416221886, -0.14325485181915282, -0.32992201640721797, 0.14029913491725457, 0.16297992637174982, 0.48061962093793287, 0.36470181487716935, 0.19231583840206895, 0.2555455560762302, -0.12655691681348252, 0.20471955672568692, -0.23266697251727142, -0.32432257516694146, 0.48317818742089796, 0.31980891057816996, 0.04001341828577847, 0.21284888127958881], [0.17253881783112995, 0.20420352605430958, 0.3421781731193884, 1.0, 0.04195715930091253, 0.6541762590370455, -0.15836289229199396, -0.3723897055032142, 0.00017999785972866198, -0.40468855011152116, -0.04702772261315761, 0.1015511915495696, -0.46071440684078124, 0.10026561131354701, -0.2040896905798478, 0.402708530783953, 0.22707662193654127, 0.49166259117316286, 0.1377610709447606, 0.5075771231967119, 0.33738646048283305, 0.00819686831602044, 0.12499734915759816, -0.167127620790352, 0.07936409630365938, 0.270013997603453, 0.42289564310393196, 0.2366503038187157, 0.6844047261970668], [-0.16495308720541904, 0.5187880171555557, -0.3767141736755991, 0.04195715930091253, 1.0, 0.010492073552744303, -0.2156993517567417, 0.014720744060762158, -0.19829814505020962, -0.44213469751025913, -0.17760724183297755, -0.01999119099679229, 0.360742262938004, 0.2827228650465604, 0.2573741968755626, -0.09503585567658736, -0.0416569348764049, 0.08131749459021209, -0.09393136398948915, -0.17072899660346896, 0.20535431399820483, -0.018656512886896456, -0.24761910592513256, 0.2842791566024999, 0.3105944190483576, -0.5024061210202249, -0.006805576993461441, 0.04497828336043752, 0.1836676918848592], [0.33549920196526695, 0.3735047736562183, 0.34043351022351065, 0.6541762590370455, 0.010492073552744303, 1.0, 0.07437729890155155, -0.09416574567546587, 0.13325675369602147, -0.22575757859398632, -0.007264707005620815, 0.4624969801206094, -0.1280942461447819, 0.384732301465942, -0.1339542666589068, 0.5335837909737687, 0.5072492533029349, 0.5611251047205733, 0.6097232118808967, 0.19307097667226053, 0.5392529948342349, 0.15366410025815974, 0.0587226133571349, 0.13124340873253576, -0.01819499739297785, 0.07858312087267813, 0.29644074277827015, 0.31104153819960517, 0.6457045119128527], [0.2190910106741491, 0.2851429676811096, -0.11994438330271111, -0.15836289229199396, -0.2156993517567417, 0.07437729890155155, 1.0, 0.08852137176690698, 0.5948580943816844, 0.4562734087351984, 0.628247783791566, 0.7328370287085247, -0.10134248273157125, 0.44649747356065633, -0.09253450275035793, 0.05720521815348066, 0.7121332666968616, 0.31407567182638546, 0.2740507817410482, 0.06719082727607842, 0.3522980079249654, 0.43041603984163385, 0.034736389584021775, -0.06340997839898041, -0.43370003918398664, 0.41637700481395173, 0.2371079654546956, -0.07143248533363022, 0.22693067313450907], [0.1299343927354701, 0.053334831531659424, -0.1603095082238981, -0.3723897055032142, 0.014720744060762158, -0.09416574567546587, 0.08852137176690698, 1.0, 0.10202197981756948, 0.12220133115369676, 0.24003012562794077, 0.16921360626922155, 0.2721433315636907, 0.016274469547168213, 0.19027274857853374, 0.2039148978008327, -0.0064577755920534104, -0.18980513425392517, 0.13398476341735094, -0.2172669877479079, 0.2489086741213058, 0.0735433493328554, -0.09476323928264813, 0.35793207100080576, 0.3051786825889605, -0.08429424735197058, -0.16798792315507113, -0.3424207304647634, -0.06489056485006439], [-0.08756267287749489, 0.285266675903506, -0.23951736898057782, 0.00017999785972866198, -0.19829814505020962, 0.13325675369602147, 0.5948580943816844, 0.10202197981756948, 1.0, 0.6656683402073921, 0.5982046609582018, 0.5537404676530868, -0.040933637242773435, 0.5823074418438743, -0.20174883472587007, 0.22770530883848739, 0.6303547647319586, -0.04867839661551459, 0.0027325866944162623, 0.17889311341504022, 0.38014095099362893, 0.16305810749810998, 0.10986289390005965, -0.19781272471975891, -0.38554588419324287, 0.032289852904492974, 0.36782791699844974, 0.10358142926403371, 0.19490050607864923], [-0.10186095282334863, -0.17790276356254112, -0.1105318930942028, -0.40468855011152116, -0.44213469751025913, -0.22575757859398632, 0.4562734087351984, 0.12220133115369676, 0.6656683402073921, 1.0, 0.45038224690183604, 0.22054126761732054, 0.1278964837416449, 0.26433697398885975, -0.09593406277258251, -0.07641243549719412, 0.23323320234367692, -0.20967277122420333, -0.015374232849922871, -0.14640582267274907, -0.01608347554448294, 0.22974656185902015, 0.14931823109868717, -0.26547915070812145, -0.44446565624639933, 0.024277807965685926, 0.1910683183466749, 0.16458500339388693, -0.17125433280333174], [-0.10215670389117484, -0.112717232096399, -0.21353401257667234, -0.04702772261315761, -0.17760724183297755, -0.007264707005620815, 0.628247783791566, 0.24003012562794077, 0.5982046609582018, 0.45038224690183604, 1.0, 0.5369389079235817, -0.07464511096486028, 0.1295656929982375, -0.1369775022865216, 0.0770109163101513, 0.3744507591784292, 0.10266662517439096, 0.020374795646223333, 0.054386831155809105, 0.4585397483131019, 0.23583765461070547, 0.07503143868946081, -0.2556948657561181, -0.25820842847573533, 0.13399225238994664, 0.4153568299226806, 0.24080526070805996, 0.24009947251026564], [0.24847542022037697, 0.5320572258022234, 0.04657963318930461, 0.1015511915495696, -0.01999119099679229, 0.4624969801206094, 0.7328370287085247, 0.16921360626922155, 0.5537404676530868, 0.22054126761732054, 0.5369389079235817, 1.0, -0.155161418923844, 0.4130676661679859, -0.13799477629417667, 0.19945726242772038, 0.8359680633376548, 0.4648425155508213, 0.39787403938371996, -0.08909459046252063, 0.693674684515027, 0.31082730243576956, 0.15576794436499386, 0.1514150925037288, -0.4346546598974927, 0.16572307822115903, 0.37504455413522386, -0.04352770473440963, 0.5204875393602342], [-0.08883877269554821, 0.04029444274170053, -0.6018434416221886, -0.46071440684078124, 0.360742262938004, -0.1280942461447819, -0.10134248273157125, 0.2721433315636907, -0.040933637242773435, 0.1278964837416449, -0.07464511096486028, -0.155161418923844, 1.0, 0.12470803424274896, 0.6068062616406364, 0.08926199891215107, -0.33806680683941326, -0.25398713959857144, -0.02694316757204363, -0.30143006012526263, -0.2234682073889608, 0.19868628561031249, -0.10153784582644185, 0.16853668061636654, 0.4420222887114049, -0.39528791412160547, -0.32456409624199173, 0.1633246806160971, -0.20384746868382242], [0.05115210692096323, 0.648297165901795, -0.14325485181915282, 0.10026561131354701, 0.2827228650465604, 0.384732301465942, 0.44649747356065633, 0.016274469547168213, 0.5823074418438743, 0.26433697398885975, 0.1295656929982375, 0.4130676661679859, 0.12470803424274896, 1.0, -0.08195615962999957, 0.35145792319381974, 0.613721297414148, 0.11355963998411953, 0.19882328379608996, 0.18308502468669896, 0.4742717736852865, 0.09839709735799544, -0.16133797235988423, 0.1293205609257271, -0.16075273248688468, -0.10135682136408794, 0.29644364715377575, 0.16063972424442727, 0.35055253326885355], [0.44989171213732454, 0.24966121014937262, -0.32992201640721797, -0.2040896905798478, 0.2573741968755626, -0.1339542666589068, -0.09253450275035793, 0.19027274857853374, -0.20174883472587007, -0.09593406277258251, -0.1369775022865216, -0.13799477629417667, 0.6068062616406364, -0.08195615962999957, 1.0, 0.2883649338944224, -0.313462253160791, -0.0361392039782001, 0.06120089841907543, -0.36187036645855697, -0.12515188403552788, 0.4217578327970029, -0.2751213174397402, 0.042270768538189556, 0.24152638843057653, -0.08828286220734206, -0.34342568662729067, 0.20720667916795468, -0.3040451652902215], [0.47496771400460014, 0.29076231801162006, 0.14029913491725457, 0.402708530783953, -0.09503585567658736, 0.5335837909737687, 0.05720521815348066, 0.2039148978008327, 0.22770530883848739, -0.07641243549719412, 0.0770109163101513, 0.19945726242772038, 0.08926199891215107, 0.35145792319381974, 0.2883649338944224, 1.0, 0.21862693062600255, 0.19576953857868204, 0.4121943757430749, 0.32927061406585106, 0.46319614447215557, 0.2981894931650307, -0.34733468780431037, 0.040695717335289365, 0.25713113421026124, 0.3272307851397832, -0.023695634376440004, 0.2574959724820552, 0.1965036920003056], [0.2396564146862024, 0.5624836320133968, 0.16297992637174982, 0.22707662193654127, -0.0416569348764049, 0.5072492533029349, 0.7121332666968616, -0.0064577755920534104, 0.6303547647319586, 0.23323320234367692, 0.3744507591784292, 0.8359680633376548, -0.33806680683941326, 0.613721297414148, -0.313462253160791, 0.21862693062600255, 1.0, 0.481610094005872, 0.4417072761573636, 0.20399873614822842, 0.6567059956947564, 0.1909370599540294, 0.10831019751165219, 0.05105183932288744, -0.5374590106837744, 0.29682023520540574, 0.40490664711918867, -0.05880373157386622, 0.5406725465303514], [0.5599716720553474, 0.33822216744601896, 0.48061962093793287, 0.49166259117316286, 0.08131749459021209, 0.5611251047205733, 0.31407567182638546, -0.18980513425392517, -0.04867839661551459, -0.20967277122420333, 0.10266662517439096, 0.4648425155508213, -0.25398713959857144, 0.11355963998411953, -0.0361392039782001, 0.19576953857868204, 0.481610094005872, 1.0, 0.47307477626027306, 0.0031697891512656837, 0.4061311405602635, 0.5129432641945921, 0.3102312260366777, -0.28910838141700207, -0.14901460354315085, 0.48795117150928885, 0.5106053517920577, 0.10714358500220411, 0.6004390090273757], [0.6286201316819477, 0.26125458724993816, 0.36470181487716935, 0.1377610709447606, -0.09393136398948915, 0.6097232118808967, 0.2740507817410482, 0.13398476341735094, 0.0027325866944162623, -0.015374232849922871, 0.020374795646223333, 0.39787403938371996, -0.02694316757204363, 0.19882328379608996, 0.06120089841907543, 0.4121943757430749, 0.4417072761573636, 0.47307477626027306, 1.0, 0.007340088467286229, 0.38097783533694585, 0.43489624027097706, -0.053696175416963844, 0.3151400479409669, -0.27322219478039633, 0.30329693062144475, -0.06957088296186646, 0.2842054400518041, 0.28063340232761086], [-0.11321542644786713, -0.053583733374202525, 0.19231583840206895, 0.5075771231967119, -0.17072899660346896, 0.19307097667226053, 0.06719082727607842, -0.2172669877479079, 0.17889311341504022, -0.14640582267274907, 0.054386831155809105, -0.08909459046252063, -0.30143006012526263, 0.18308502468669896, -0.36187036645855697, 0.32927061406585106, 0.20399873614822842, 0.0031697891512656837, 0.007340088467286229, 1.0, 0.13521568512952237, -0.38377411209372136, -0.03753569193022672, -0.16611252311510122, 0.07556958163655632, 0.46809407359190064, 0.1492484982683891, -0.03433220545665832, 0.36591199306990563], [0.322110519542689, 0.450955107040209, 0.2555455560762302, 0.33738646048283305, 0.20535431399820483, 0.5392529948342349, 0.3522980079249654, 0.2489086741213058, 0.38014095099362893, -0.01608347554448294, 0.4585397483131019, 0.693674684515027, -0.2234682073889608, 0.4742717736852865, -0.12515188403552788, 0.46319614447215557, 0.6567059956947564, 0.4061311405602635, 0.38097783533694585, 0.13521568512952237, 1.0, 0.04492299898280731, -0.08524098791954743, 0.20060135178012944, -0.19748078936497004, 0.14192569888867518, 0.34739422817563825, 0.13635978798524795, 0.5588693702694532], [0.5450388158611308, 0.22322935093405225, -0.12655691681348252, 0.00819686831602044, -0.018656512886896456, 0.15366410025815974, 0.43041603984163385, 0.0735433493328554, 0.16305810749810998, 0.22974656185902015, 0.23583765461070547, 0.31082730243576956, 0.19868628561031249, 0.09839709735799544, 0.4217578327970029, 0.2981894931650307, 0.1909370599540294, 0.5129432641945921, 0.43489624027097706, -0.38377411209372136, 0.04492299898280731, 1.0, -0.05565249640308752, -0.17169118141043052, -0.029464491526738044, 0.3061241518270035, 0.053082879682930566, 0.2761832035468554, 0.0474476271150995], [0.019683804734011406, -0.07257306496178446, 0.20471955672568692, 0.12499734915759816, -0.24761910592513256, 0.0587226133571349, 0.034736389584021775, -0.09476323928264813, 0.10986289390005965, 0.14931823109868717, 0.07503143868946081, 0.15576794436499386, -0.10153784582644185, -0.16133797235988423, -0.2751213174397402, -0.34733468780431037, 0.10831019751165219, 0.3102312260366777, -0.053696175416963844, -0.03753569193022672, -0.08524098791954743, -0.05565249640308752, 1.0, -0.22067135235187563, -0.3164122035859153, 0.10949245569969641, 0.4738184535507941, -0.15512740772767294, 0.4035561176135124], [0.027120468043395747, 0.23835964333563386, -0.23266697251727142, -0.167127620790352, 0.2842791566024999, 0.13124340873253576, -0.06340997839898041, 0.35793207100080576, -0.19781272471975891, -0.26547915070812145, -0.2556948657561181, 0.1514150925037288, 0.16853668061636654, 0.1293205609257271, 0.042270768538189556, 0.040695717335289365, 0.05105183932288744, -0.28910838141700207, 0.3151400479409669, -0.16611252311510122, 0.20060135178012944, -0.17169118141043052, -0.22067135235187563, 1.0, 0.14009522130676355, -0.30576853793342135, -0.5991086259631886, -0.30423997934397623, -0.014503794255324347], [-0.1857880860848902, -0.1840602182002245, -0.32432257516694146, 0.07936409630365938, 0.3105944190483576, -0.01819499739297785, -0.43370003918398664, 0.3051786825889605, -0.38554588419324287, -0.44446565624639933, -0.25820842847573533, -0.4346546598974927, 0.4420222887114049, -0.16075273248688468, 0.24152638843057653, 0.25713113421026124, -0.5374590106837744, -0.14901460354315085, -0.27322219478039633, 0.07556958163655632, -0.19748078936497004, -0.029464491526738044, -0.3164122035859153, 0.14009522130676355, 1.0, -0.1500704534590731, -0.3660518411727851, -0.22394343357905147, -0.11847797322841094], [0.5673082170521916, -0.10015611257476721, 0.48317818742089796, 0.270013997603453, -0.5024061210202249, 0.07858312087267813, 0.41637700481395173, -0.08429424735197058, 0.032289852904492974, 0.024277807965685926, 0.13399225238994664, 0.16572307822115903, -0.39528791412160547, -0.10135682136408794, -0.08828286220734206, 0.3272307851397832, 0.29682023520540574, 0.48795117150928885, 0.30329693062144475, 0.46809407359190064, 0.14192569888867518, 0.3061241518270035, 0.10949245569969641, -0.30576853793342135, -0.1500704534590731, 1.0, 0.10281858786250272, -0.1202495654083389, 0.22289559336861134], [-0.04079890342115133, 0.2318765845156406, 0.31980891057816996, 0.42289564310393196, -0.006805576993461441, 0.29644074277827015, 0.2371079654546956, -0.16798792315507113, 0.36782791699844974, 0.1910683183466749, 0.4153568299226806, 0.37504455413522386, -0.32456409624199173, 0.29644364715377575, -0.34342568662729067, -0.023695634376440004, 0.40490664711918867, 0.5106053517920577, -0.06957088296186646, 0.1492484982683891, 0.34739422817563825, 0.053082879682930566, 0.4738184535507941, -0.5991086259631886, -0.3660518411727851, 0.10281858786250272, 1.0, 0.2908886940704911, 0.656815794923121], [0.12755212904143726, -0.04133328587063915, 0.04001341828577847, 0.2366503038187157, 0.04497828336043752, 0.31104153819960517, -0.07143248533363022, -0.3424207304647634, 0.10358142926403371, 0.16458500339388693, 0.24080526070805996, -0.04352770473440963, 0.1633246806160971, 0.16063972424442727, 0.20720667916795468, 0.2574959724820552, -0.05880373157386622, 0.10714358500220411, 0.2842054400518041, -0.03433220545665832, 0.13635978798524795, 0.2761832035468554, -0.15512740772767294, -0.30423997934397623, -0.22394343357905147, -0.1202495654083389, 0.2908886940704911, 1.0, 0.15825168368144316], [0.11883248021915117, 0.3870733872368821, 0.21284888127958881, 0.6844047261970668, 0.1836676918848592, 0.6457045119128527, 0.22693067313450907, -0.06489056485006439, 0.19490050607864923, -0.17125433280333174, 0.24009947251026564, 0.5204875393602342, -0.20384746868382242, 0.35055253326885355, -0.3040451652902215, 0.1965036920003056, 0.5406725465303514, 0.6004390090273757, 0.28063340232761086, 0.36591199306990563, 0.5588693702694532, 0.0474476271150995, 0.4035561176135124, -0.014503794255324347, -0.11847797322841094, 0.22289559336861134, 0.656815794923121, 0.15825168368144316, 1.0]]}, {"name": 1, "matrix": [[0.9, 0.31876379789087855, 0.4931838782287503, 0.17771498236606387, -0.1715512106936358, 0.34556417802422495, 0.20375463992695866, 0.1299343927354701, -0.0788064055897454, -0.09676790518218119, -0.1011351368522631, 0.22611263240054305, -0.08262005860685984, 0.047059938367286176, 0.40940145804496536, 0.5177148082650141, 0.2276735939518923, 0.5879702556581148, 0.6160477290483087, -0.1064225008609951, 0.293120572783847, 0.5068860987508517, 0.02086483301805209, 0.02495083059992409, -0.16720927747640119, 0.5162504775174943, -0.04283884859220889, 0.13265421420309476, 0.10932588180161909], [0.37017731367972995, 1.3918325234673956, 0.1046857031489424, 0.2348013386653509, 0.30255061951479645, 0.10611863040314286, 0.24049376266410327, 0.11903349140353833, 0.5362308821693904, -0.13322249865923982, -0.21336306925764098, 0.3172553459498889, -0.08154510197258842, 0.7320601466002878, 0.42242772124625216, 0.5119527021067012, 0.4841850999221845, 0.04012995556450699, 0.11267585995468579, -0.0005125924701629703, 0.5842995471581433, 0.2187647639153712, -0.0451451001317322, 0.2743138252392472, -0.17234121545403155, -0.05413872668152807, 0.33210090314448676, -0.07911118538763749, 0.21687954718842745], [0.4792258439392574, 0.11377867741719921, 0.7686395009384144, 0.22510731186101032, 0.03634933569224544, 0.25471405801781866, -0.31292868206836594, -0.005203349438355154, -0.1782050011697775, -0.2276044247879958, 0.08313999117264903, -0.01689822602241503, -0.5707970398490179, -0.363309751832567, -0.5431867660076402, 0.2690989591946128, 0.4587194824154618, 0.30884462154383147, 0.4429605481081162, 0.33453662395643424, -0.10081297175979723, -0.21771196463624964, 0.32658886783286, -0.4982719048656248, -0.39138229473468367, 0.7147679646601472, 0.25820734398144357, -0.24241070867336484, 0.2375237894549529], [0.17253881783112995, 0.2783990114431999, 0.18068448013435295, 1.1899700171052807, -0.04308731063974256, 0.6385333604096473, -0.3082511017332939, -0.24716500874114555, 0.002993398127939573, -0.3218272023239927, -0.0018894815765043704, 0.03734050705123481, -0.23953321592451815, 0.06342276429825838, -0.21322541360200636, 0.5477185924994166, 0.22114213437880892, 0.7149823551788705, 0.11690224248757626, 0.7194256799667608, 0.16742336527912266, 0.054520564926296006, 0.029854691708563946, -0.18321604153804993, 0.0753958914884764, 0.21677971566335408, 0.4850770699876961, 0.06089357161146092, 0.6296523481013016], [-0.16825214894952742, 0.2965075581262246, -0.16261155089835272, 0.022778673807649762, 0.8507823738370263, 0.2371126721959571, -0.1946921241344393, -0.17551033185047324, -0.25142929636103867, -0.4775054733110799, -0.4235743866929919, 0.2708112412263421, 0.32792110723376666, 0.08827424885614704, 0.5709937084175005, -0.2179901285383399, -0.013417588393958624, 0.18376510569148422, -0.05004495779730275, -0.3851525901723023, 0.3569599930384052, -0.01679086159820681, -0.6257414500284461, 0.3457988762253743, 0.28885280971497257, -0.3792515499037227, 0.2870716304716946, 0.04792438668120595, 0.1517802324313784], [0.31201425782769826, -0.18317455245885383, 0.16131572205702058, 0.8151897765837925, 0.18655332528663177, 1.1049595964834984, 0.08417675610625178, -0.46698709446949016, -0.047733362012253824, -0.046405938686924914, 0.376998748608028, 0.5032764078881149, -0.3161315573259238, 0.29815111950543394, -0.22919898128581523, 0.3022633999321916, 0.7931548835489649, 0.9930917661098516, 0.48474470405404757, -0.274771322183999, 0.6500607716817446, 0.22840459229360305, -0.14323871045569553, 0.3481115805776761, 0.09065038071025935, -0.17363455178849024, 0.17074872600370505, 0.32243062553052926, 0.5910276431878013], [0.23223647131459807, 0.24631117140736916, -0.221827722016575, -0.3627218338856614, -0.17818196943086867, 0.063148770280582, 1.113658839392316, 0.08102412053860827, 0.5340192138808799, 0.15879263459149418, 0.5578549804593301, 0.6724479589428517, 0.06134547844732034, 0.5008032882395728, -0.09160915772285436, -0.05354908861438961, 0.6902044735519164, 0.20288584752262076, 0.321458338074895, 0.031059817757859334, 0.49319384495263785, 0.36705389865934057, -0.02150931776687113, -0.26516467545890154, -0.4768962372412614, 0.39997456572553897, 0.3347596027509736, -0.03553393667497189, 0.24281582025392473], [0.1312337366628248, 0.06327447361413563, 0.1402842388537539, -0.3852988547364157, -0.16573419528827962, -0.326046808095637, 0.08088560670962623, 1.120488259088474, 0.35446264046429343, 0.13734615850215875, 0.1475465367767479, 0.09814106128789551, 0.25853616498550613, 0.26544114297389304, 0.5334823801258376, 0.23888063870178064, -0.21137564912847884, -0.4479045366145688, 0.011614242778034758, -0.0810108996248401, 0.26122857883013423, 0.08894721640732392, -0.10564366150043553, 0.02102669292548487, 0.2929715352854021, -0.05952699454928867, 0.040164183893788175, -0.3231480808640134, -0.2977714642789486], [-0.09456768670769448, 0.6867803911547817, -0.3145932943559454, 0.01992239915933178, 0.06730330064821971, -0.12211864911287848, 0.5214895228902869, 0.3057063324157769, 1.038933354394601, 0.8941246093870459, 0.7548600771593438, 0.1666622827398147, -0.11355421549154718, 0.6877639498921144, -0.37329399186347934, 0.3784765835984482, 1.0120242081961641, -0.3160450003219215, -0.14868256410105773, 0.42478519083980193, 0.3374837744044882, 0.14838287782328008, 0.508323169225406, -0.4494085791754797, -0.35959073098045097, 0.16761464362042547, 0.04890204034105397, 0.03661766030113659, 0.442388624896796], [-0.10287956235158212, 0.008257342725450117, -0.24448750756647372, -0.3763493500899389, -0.21365357930574844, -0.17268958333467374, 0.34759544463593245, 0.11562599836072177, 0.9074379761911937, 1.0101301451271216, 0.24778685572529383, 0.3843719804183244, 0.1333202011720809, 0.23231135746168424, -0.10448426152092673, 0.13711922542577779, 0.1953930775782805, -0.1273833265468999, 0.11530152091357986, -0.13950839670814216, -0.025672718291114324, 0.32318384061555966, 0.14268287483961756, -0.28780527317467, -0.5012324952005108, 0.1739412364666785, 0.1724159230697181, 0.007685277290785978, -0.17810450611546502], [-0.1011351368522631, -0.24778794101494492, -0.007086410498207213, -0.03435164083490554, -0.29768156026026776, 0.3255992324149277, 0.5490014083910872, 0.15490557367464625, 0.8467259370454373, 0.33411222515324734, 0.8731406249251469, 0.4879748841205745, -0.053879688078514995, -0.06685648044717465, 0.12467012421033061, 0.10365441719846624, 0.13812244258306836, 0.3541899059303501, -0.016759687601528805, 0.05859744987994882, 0.7845938122984415, 0.16065176416618168, -0.0006488108413320176, -0.09221176259575178, -0.13348887300489726, -0.3027970746538713, 0.5955895810791241, 0.16938607304423497, 0.22496342260410707], [0.25841443702919203, 0.13697002089809418, -0.08520310167199631, 0.15938748240087913, 0.0474627579609225, 0.47044529381261235, 0.6028985833310855, -0.17374342291729414, 0.3942574874853076, 0.3923470119782876, 0.6547187392047524, 1.1836815563431409, -0.16292573707683652, 0.13976302237854538, -0.24963847394080757, 0.1296571527968864, 1.1429992950791177, 0.44786011374545814, 0.28757013388049435, -0.25859919072499155, 0.5468982340266978, 0.3119344654180048, 0.4664540188009032, 0.28150799729788034, -0.49142816797303224, -0.02678270223069898, 0.17315599388145755, 0.15075119962854439, 0.7443835656529223], [-0.08173167087990436, -0.13988644730721075, -0.5476775318761916, -0.4034105944817018, 0.285549866896354, -0.2720043500688959, 0.10174322565202587, 0.28302906482623835, -0.1455966347108632, 0.1536514033275619, 0.020902501802602766, -0.17844187896922095, 0.8859354260791765, 0.2498789251847538, 0.631078512106262, 0.014996339772759285, -0.28814759673647633, -0.08807822961735762, -0.056870577346764165, -0.3361267904896156, -0.2344873717857105, 0.20862059989082812, -0.10153784582644185, 0.1742218473915349, 0.544701750592949, -0.39412918996237867, -0.45214377741610007, 0.3377244385191376, -0.18957814587595487], [0.046548417298076544, 0.8973076038840246, -0.09289359638507028, -0.015258181198444635, 0.08680993539359749, 0.3308308659922903, 0.48514040603594283, 0.13485754670749361, 0.9256861423865639, 0.22415247507016678, -0.10007232062577588, 0.304461365606807, 0.35166897907790495, 1.4764678810366592, 0.20410164737641856, 0.32726252699989455, 0.4094855757770134, -0.20186405288568524, 0.1184482843461903, 0.6335389011017689, 0.9469201922550854, 0.1013490102787353, -0.2956051557036351, -0.3574469045280485, -0.27474271845433884, 0.1503198454991852, 0.6627277246482991, 0.4186055495508987, 0.22484466011149207], [0.48588304910831054, 0.4256339971738034, -0.5569627649995964, -0.25824739674447755, 0.3214817902016881, -0.27113500616276354, -0.09623588286037225, 0.37403496142945547, -0.21385376480942228, -0.1964397752230076, -0.12266943744551485, -0.2793606851825395, 0.5764659485586046, 0.20320428907116175, 0.8883674011260974, 0.2515934473437872, -0.34167385594526223, -0.16379380376122918, 0.0563048265455494, -0.08369929802076703, -0.24886114478740218, 0.31120429002352423, 0.029411123358780683, -0.02972009893357422, 0.24152638843057653, 0.01059233807388689, -0.5676683903375352, 0.2077403717997652, -0.11070996425629526], [0.4797173911446461, 0.4788855649892011, 0.16126798216114518, 0.40901202791839397, -0.0864826286656945, 0.5446605612554811, -0.10162177548974181, 0.27172145683191845, 0.3393735899518988, 0.13686382622612542, 0.05275881900261792, 0.13031735081620216, -0.07375512778058245, 0.3635230352068831, 0.2547455797535963, 0.9975789227602319, 0.36664868526758837, 0.25754413265480125, 0.322103682660894, 0.28746295383101844, 0.41194500627709196, 0.2948886086924744, -0.24292996524498237, 0.12225388691804626, 0.29347591465276224, 0.19415377026609484, -0.0714332254140218, 0.28990507033686513, 0.18078339664028115], [0.2276735939518923, 0.5762081758499946, 0.14246753209664442, 0.19441632850904783, -0.16306912578010485, 0.8183354462040024, 0.5203484117642339, -0.23317563540482922, 1.0079706575577119, 0.19596410646104948, 0.29083999639661795, 0.994650587300313, -0.33550801031920763, 0.26792008178753685, 0.011556823610694655, 0.3550215446498548, 0.648622577674481, 0.8280350265930221, 0.4736883728494063, 0.19639384840711538, 0.6330260576264787, 0.17566209515770706, -0.08043489010253249, 0.33632895711045707, -0.5110134998638672, 0.23022984135385965, 0.6864992601526536, -0.2746520162204788, 0.394711819442341], [0.5711711054964543, 0.07708052494346118, 0.3778515224422291, 0.6127267024178829, 0.34640888027332645, 0.740624469994727, 0.21707775438145321, -0.581189720798428, -0.11258359088535766, -0.10021147456882107, 0.4116807282976844, 0.3193034039729618, -0.2128632704339187, -0.2638152416608008, -0.11701958653204159, 0.2834023057755089, 0.8045105835925347, 1.2146193185402272, 0.24671198455822416, -0.23698634987846642, 0.20401285825962684, 0.6529753554824853, 0.5145218997648752, -0.17530703450075036, -0.09758914806014073, 0.3097861676206135, 0.5717661145306286, 0.02721546600428943, 0.7195032016748488], [0.6349063329987672, 0.09581732450818933, 0.37030518262984724, 0.0728639957544763, -0.04688802749910739, 0.4077757530758461, 0.28857224426596917, 0.13264491578317741, -0.0654342896171856, 0.13115693084968477, -0.09510361322627775, 0.5018754967283822, -0.028659595851151142, 0.11632217092638517, 0.05875286248231241, 0.21798555912140477, 0.5666696168533432, 0.34933452013050265, 1.0745578456095408, -0.03773339566790622, 0.39325481417390734, 0.41098819299434247, -0.11966055297799882, 0.3684540261066928, -0.3787038649933416, 0.4055350728526975, -0.11289726467797187, 0.2296266783561267, 0.27221440025778254], [-0.11321542644786713, -0.07136452870557125, 0.44557547355953675, 0.5525102041511322, -0.2206002114483136, -0.055614612046382766, -0.01716060751588576, -0.03431604096764973, 0.06811886416657217, -0.0915275939677873, -0.09535853811043624, -0.4893726804362215, -0.46933693904379004, 0.44924651853016634, -0.14744254811215052, 0.32884496398923607, -0.024336449793951054, -0.14720127089805332, -0.09905800350232419, 1.1309205776407871, 0.39364258066808977, -0.36260611088474126, -0.23517073356786639, -0.26977149376905846, 0.17740385149792723, 0.5511554367115923, 0.07846774000806535, 0.16013444104520408, 0.2004145844688861], [0.3414371507152503, 0.4275469097811146, -0.12781608633180763, 0.26252650669546285, 0.25259662352143064, 0.4190033057063931, 0.4419201051640737, 0.5678668707847642, 0.29287411481319975, -0.02438604024755569, 0.40749493137061993, 0.5329715797344181, -0.19873245860347674, 0.4946208009622397, -0.12145623942540965, 0.405699910096983, 0.6258291038239857, 0.20363738680022156, 0.35840325268983664, 0.665572956444265, 0.8864758242695682, 0.047618378921775756, 0.1459491283791551, 0.1152254295724496, -0.36035892916693435, 0.1857004694477211, 0.1301551660389624, 0.3198866841941686, 0.6659614985127964], [0.5613899803369647, 0.3248853635794375, -0.18934340964584426, 0.025868987431646347, -0.01716399185594474, 0.2650065178100339, 0.43796606692376927, 0.10274145206239116, 0.14675229674829898, 0.3964889414947741, 0.16362540351486696, 0.34158783134578, 0.20067314846641562, 0.21065305934684966, 0.30276913336758415, 0.34007126412510996, 0.20048391295173087, 0.5007560970259478, 0.4140978078357835, -0.3543111468039858, 0.04402453900315117, 1.1566050243918675, -0.1601723409884216, -0.1305780259264929, -0.027107332204599002, 0.41609902253978515, -0.027276775000085907, 0.31410390134583316, 0.05124343728430746], [0.018109100355290494, 0.012811872206580796, 0.3554445397203373, 0.046370309918680935, -0.40145579604596954, 0.2543925886086105, 0.01798670350735374, -0.215395516071136, 0.40143116057583894, 0.16664934298009418, -0.17032547474303572, 0.31482516448547515, -0.3185934570019188, -0.29790458478471604, -0.2789838008454934, -0.3630979767790802, -0.08509570209744283, 0.36677173550990766, -0.16340725703926126, -0.19679924942993757, 0.0045287175584633466, -0.06572759656481769, 1.0801602187399961, 0.061210849964085684, -0.31948770045787167, -0.10203458933773105, 0.7754427044416881, -0.23304604583635227, 0.35915416269341865], [0.026306854002093875, 0.20009295388592807, -0.38822028659925845, -0.12041548521883334, 0.6018954310995754, 0.421139452180685, -0.25005279995830987, 0.30039661452101746, -0.30268855333040356, -0.4050044880781123, -0.13833482234817723, 0.46881596058279973, 0.18860801492308665, -0.13139737921717723, -0.12843432546335365, 0.1885230565071704, 0.04554248528866467, -0.2586016672001353, 0.3177059370339805, -0.4492670474546874, -0.10976369267487518, -0.11279748431843858, 0.08160351202411809, 1.12064847782847, 0.11215367148687097, -0.39561700492861185, -0.7966508194114329, -0.27996848046807893, 0.06580516901497215], [-0.1820723243631924, -0.17804643654866598, -0.3821016882493556, 0.22088347978058548, 0.24913878785254379, 0.007049132151259043, -0.526641387351577, 0.32348940354429817, -0.353466423739337, -0.4574227347984252, -0.18669999720045338, -0.6211968186824639, 0.6368378229956686, -0.33963988838231474, 0.26326376338932844, 0.2933201586676373, -0.5421766443800307, -0.04616369257713063, -0.4102038151810397, 0.21408547415570534, -0.34817887518351665, -0.02740197711986638, -0.3283409353980769, 0.1415116724081232, 1.02, -0.3589480738112858, -0.39533598846660795, -0.33244494875928465, -0.11018451510242218], [0.5559620527111477, -0.2466636822383625, 0.7622676292619648, 0.19445668690063922, -0.5840088582905593, -0.05152179131947046, 0.4583520819371166, 0.005997991521620477, 0.2979109761365298, 0.18358485550419668, -0.08121184014227203, -0.040386619189452244, -0.4195479806316622, 0.05369025077273279, 0.19333465206109662, 0.3675206089070644, 0.4192163852404261, 0.3299833372152026, 0.3469169706272538, 0.39726934050565554, 0.26207167313049995, 0.33721092094639404, 0.03265524634209828, -0.6101009274275586, -0.24446217639079623, 1.3409094587066162, 0.2397084647643753, -0.04540623023160095, -0.0036785135941228564], [-0.04243085955799738, 0.4697912597636668, 0.2095677872852658, 0.4720671222399119, 0.2229863204470065, 0.039031860917486255, 0.27624228653220084, 0.0876016574771672, 0.03909030007615559, 0.1093613286197259, 0.7163972125961986, 0.13698007797068204, -0.3818780667819076, 0.40002979513706916, -0.5684312007944632, -0.1664491447303032, 0.6069379787054205, 0.5044333357799626, -0.11846293531492119, 0.416165179382839, 0.265809217700298, -0.017692641462616773, 0.7591504314077067, -0.6284446417121217, -0.27824422428026757, 0.30903313703590285, 0.8937755508445729, 0.3723370314686653, 0.9799785917918344], [0.1262766077510229, -0.03311167759973598, -0.2252129502462703, 0.283337692214578, 0.07256694739944995, 0.44469478520706696, -0.051358827398792814, -0.3512993972831665, 0.05400916598493564, -0.01969777044664566, 0.14147979059592725, 0.012231713251642417, 0.1747574082592239, 0.27991644752601763, 0.117887917523548, 0.3740698365155193, -0.2134076901514457, 0.016003352179308934, 0.18608331069236594, 0.26103856485142984, 0.24166022237071705, 0.32232882932651, -0.284284631458763, -0.4220374623165814, -0.3349146420381175, -0.07111599791890898, 0.30282370562790406, 1.043084296280069, 0.1693293015391442], [0.12833907863668328, 0.34131835193508964, 0.5365778482352043, 0.6364963953632722, 0.16052098247025154, 0.9859388826869898, 0.23146928659719926, -0.15246233604451254, 0.5018986768565004, -0.1661167028192318, 0.1644192229794728, 0.6449315726696132, -0.2120013674311753, 0.30403043497497345, -0.06814364111566423, 0.17685332280027505, 0.4152615483055313, 0.7551883391638241, 0.283439736350887, 0.36175330295584424, 0.7399749384860459, 0.04649867457279751, 0.25472188753048897, 0.1741994623158844, -0.11136929483470628, 0.0590946419641975, 0.917126290307881, 0.14717406582374215, 0.8126871515953045]]}, {"name": 2, "matrix": [[1.287197165898132, 0.7884279749737351, 0.7148377196854685, 0.4135390891557524, 0.0031740542683522596, 0.500383947309299, 0.5443759234847132, 0.38175704189388826, 0.05582895197951805, 0.1694469813716452, 0.17474932759330425, 0.4523493510572074, 0.2898231704680052, 0.3214458641979094, 0.7432403080307532, 0.7065034576307845, 0.3671555504830035, 0.753540268095661, 0.9040777238603351, 0.1217539250305935, 0.5817179190949351, 0.656437855134977, 0.24865251305820452, 0.4326537688337898, -0.0015391638833185117, 0.9766975451150959, 0.2124583700896407, 0.37106477545090566, 0.2006993653282962], [0.7008533087736887, 1.2527892280477044, -0.0030521466907764833, -0.06764525616745148, 0.2759108781038522, 0.2532705395854917, 0.6561573024165566, 0.395155722703188, 0.3879806666416751, -0.29225199224186016, -0.3763638821678209, 0.2717955265286546, 0.19070582234324543, 0.8212863879370578, 0.3554548587002761, 0.47461810944619526, 0.3953769758832781, 0.2152567981330967, 0.3613486354931813, -0.030872584450178292, 0.5044092512005444, 0.07214307584473764, 0.02638428128082422, 0.1411779817822639, -0.18322602276752398, 0.03376618322621072, 0.20750199793655086, -0.26173773602942596, 0.25719278089117154], [0.5700063595782933, -0.02434589652428712, 0.8490366595741095, 0.6386432349684431, -0.28997912772608253, -0.23232154006157438, -0.0016972913263373912, -0.13314996289115236, -0.21779262063378219, -0.05714527269501618, -0.025573320051681947, -0.17927721420495402, -0.4824391266815484, -0.1980036228542993, -0.19841780057402658, 0.3430645410495644, 0.18128121181763288, 0.48670637806351796, 0.5597540818565341, 0.17910254939994769, 0.04167272209797304, 0.12896977682857302, 0.21113432112425892, -0.5856822384546386, 0.02605341914543502, 0.6185942300830536, 0.09527513262164948, 0.24360414615286274, 0.35636673411032377], [0.30351116800029326, -0.13287364240226504, 0.6072998044372985, 0.7667550570750714, 0.1741073322142324, 0.8099543041212798, -0.23196027981450704, -0.28966765212897705, 0.2678004824171876, -0.45392658678091347, 0.019220132031018397, -0.1453105122517363, -0.32845839113344943, -0.1479740657602068, 0.06639158935783843, 0.1093873363269949, 0.5782070616137223, 0.4754573434261049, 0.3636072607663507, 0.5217276492963194, 0.3142385161608256, -0.04295182878045711, 0.10088696769526406, -0.10224556958979245, 0.17450112237380244, 0.24828716772851794, 0.7222667839951251, 0.13922023569348035, 1.1777312820615091], [0.16140401050979836, 0.3485412005056299, -0.163020850718741, 0.017215469495388463, 0.9178775149097307, 0.24118478052528428, -0.358048815580626, -0.2404753584707245, -0.3586308367597588, -0.04470637441188441, -0.5160994993257041, 0.056037895826870604, 0.6971739555377818, 0.03461776057078303, 0.4385216201321815, -0.2169297916856919, 0.03472088027578622, 0.06919638855812286, 0.17126768205529358, -0.3391272870712574, 0.27869927707355435, 0.09747033882638836, -0.5736533593105996, 0.3831826201780014, 0.32193226348687054, -0.6693755525549895, 0.26340736681236177, 0.2454233288968924, 0.24122647374485523], [0.5879949570055305, 0.31582545835247583, 0.22393500730748292, 0.8521691682132778, 0.2399319597497468, 1.0237882445844875, 0.11055376570039858, 0.014178355846511781, -0.07276014613446238, -0.5595681556885094, 0.08770874455441584, 0.8600579762031699, -0.21997070623611903, 0.32089487032955644, -0.08505375012860047, 0.36299935733033306, 0.4942302880470675, 0.8114693285794548, 0.8884463783829447, -0.12984848846735764, 0.42298626472460504, 0.21694399184261204, 0.0620657127035232, 0.38439147591936684, 0.2988952309387526, 0.19773184121158208, -0.29284147406591343, 0.2954574696348722, 0.7428943108253155], [0.4737232162232596, 0.5196737201766282, 0.1974343062751245, -0.31164289515169974, -0.1109901281155504, 0.34158628945693925, 1.1323557639681283, 0.2498095632484264, 0.7161840848294775, 0.5955231766646312, 0.486505917775322, 1.0022806147870589, 0.17907487839250225, 0.5823246518621206, 0.2544058956764335, 0.20574663514235791, 0.9474270759098691, 0.3739940614957782, 0.3632925230649638, 0.19803082544897027, 0.6828603294779159, 0.6432080369197718, 0.3455104840207173, 0.017463683521680914, -0.36253911396466243, 0.35998910647067073, 0.34124847510333034, 0.1440365974095656, 0.5505657437468985], [0.3642469245543264, 0.2641326310133457, -0.014016204440168139, -0.44112796144186395, -0.08861473100108469, -0.17547480158076936, 0.36312016745059256, 1.3167543407113083, 0.19237100840684287, 0.11355946005292349, 0.30779152731323645, 0.19160388480281615, 0.6035392687567438, 0.4587939750224564, 0.3911793479870942, 0.3099947281753651, -0.12975041884149696, -0.1345801675201097, 0.31811615210459104, 0.24077239848198326, 0.2985352324935604, 0.03938039203410176, -0.04710542693175483, 0.27511371674543844, 0.42455510602877594, 0.3902573733599884, 0.0011892033021414852, -0.38195034785777404, -0.039732526200769516], [0.30442618306711666, 0.5746801034579598, -0.3301792020859937, -0.05358172271192169, -0.2890363601229003, -0.14996755653738322, 0.6