{"stateborders": [5, 12, 24, 39, 49, 63], "times": [{"name": 0, "matrix": [[1.0, -0.07774449283145281, 0.3499686748601637, 0.5637154704859937, -0.3151499544616378, 0.2943340236061679, -0.02884421389546308, -0.16416539733280774, -0.14471090268377323, 0.0789982871202736, -0.023075010738282064, 0.1718240140718711, 0.013588542607979846, 0.12220383356827232, 0.24787204533659973, -0.1975648578785278, 0.2626026702056477, 0.21077243753275113, 0.15428637337740217, -0.2837545521251082, -0.19073278974757849, 0.5323545455635122, -0.5204707528761525, 0.22461044268624691, -0.05218495625280695, 0.5803024925163274, -0.25469738638028167, 0.4336407065219786, -0.39856868893983977], [-0.07774449283145281, 1.0, 0.1746486616680583, -0.3441308184177877, 0.4680518393030541, 0.3512786783221358, 0.2788399145409995, 0.5551306306144084, 0.22877672514065617, 0.26873253121389923, 0.1897265646554775, 0.30412406092908467, 0.427450504062021, 0.34859970006504454, -0.04218251658167265, 0.3620804146902878, 0.12152005035283656, 0.11978462180254447, 0.38569977721546833, -0.07082354136205252, -0.06507721137643258, 0.02567933816831071, 0.28637491495492073, 0.3147021548106575, 0.510105309535526, -0.14282038586520784, 0.1365814027542863, -0.24008638358753429, 0.17118023554093503], [0.3499686748601637, 0.1746486616680583, 1.0, 0.266242643580421, -0.21593368326437193, 0.5955324428594839, -0.06026875389624752, 0.14384927943799852, -0.07112502400862451, -0.08191671473238377, 0.08052763087926092, -0.05625163799432643, 0.15360537658779838, -0.07887086545259393, -0.44378157044111666, 0.09176595997094285, 0.18488990787332996, 0.2732127170848995, 0.14797876061839652, -0.13264528595729036, -0.10748966554916767, -0.12530971120654794, 0.16151718849811716, 0.06109464906803446, 0.2606271030950483, 0.11073087413706607, 0.14092053334813942, 0.28865140116683674, 0.2670945476302235], [0.5637154704859937, -0.3441308184177877, 0.266242643580421, 1.0, -0.17789637926096324, 0.2200204604507888, -0.026768673488752535, -0.31940930102130954, 0.01688461478284839, 0.16146787772313612, 0.28695188881189376, 0.019549485653143215, -0.31250710243893587, 0.04668732567758855, 0.04006696528836948, -0.23718306246171897, 0.08332471239383651, 0.2544578401753269, -0.014153187915583428, -0.09602947675276864, 0.17118581958346035, 0.4534671605998179, -0.34514487059927895, -0.02644615214336697, -0.1378845467958841, 0.42944781608916965, -0.13837785763715313, 0.200670138425441, -0.04010353931728345], [-0.3151499544616378, 0.4680518393030541, -0.21593368326437193, -0.17789637926096324, 1.0, 0.27107162183263206, 0.13541514981272992, 0.32899874757499536, 0.3628478059596972, 0.3709339619867891, 0.18615813637713802, 0.19369113468213353, 0.3668547442192771, 0.22881817820378839, -0.13347216641946905, -0.1980911613993044, 0.20063202242920158, 0.04101187953844423, 0.42594830088934044, 0.4681856646318042, 0.39754450876426184, -0.07109126132193255, 0.13260367300662582, 0.2570333589649221, 0.6514344879351597, -0.08190535176708895, 0.11006622612349813, -0.16170658067551208, 0.43728116095046987], [0.2943340236061679, 0.3512786783221358, 0.5955324428594839, 0.2200204604507888, 0.27107162183263206, 1.0, 0.023185178861108956, 0.193770214985858, -0.19331636387026158, -0.04060382309912518, 0.14667548383378934, 0.10348683416453326, 0.17546306923538013, 0.3027202245041931, -0.24400666421470493, -0.1298607509644643, 0.2573385011499836, 0.46140896657940167, 0.668094128086328, -0.07382885963076219, 0.13592347812093442, 0.04405284719037742, -0.23125625837194574, 0.15144711278130318, 0.41334498759351396, 0.07626432194120401, 0.28461073628599687, 0.03763635863219147, 0.3704637982183189], [-0.02884421389546308, 0.2788399145409995, -0.06026875389624752, -0.026768673488752535, 0.13541514981272992, 0.023185178861108956, 1.0, 0.5958396268111791, 0.6457715528599784, 0.3262757534736365, 0.8008051486874812, 0.7914810284510893, 0.4773855473098265, 0.46384383172082516, 0.28274029633729447, 0.38826254762693363, 0.4809754216743485, 0.41842673366110883, 0.0793481028004781, -0.45700776107944596, -0.05551654807281848, 0.32508576356073005, -0.02936217579385884, -0.13610540126232298, -0.07493790013194432, -0.2966489103119311, 0.3979896414899692, 0.06221710229959511, -0.07901684856447644], [-0.16416539733280774, 0.5551306306144084, 0.14384927943799852, -0.31940930102130954, 0.32899874757499536, 0.193770214985858, 0.5958396268111791, 1.0, 0.6583054183586835, 0.47868507703138635, 0.43395381448216946, 0.6350282776063607, 0.7525568350828769, 0.48272086282104854, 0.12170851372361736, 0.497720669449951, 0.2931333335597366, 0.38505371352958284, 0.11344856936910776, -0.1686343628607438, -0.08154266689328997, 0.014753581388135891, 0.293342359429905, 0.13682799925366101, 0.3049644223150149, -0.3318381100632822, 0.4926929394744267, -0.08895757968384356, 0.10335942467971543], [-0.14471090268377323, 0.22877672514065617, -0.07112502400862451, 0.01688461478284839, 0.3628478059596972, -0.19331636387026158, 0.6457715528599784, 0.6583054183586835, 1.0, 0.717534636971734, 0.6810319597802871, 0.6951918780695857, 0.535906492847696, 0.3291408871630227, 0.12113877193716527, 0.42533963045328543, 0.5274517655261427, 0.408611461471734, -0.09327713336936301, -0.03984605933827094, 0.2599349579365209, 0.16569327388059307, 0.36770453313169826, 0.06045895327291943, 0.25448561404347536, -0.1290606102128069, 0.17213586549888668, 0.12405121649423449, 0.2475222062672363], [0.0789982871202736, 0.26873253121389923, -0.08191671473238377, 0.16146787772313612, 0.3709339619867891, -0.04060382309912518, 0.3262757534736365, 0.47868507703138635, 0.717534636971734, 1.0, 0.37156450339715735, 0.5348293946492236, 0.26782207582764583, 0.3002259086611194, 0.292464129720308, 0.3145168308401206, 0.493946532494867, 0.3866586864747056, -0.07397713466906312, 0.1803043532955501, 0.39547303178581567, 0.4756585533334696, 0.12454298435914538, 0.4267712637181903, 0.30032368928115294, 0.10369352023584659, 0.0913465045068558, 0.010695457236554545, 0.05101767192528254], [-0.023075010738282064, 0.1897265646554775, 0.08052763087926092, 0.28695188881189376, 0.18615813637713802, 0.14667548383378934, 0.8008051486874812, 0.43395381448216946, 0.6810319597802871, 0.37156450339715735, 1.0, 0.6409719460371733, 0.21115406036741108, 0.31078793994042686, 0.0364235138500165, 0.3703813561546714, 0.41993232760054344, 0.592686891570771, 0.20168504998041062, -0.37954146444585724, 0.25859941163579964, 0.36745300525153923, 0.06350704580181535, -0.05128228552031238, 0.12580154101810934, -0.14800241945805734, 0.23933504284584367, 0.10673812551778886, 0.23969733624006107], [0.1718240140718711, 0.30412406092908467, -0.05625163799432643, 0.019549485653143215, 0.19369113468213353, 0.10348683416453326, 0.7914810284510893, 0.6350282776063607, 0.6951918780695857, 0.5348293946492236, 0.6409719460371733, 1.0, 0.48312006755290693, 0.6153005601352777, 0.3681753236798165, 0.4304938487047914, 0.5558774990440492, 0.5238553050180875, 0.10481473046531752, -0.3132596282806973, -0.003271537675631737, 0.4459384988707411, 0.07972040084626182, 0.08043496309983365, 0.1589678772026554, 0.024302554963787217, 0.14755980717533132, -0.11938110559337776, -0.11304635265459925], [0.013588542607979846, 0.427450504062021, 0.15360537658779838, -0.31250710243893587, 0.3668547442192771, 0.17546306923538013, 0.4773855473098265, 0.7525568350828769, 0.535906492847696, 0.26782207582764583, 0.21115406036741108, 0.48312006755290693, 1.0, 0.4340463127038301, -0.037029637356001815, 0.08352304693725177, 0.480513659241868, 0.10208004525734633, -0.017263387597582048, -0.19310286721712464, -0.1870450835204845, -0.19071794557673183, 0.05433977522095485, -0.048122888511787046, 0.3132328363174623, -0.2161002042009605, 0.24992490772899995, 0.13092249929954353, 0.08065935989967131], [0.12220383356827232, 0.34859970006504454, -0.07887086545259393, 0.04668732567758855, 0.22881817820378839, 0.3027202245041931, 0.46384383172082516, 0.48272086282104854, 0.3291408871630227, 0.3002259086611194, 0.31078793994042686, 0.6153005601352777, 0.4340463127038301, 1.0, 0.3450061437939302, 0.15540343207786522, 0.40449184631814283, 0.24577323519739547, 0.2753871028685323, -0.16614948927019982, 0.020517802035587982, 0.18390044485106258, -0.09371961444156811, 0.17426840838295787, 0.15638326971340968, -0.0944929671482983, 0.35700224954160237, -0.3487582937562762, -0.026229359388674118], [0.24787204533659973, -0.04218251658167265, -0.44378157044111666, 0.04006696528836948, -0.13347216641946905, -0.24400666421470493, 0.28274029633729447, 0.12170851372361736, 0.12113877193716527, 0.292464129720308, 0.0364235138500165, 0.3681753236798165, -0.037029637356001815, 0.3450061437939302, 1.0, 0.3976105870807882, -0.07585041349747577, 0.13124316713417894, 0.054660026377606565, 0.07228793749698018, -0.25991143713263876, 0.41344373593833034, -0.4537476321395848, -0.003998829786038115, -0.46577873641050777, -0.042672228722235646, 0.014698384665237737, -0.07135745104937369, -0.584256733044775], [-0.1975648578785278, 0.3620804146902878, 0.09176595997094285, -0.23718306246171897, -0.1980911613993044, -0.1298607509644643, 0.38826254762693363, 0.497720669449951, 0.42533963045328543, 0.3145168308401206, 0.3703813561546714, 0.4304938487047914, 0.08352304693725177, 0.15540343207786522, 0.3976105870807882, 1.0, -0.02057359650421349, 0.38091295642167655, 0.005928998492761677, -0.0552850290591163, -0.17709769153172109, 0.04478152974580108, 0.31784831740840175, -0.09452528084464575, -0.14865624899509058, -0.2469000172886487, 0.09155274183056565, -0.15154834843621304, 0.0050673983046803], [0.2626026702056477, 0.12152005035283656, 0.18488990787332996, 0.08332471239383651, 0.20063202242920158, 0.2573385011499836, 0.4809754216743485, 0.2931333335597366, 0.5274517655261427, 0.493946532494867, 0.41993232760054344, 0.5558774990440492, 0.480513659241868, 0.40449184631814283, -0.07585041349747577, -0.02057359650421349, 1.0, 0.3678782677700596, 0.15321354351481917, -0.20790199771148038, 0.3665487608680122, 0.25684453823680997, -0.08267902748597816, 0.0436655289470745, 0.21375075114012831, 0.08233514077666947, 0.25514970493382966, 0.2840548483903965, 0.2555909819800739], [0.21077243753275113, 0.11978462180254447, 0.2732127170848995, 0.2544578401753269, 0.04101187953844423, 0.46140896657940167, 0.41842673366110883, 0.38505371352958284, 0.408611461471734, 0.3866586864747056, 0.592686891570771, 0.5238553050180875, 0.10208004525734633, 0.24577323519739547, 0.13124316713417894, 0.38091295642167655, 0.3678782677700596, 1.0, 0.37668241038735556, -0.2681298836587325, 0.12851519212132, 0.31196211894138226, -0.012827598375794618, 0.23461994920890628, 0.1989479515891792, 0.21462619330310495, 0.2819448690900454, 0.34869491719408, 0.32797060547814055], [0.15428637337740217, 0.38569977721546833, 0.14797876061839652, -0.014153187915583428, 0.42594830088934044, 0.668094128086328, 0.0793481028004781, 0.11344856936910776, -0.09327713336936301, -0.07397713466906312, 0.20168504998041062, 0.10481473046531752, -0.017263387597582048, 0.2753871028685323, 0.054660026377606565, 0.005928998492761677, 0.15321354351481917, 0.37668241038735556, 1.0, 0.1501916561799932, 0.16428757044752437, 0.016563514841162186, -0.18870818871103467, 0.16928621653904188, 0.2744170236132791, -0.014460360897302847, 0.29276096389857087, 0.07705549159395517, 0.3253631286176811], [-0.2837545521251082, -0.07082354136205252, -0.13264528595729036, -0.09602947675276864, 0.4681856646318042, -0.07382885963076219, -0.45700776107944596, -0.1686343628607438, -0.03984605933827094, 0.1803043532955501, -0.37954146444585724, -0.3132596282806973, -0.19310286721712464, -0.16614948927019982, 0.07228793749698018, -0.0552850290591163, -0.20790199771148038, -0.2681298836587325, 0.1501916561799932, 1.0, 0.22959735554120123, -0.2916622729024078, 0.11407324666010245, 0.12464739306660956, 0.17768890834055048, 0.06910225272856227, -0.1313354661753501, -0.1266119579734633, 0.2347039774979936], [-0.19073278974757849, -0.06507721137643258, -0.10748966554916767, 0.17118581958346035, 0.39754450876426184, 0.13592347812093442, -0.05551654807281848, -0.08154266689328997, 0.2599349579365209, 0.39547303178581567, 0.25859941163579964, -0.003271537675631737, -0.1870450835204845, 0.020517802035587982, -0.25991143713263876, -0.17709769153172109, 0.3665487608680122, 0.12851519212132, 0.16428757044752437, 0.22959735554120123, 1.0, 0.28663541823557503, 0.11296682301187431, 0.21172879081679818, 0.39317369856812806, -0.11373392358683665, 0.008826625705558103, -0.029359296152593948, 0.5720335064498431], [0.5323545455635122, 0.02567933816831071, -0.12530971120654794, 0.4534671605998179, -0.07109126132193255, 0.04405284719037742, 0.32508576356073005, 0.014753581388135891, 0.16569327388059307, 0.4756585533334696, 0.36745300525153923, 0.4459384988707411, -0.19071794557673183, 0.18390044485106258, 0.41344373593833034, 0.04478152974580108, 0.25684453823680997, 0.31196211894138226, 0.016563514841162186, -0.2916622729024078, 0.28663541823557503, 1.0, -0.3536125556278948, 0.3544997272645774, 0.010210768399012199, 0.34438724360191947, -0.0952263194692157, 0.05233870639482402, -0.3184471262512669], [-0.5204707528761525, 0.28637491495492073, 0.16151718849811716, -0.34514487059927895, 0.13260367300662582, -0.23125625837194574, -0.02936217579385884, 0.293342359429905, 0.36770453313169826, 0.12454298435914538, 0.06350704580181535, 0.07972040084626182, 0.05433977522095485, -0.09371961444156811, -0.4537476321395848, 0.31784831740840175, -0.08267902748597816, -0.012827598375794618, -0.18870818871103467, 0.11407324666010245, 0.11296682301187431, -0.3536125556278948, 1.0, 0.19417171430037763, 0.42123646508906387, -0.15532560865722822, 0.03704814390758701, -0.25748660066485457, 0.3826156994109668], [0.22461044268624691, 0.3147021548106575, 0.06109464906803446, -0.02644615214336697, 0.2570333589649221, 0.15144711278130318, -0.13610540126232298, 0.13682799925366101, 0.06045895327291943, 0.4267712637181903, -0.05128228552031238, 0.08043496309983365, -0.048122888511787046, 0.17426840838295787, -0.003998829786038115, -0.09452528084464575, 0.0436655289470745, 0.23461994920890628, 0.16928621653904188, 0.12464739306660956, 0.21172879081679818, 0.3544997272645774, 0.19417171430037763, 1.0, 0.6429725768269972, 0.36367358948741807, -0.0463505770859487, 0.0710601362629199, 0.002158089205236269], [-0.05218495625280695, 0.510105309535526, 0.2606271030950483, -0.1378845467958841, 0.6514344879351597, 0.41334498759351396, -0.07493790013194432, 0.3049644223150149, 0.25448561404347536, 0.30032368928115294, 0.12580154101810934, 0.1589678772026554, 0.3132328363174623, 0.15638326971340968, -0.46577873641050777, -0.14865624899509058, 0.21375075114012831, 0.1989479515891792, 0.2744170236132791, 0.17768890834055048, 0.39317369856812806, 0.010210768399012199, 0.42123646508906387, 0.6429725768269972, 1.0, 0.18562220004942798, -0.11377225535152924, -0.052850353156329605, 0.5097484550507676], [0.5803024925163274, -0.14282038586520784, 0.11073087413706607, 0.42944781608916965, -0.08190535176708895, 0.07626432194120401, -0.2966489103119311, -0.3318381100632822, -0.1290606102128069, 0.10369352023584659, -0.14800241945805734, 0.024302554963787217, -0.2161002042009605, -0.0944929671482983, -0.042672228722235646, -0.2469000172886487, 0.08233514077666947, 0.21462619330310495, -0.014460360897302847, 0.06910225272856227, -0.11373392358683665, 0.34438724360191947, -0.15532560865722822, 0.36367358948741807, 0.18562220004942798, 1.0, -0.40088368340647, 0.2926182718083528, -0.03709133742076186], [-0.25469738638028167, 0.1365814027542863, 0.14092053334813942, -0.13837785763715313, 0.11006622612349813, 0.28461073628599687, 0.3979896414899692, 0.4926929394744267, 0.17213586549888668, 0.0913465045068558, 0.23933504284584367, 0.14755980717533132, 0.24992490772899995, 0.35700224954160237, 0.014698384665237737, 0.09155274183056565, 0.25514970493382966, 0.2819448690900454, 0.29276096389857087, -0.1313354661753501, 0.008826625705558103, -0.0952263194692157, 0.03704814390758701, -0.0463505770859487, -0.11377225535152924, -0.40088368340647, 1.0, 0.002362376083633774, 0.19683288242650976], [0.4336407065219786, -0.24008638358753429, 0.28865140116683674, 0.200670138425441, -0.16170658067551208, 0.03763635863219147, 0.06221710229959511, -0.08895757968384356, 0.12405121649423449, 0.010695457236554545, 0.10673812551778886, -0.11938110559337776, 0.13092249929954353, -0.3487582937562762, -0.07135745104937369, -0.15154834843621304, 0.2840548483903965, 0.34869491719408, 0.07705549159395517, -0.1266119579734633, -0.029359296152593948, 0.05233870639482402, -0.25748660066485457, 0.0710601362629199, -0.052850353156329605, 0.2926182718083528, 0.002362376083633774, 1.0, 0.1498161947389825], [-0.39856868893983977, 0.17118023554093503, 0.2670945476302235, -0.04010353931728345, 0.43728116095046987, 0.3704637982183189, -0.07901684856447644, 0.10335942467971543, 0.2475222062672363, 0.05101767192528254, 0.23969733624006107, -0.11304635265459925, 0.08065935989967131, -0.026229359388674118, -0.584256733044775, 0.0050673983046803, 0.2555909819800739, 0.32797060547814055, 0.3253631286176811, 0.2347039774979936, 0.5720335064498431, -0.3184471262512669, 0.3826156994109668, 0.002158089205236269, 0.5097484550507676, -0.03709133742076186, 0.19683288242650976, 0.1498161947389825, 1.0]]}, {"name": 1, "matrix": [[0.97, -0.08240916240133998, 0.36396742185457026, 0.6088127081248732, -0.3309074521847197, 0.31788074549466133, -0.02884421389546308, -0.15759878143949543, -0.1345811394959091, 0.08136823573388181, -0.02469026148996181, 0.16151457322755883, 0.014403855164458638, 0.13075810191805137, 0.25530820669669774, -0.1857109664058161, 0.2783588304179866, 0.19812609128078604, 0.14194346350721002, -0.2695668245188528, -0.20599141292738476, 0.5270310001078771, -0.5516989980487217, 0.20888771169820963, -0.05322865537786309, 0.5570903928156743, -0.23941554319746475, 0.42496789239153904, -0.370668880714051], [-0.07852193775976733, 1.4275649121001062, 0.6153254821474545, -0.28018129080250453, 0.2781526983701572, 0.08819090340574373, 0.20062084255503804, 0.5773358558389847, 0.4459770135369501, 0.5351683397663962, 0.12314774891660198, -0.023991194226836404, 0.28245805581810296, 0.33908059430911053, 0.2119989377637015, 0.5032114672031645, 0.22408661155633505, -0.005839495254302857, 0.2712778861560241, -0.24681284561114195, -0.06804392611954835, 0.13102009991389782, 0.3045874140579128, 0.37810672838843995, 0.5050042564401708, 0.004147704995787926, 0.002955567035453549, -0.23300750321392508, -0.10298046512532849], [0.33596992786575713, 0.3890265296880069, 0.5943028272052737, 0.1958618548459493, 0.2525842587813818, 0.5127649097081713, -0.2478347960561379, 0.4405784271997366, -0.21205561114122506, -0.15805584209830598, 0.29760924888615514, -0.1707654481414959, 0.15655263043427503, -0.1392067090547733, -0.6217689637291693, 0.04294007124688118, 0.07386751972844134, 0.035748990145057113, 0.1984670197068703, 0.15213422181011163, -0.3261933548102062, -0.22532336904244465, 0.465858286824516, -0.18075104931490346, 0.21256281654811454, 0.18647797853147027, -0.0368456687932214, 0.049915012871355885, 0.4569533605259931], [0.5637154704859937, -0.34237285026791386, 0.16683862114447312, 1.192122595578696, -0.29938872360739516, 0.347652308252572, -0.2065457071480214, -0.1944338461229784, 0.03630372361557283, 0.18284098354022685, 0.25049279437381905, 0.09869295204830773, -0.25264363027729403, -0.0159635338031964, -0.05691658718729057, -0.17400973745057607, 0.04646186411421195, 0.3788410018049283, -0.2725291705216804, 0.15260455916661725, 0.15289672714198546, 0.4956904051344002, -0.3187631328617194, 0.0067248723540807576, -0.07285488145012753, 0.39990390667895076, 0.009144356995336993, 0.1445868027759637, -0.03729629156507361], [-0.31199845491702144, 0.23961405649884593, 0.25121007945654567, -0.28763040084271096, 0.710873100131818, 0.628228839322892, 0.15574243676582505, 0.2302885857139529, 0.45470846073036253, 0.442682228186127, -0.0989431450753353, 0.3968123321569513, 0.28808596746613185, 0.1826038691377615, -0.047099367551754076, -0.2579241180181529, 0.0951647287173979, 0.07433170606463128, 0.5501384741369825, 0.10967358019361978, 0.5123365680710412, -0.07677856222768716, -0.04715324326178097, 0.38557949730317725, 0.5709165498052448, -0.18664216728377436, 0.15677331044585155, -0.12842551591711682, 0.31181995009169666], [0.3090507247864763, -0.07957181130215318, 0.4173107414538914, 0.4350604061000246, 0.4630509526631159, 1.2502037260277352, 0.040247817243077855, -0.14560367260895293, -0.47433657122053596, 0.003056132746388558, 0.3607270537529037, 0.24496316930849782, 0.05492417216977567, -0.014717323091391732, -0.30704888622303095, -0.15644704546168736, 0.541928022808962, 0.8210678088315303, 0.5568116677754227, -0.466778194570767, -0.0022998608382301666, 0.13515944241546765, -0.11701630791615686, 0.22034666242283452, 0.5482759653551947, -0.2810805627799643, 0.02724863960568885, 0.20072131737705468, 0.42986893655695774], [-0.026825118922780666, 0.20338621835413095, -0.2364912485693873, -0.12461310676213508, 0.1505960592044871, 0.16496615897324018, 1.005244129544237, 0.48501715099293163, 0.5446844445199948, 0.04422873718394338, 0.7108689023181209, 0.8844629575989567, 0.6180992801288373, 0.4687221695631212, 0.2601210726303109, 0.21469963973532674, 0.37083532567893773, 0.26715044142620065, 0.08790573641043137, -0.46027441655555934, 0.029740881369427555, 0.2426851611221874, -0.059065456161382965, -0.2789737701283066, -0.24450620004485113, -0.31695954812055543, 0.3820700558303704, 0.11454537844306695, -0.08138735402141073], [-0.17237366719944813, 0.7517681023291201, 0.34199420304329164, -0.34176795209280125, 0.03121799945972098, -0.11235134474514291, 0.5893075933858777, 1.3345148446827637, 1.0836154572616163, 0.5083202787239585, 0.47300965778556475, 0.5612980212737336, 0.8202869502403358, 0.6272579145391821, 0.3314203002011277, 0.6122578234755609, 0.024841743638192637, 0.3489046424028505, 0.06647311826989746, 0.08717961983884001, 0.14193259648542333, 0.024631981952326597, 0.12261566361931006, -0.04948373570882025, 0.2775176243066636, -0.29215132928384385, 0.517327586448148, -0.03069811008493381, 0.00840874825557543], [-0.1389224665764223, 0.5788556651913614, 0.05216484199432287, 0.048666832045303914, 0.4898413217532559, -0.5220837192280584, 0.5799531154331083, 0.6683130079700388, 1.231680936541578, 0.8127948006758218, 0.7698914059217452, 0.549551085443929, 0.4056019015898753, 0.30521608016294416, 0.10872519610659936, 0.48461093043378517, 0.9785140889598116, 0.3800312712261322, -0.2162310752860188, 0.034488672284826855, -0.07487022673577001, 0.17563487031342867, 0.6818665857971935, 0.13199356835351558, 0.2875217839155557, -0.2769805573187991, -0.04381126877443739, 0.12094393086014066, 0.6135993690867989], [0.08215821860508454, 0.33386576643570276, -0.29719667053083393, 0.11548403547309567, 0.5483641165912857, -0.013609814115516055, 0.16240386166857967, 0.49567562551717853, 0.9769004697296623, 0.9515405592680869, 0.22169067889984662, 0.7301467594104546, 0.2949232361648624, 0.21563786509913768, 0.26264182912492295, 0.5482911766746125, 0.4162730311985686, 0.4422452809629032, -0.06658312709637412, 0.21840675547171426, 0.17660023072420886, 0.47850893682405293, 0.13785113225396953, 0.36562427836919686, 0.2354308789629332, 0.21804397221538901, 0.05685488085439773, 0.02232671223828714, 0.04642608145200711], [-0.02145975998660232, 0.1602399894513605, 0.3319227839429739, 0.3681739125182499, -0.014409548994039983, 0.2908064869075212, 0.6107244717929081, 0.38511822192505885, 0.7160966447941497, 0.2970141241093874, 0.9049206717166498, 0.682121640601246, 0.33315162688124733, 0.16287637438548686, 0.37942078392169865, 0.34259841000062063, 0.10194632797892955, 0.8982765695495631, -0.024918084691523568, -0.45429056891016617, 0.2647028149328126, 0.33066990117444633, -0.00033737968256877804, 0.07335817724260428, 0.22611112436592348, -0.3651154304226423, 0.42962791952439905, -0.12239357047573096, 0.06046171072855891], [0.16666929364971494, -0.03466503605447757, -0.1040110125448771, 0.031798111080893296, 0.4484755924274264, 0.20041973297604432, 0.6957539389817493, 0.42717625998596603, 0.36017571073246896, 0.6081937651294033, 0.5825959712641933, 1.2878286548239306, 0.4467960527870466, 0.381212913161829, 0.22881796770589005, 0.45051961895275433, 0.7031598052448546, 0.3496485346413104, 0.062252427669962654, -0.4705368407753273, -0.1464265592676759, 0.49595136433329856, 0.14986229603737727, 0.251142208954408, -0.0007675517170808999, 0.10239893544206236, -0.042426560162653656, 0.01207136568606941, 0.057405476324467616], [0.013316771755820248, 0.31226601672338805, 0.19117055448031905, -0.1644109575470259, 0.3420493045841312, 0.0933137991188362, 0.5033002600807778, 0.684826719925418, 0.2992767148897432, 0.2863118562783495, 0.29107807764085253, 0.4679236190108942, 0.9521598752346035, 0.5803579970242996, -0.03406726636752167, -0.05239681245433267, 0.46861724065453997, 0.2925559704054421, -0.085531544297155, -0.28230031745311623, -0.10656020612584316, -0.1773676893863606, 0.04203354371327572, -0.01749274247422425, 0.5014887813383742, -0.2570077662729107, 0.09092610599312576, 0.3491538817377071, 0.08065935989967131], [0.11364956521849326, 0.3537486692324847, 0.045160723256602725, 0.026325367360275173, 0.0599085738843472, 0.1569461007660186, 0.5166329581384833, 0.49974667296210085, 0.37977093770811815, 0.09033548879324613, 0.0015876484578127015, 0.517488205077519, 0.6194221651676444, 1.349270715138527, 0.5601090334928985, 0.16027435415266472, 0.07849134564325402, 0.14528736135110543, 0.223596841693456, 0.13813937743610105, 0.4523765329770524, 0.32623660961024137, -0.2543445205201371, 0.0854557246314267, 0.07263271816435518, 0.033333519119778846, 0.859068763573152, -0.282685948847311, -0.3072954570281545], [0.23795716352313573, -0.030980416484332203, -0.6053253073672678, 0.016922918714884626, 0.02937984884972708, -0.41789366435555464, 0.25729366966693795, 0.3708700743782599, 0.11235935926471433, 0.1981152919087423, 0.40139335968516726, 0.1958470260673137, -0.033326673620401634, 0.3851496710036408, 1.0118877754222866, 0.34570359331181094, 0.005573758637319057, -0.0608576221954954, 0.055753226905158694, 0.41089662354739176, -0.5295319029112666, 0.28525337744842794, -0.10293476950000535, -0.07984187892766685, -0.479752098502823, 0.12185475268083178, -0.01660260207364603, -0.1488200729745935, -0.4201168462545861], [-0.2054674521936689, 0.5705816366233093, 0.16202522015106827, -0.18965010532074522, -0.3191795606485729, -0.32015508036049356, 0.3005552726909866, 0.5042509954706222, 0.5431455683263909, 0.4003434813879959, 0.2955732501531424, 0.30546976251206936, 0.03681377125700105, 0.13737963085937838, 0.35483775594224537, 1.124089575798274, 0.1424827324292828, 0.4442680654667594, -0.11235362580728898, 0.04378453885296288, -0.22991125697149012, 0.08281617773374059, 0.3328231965815478, -0.002196424326083281, -0.13580472345099806, -0.3537129914248659, -0.00813292057850671, -0.1530104936705031, 0.005371442202961118], [0.286236910524156, 0.019937111252555068, 0.5251013110408754, 0.06151030605168665, 0.0633922434542783, 0.6606735183101201, 0.3945814398940992, 0.14347819278003549, 0.6389338789328199, 0.46104587305441924, 0.3002652782513342, 0.7241716960056285, 0.4604181675503013, 0.11033384712757638, 0.13722434723825772, 0.11417512979930168, 0.8024150517829873, 0.5901883005643032, 0.34828400545578353, -0.32672465986043275, 0.5299807597247875, 0.24913920208970566, -0.21930455833395657, -0.060258241072826665, 0.13863008389773157, -0.056436280168634, 0.41822243085908484, 0.04539137701953139, -0.042317310022464666], [0.22552650816004371, -0.07621330236706636, 0.0465293999733683, 0.4193321862872184, 0.20245837526999164, 0.664988941900315, 0.31265743085817166, 0.09201060738042854, 0.29137786177321356, 0.40368749217958416, 0.7713802715833582, 0.5077758314496059, 0.1586931070612609, -0.21553210656394767, 0.12074371376344463, 0.4195776173232809, 0.594205377382788, 1.2129952724084447, 0.19943776178767733, -0.20775999476470353, -0.2070482096565948, 0.33268297340387265, 0.07208828642649123, 0.2445175707113926, 0.37199509557954624, 0.061060437452986116, 0.23807083280477048, 0.28010999861484503, 0.41056236416846137], [0.14657205470853205, 0.19776686059074539, 0.27567919594576495, -0.09381235985851905, 0.6697365813808644, 0.6226536026467254, 0.09698555166930573, 0.047523335495056634, -0.17186155118476698, -0.04259282593074018, 0.14768828474784135, 0.1135700667512102, -0.08294203615751769, 0.23069682956181642, 0.050833824531174104, -0.07696844098778664, 0.2189990868643027, 0.1903529708053716, 1.0282086654873386, 0.07237467296751515, 0.1643087167848636, -0.08748276008608687, -0.34574963083858923, 0.29698020707681017, 0.22782754191835516, 0.11638131674716172, 0.22543433501683574, 0.025786817858064262, 0.3546458101932724], [-0.2951047342101125, -0.04577436950323857, 0.13280115678685905, 0.14902524270330436, 0.37598208859186355, -0.3073010387954572, -0.2923399278547068, -0.0592091182458008, 0.1520162800994845, 0.20241221513807253, -0.5524862805277203, -0.4001302494477345, -0.3655485919369883, 0.13029278955999052, 0.1483416709115331, -0.045293482397813375, -0.48560387059300497, -0.29470700117936255, 0.10873285730390123, 0.8442638099330467, 0.6861662453203448, -0.22477053370730982, 0.005256982482070252, -0.016008354885310022, 0.37655790209658324, 0.036614078713594074, -0.0344064345960895, 0.1336035794291145, 0.18824201652323896], [-0.20789874082486057, 0.2816173215272258, -0.33207972143106274, 0.04739429611226349, 0.41127793010626346, 0.21818636606991137, 0.1144431453309454, -0.04860021281885692, 0.148269929991593, 0.15514679702400302, 0.1904871870580861, -0.01294765804191836, -0.12526471447789161, 0.4978181834944687, -0.40584438929067174, -0.2025204655876513, 0.342002692866345, -0.21218881734144762, 0.1870984473609797, 0.4078772040705285, 0.6930673310457, 0.3066998975120653, 0.17565334373529048, 0.008475712549567305, 0.3741059116762882, -0.03917651665738672, 0.19329467841577158, -0.010768318687280377, 0.7167320116281688], [0.5270310001078771, 0.08826749109962352, -0.17396218893179854, 0.4802799621311927, -0.06753669825583593, 0.16032708000187681, 0.227290339191106, 0.055909297295045186, 0.1723210048358168, 0.47914433750497004, 0.30376175619549073, 0.5063378259904423, -0.18499640720942986, 0.23151565863156276, 0.38684246849583176, 0.04932743690860583, 0.24657075670733755, 0.40185648243237015, -0.07121473563938618, -0.2937330309577937, 0.2665709389590848, 0.9783025121959338, -0.3796756483552573, 0.35013015045358864, 0.010414983766992443, 0.36358123267718323, -0.16990414459449515, 0.05390886758666874, -0.3439228963513683], [-0.5308801679336755, 0.12143315486715026, 0.6001628492055577, -0.43875157648707946, -0.1822131061352532, -0.2167115361967607, -0.06392446001208767, 0.22096609965910108, 0.7575323413084316, 0.12253946967097812, 0.03443425310576584, 0.22922525664561372, 0.0042199704789597295, -0.27648872992217044, -0.3362875995724064, 0.33965861519490465, -0.3246721918823655, 0.022323963396152974, -0.2170538118269657, -0.19957675538199046, 0.11768290408492324, -0.38605299020713724, 0.7830890846895696, 0.3461000654682601, 0.42123646508906387, -0.5615524894705635, 0.20656231927315377, -0.32909478701731176, 0.371474384569198], [0.24033317367428422, 0.13531014764422739, -0.010255353652710873, -0.0009413874253921747, 0.5148283239834559, 0.36468154580667544, -0.2210475319693822, -0.11933371212143803, 0.04882896645916096, 0.33303084257415144, 0.05068980099857301, 0.3304632096492076, -0.04822034823605187, -0.2981804725235589, -0.08000183211910837, 0.17682853225551493, 0.01758305675490747, 0.2778564101355905, 0.17357107041437694, -0.06502706270338333, 0.004204641085181614, 0.38568210560694094, 0.4559262509368216, 1.100017952209627, 0.5605291583098406, 0.18938602918153233, -0.13415002173230317, 0.03215993141138944, 0.16036908509676792], [-0.0547942040654473, 0.49675709755709835, 0.24907471526501368, -0.07009719051420985, 0.5148392899046246, 0.4508416566693476, -0.09681836104997787, 0.3019147780918648, 0.29261149619642524, 0.2994112714965641, 0.2402361602749047, 0.07430554136947155, 0.34357384470776364, -0.03306849264616357, -0.46577873641050777, -0.12489193485296987, 0.1448750413322981, 0.41518985451145096, 0.19631564344232819, 0.22687001391456735, 0.36290159875581096, 0.009496014611081346, 0.3974159484461295, 0.6133481953985216, 1.1318594853651363, 0.09993528081806549, -0.1008066552893891, -0.13134209585613205, 0.5097484550507676], [0.528075268189858, -0.1852688016635037, 0.5636056153336246, 0.3195277976091841, -0.0638025032789998, 0.002726578788892195, -0.3175344597288303, -0.16413928685479653, -0.04274733363716357, 0.16020449443821105, -0.31734251369117555, 0.03864146305741675, -0.22485427886483728, 0.08134827833189329, 0.04044470655374278, -0.3210364626430237, 0.015103878836092377, -0.12729821672407002, -0.0412347257059726, 0.27793634707051074, 0.11178729170544852, 0.47688516094165256, -0.36803858848613946, 0.24556256784232638, 0.16860806930081945, 1.2376466690067447, -0.41874845730275945, 0.29957048965446, -0.0817576603908223], [-0.26997922956309856, 0.41784434518429225, 0.04728781799134252, -0.16081089098080578, 0.0843717056841301, 0.17861490413917852, 0.39854247082889926, 0.5210943690677828, -0.1317529400931114, 0.0843497249739112, 0.6891920356634356, 0.008333962518610225, 0.18417137678615786, 0.5304404327573489, -0.19661837863437265, -0.0670294835159402, 0.3716336032104166, 0.27466958768321825, 0.25697076776069633, -0.01731988911169488, 0.08370686532049323, -0.09617858266390786, 0.3070462114112688, -0.18545785429486722, -0.011207362647594463, -0.12362506263252859, 0.6070069020645115, 0.03795416212285145, 0.2760334805012886], [0.4423135206524182, -0.2448598660800769, 0.25523011652170075, 0.12185159669415992, -0.13506978486779728, 0.2820874679403551, 0.14578550390248504, -0.00629769510220303, 0.0846199160942803, -0.18155787565116563, -0.0812157433913534, 0.010761354646111485, 0.1646043457038687, -0.2665385005243044, -0.10625431679424657, -0.16082970295631965, 0.15194064452739608, 0.3451418371964599, 0.013560481924141776, -0.0173783929781622, 0.09138257133577095, 0.09294558650969341, -0.40382250290755956, 0.07470618089022803, -0.1096950280600208, 0.3127484474484711, 0.1556406735890975, 1.18933917286398, 0.13633273721247408], [-0.41052574960803495, -0.06928476060219263, 0.5285790361065552, -0.042509751676320456, 0.33015121334142983, 0.7266764105439723, -0.0711151637080288, 0.03594792912329983, 0.3588268354584807, 0.055099085679305146, 0.2262040499645482, 0.2521663243421861, 0.0798527663006746, -0.29972743207507524, -0.3216489323387106, 0.00456065847421227, 0.041030668967730305, 0.5127234305836913, 0.29282681575591296, -0.005892104116125008, 0.8162788927801625, -0.33755395382634296, 0.3599116245517289, 0.1309473084026948, 0.5250409087022907, -0.08435405401027565, 0.515395850170257, 0.1438235469494232, 0.740799376173018]]}, {"name": 2, "matrix": [[1.357685424986606, 0.29392044597726985, 0.6802267093329692, 0.6168992402992646, -0.08372936704581332, 0.6271484555730527, 0.22186642871317808, -0.10218556043103741, 0.07841288044679307, 0.2633319209068081, 0.23847324487431432, 0.31813407091513635, 0.214862151831476, 0.49381266372112964, 0.6404277627323682, 0.09643787127129813, 0.6386385866671447, 0.25496989880170456, 0.3685823196014895, -0.09843508203602239, 0.2096951585463844, 0.6599487910186355, -0.18709236127231132, 0.5499683144750932, 0.03672390513836518, 0.9763735104553706, -0.22281173259509812, 0.7082802458551677, -0.21211506407425607], [0.17844684288910795, 1.476462764876327, 0.1880200354656102, -0.5649886244870942, 0.3763835183086302, 0.3073712026344788, 0.42715843310091095, 0.7242343549922892, 0.5219082015210668, 0.15262703722865037, -0.14516517112996907, 0.029739953501537866, 0.41357646385840824, 0.6747155419020409, 0.08756015822772001, 0.4254615395316204, 0.011261053270174598, -0.11819714028091854, 0.3289808318107228, 0.1667946578655698, 0.23092194827726806, 0.008851785492943798, 0.13828407207415527, 0.2872914304252602, 0.6345488125652825, -0.02587978257900675, 0.17035339601405544, -0.12948774655846948, 0.1954914893740758], [0.709639539672658, 0.21832581023034614, 0.9045183297870548, 0.3568033540808267, -0.03884599773408656, 0.3304738035293008, 0.15455284859795776, 0.3600213926609561, -0.18178351271466575, -0.09675401193172611, 0.30764513405426236, -0.09628575420305953, 0.14586500298401567, -0.08251457077781546, -0.3479641054191221, 0.11484610780649462, 0.34476934372771306, 0.20263299028744947, 0.4260669132192355, -0.2646361348709214, -0.3982447127145585, 0.14794523059259315, 0.2766731566452501, -0.2592869225135518, 0.5360976124136737, 0.1641814110052363, -0.13316376573595728, 0.38224715000140996, 0.34421922176117487], [0.5887134667749649, -0.5732277927643367, 0.46067619676025345, 0.9861882008459002, 0.06318136747152145, 0.2824952084864426, 0.16623292142641644, -0.1526328415179062, 0.2770676896378397, 0.29770923379858805, 0.41013254885325706, -0.046568333931898485, 0.12425647270119228, -0.2512592752863811, 0.4530488823874355, -0.37981579849704983, 0.5122954046987782, 0.22254033749176924, 0.12423859345282975, -0.2448357662279539, 0.18952424741772467, 0.4758436486593033, -0.3481829025034388, -0.01626384768501614, 0.13849035822448924, 0.4341552770016926, 0.17997408631592227, 0.05221776578988549, 0.24439245394471], [0.07504606490730512, 0.18128738074639378, -0.05167321780170926, -0.06431540686997342, 1.081700357898158, 0.2944568903790587, 0.125527457587825, 0.19423501822163017, 0.15232649071699061, 0.5251540263151425, 0.02850939750662164, 0.20517457915700693, 0.5602043334017084, 0.17462167770413867, 0.17993158038595705, -0.10538863892812855, -0.07482436200255652, 0.1240088785241433, 0.6155147552296076, 0.30874084932349194, 0.46302548483885453, 0.13643283442716425, -0.1279389035186554, 0.5465688036826769, 0.6283486825765395, -0.3961464322461404, 0.19805222704647965, -0.22202186835041363, 0.09126306813093538], [0.5282484916966355, 0.30305941182708623, 0.11735126712288585, 0.3954269972140897, 0.42934110375826595, 0.9861212814771733, 0.23279496909068922, 0.09271839556499864, -0.6073688350616728, -0.25394406342055237, 0.3505509632235274, 0.29513568398073564, 0.08114547109499239, 0.31267044410372546, -0.11108298902973107, -0.19757489786957405, 0.37375726218825756, 0.7120741817414546, 1.0298810585563636, -0.2230332300102373, -0.12554864970236368, 0.21862736953808987, -0.20477014961686785, 0.42506686113833414, 0.45302426002608986, 0.20810607776012113, -0.13581584663662932, -0.07376149510983027, 0.6317499787693172], [0.07881636129583566, 0.4150117688229031, 0.035622509546590145, 0.09095354081085444, 0.3340363073579052, 0.0734078410132202, 1.135953130429758, 0.9540693370894567, 0.8158014912857849, 0.29294075769511946, 0.6115168969251104, 0.8436737165213045, 0.5635365917380302, 0.5912219102879119, 0.4227604636651443, 0.6728610844264975, 0.7264647650709359, 0.5530107282146721, 0.11628514450864881, -0.24501334374859293, 0.228273256695388, 0.5083859091577946, 0.2154927947679058, -0.14880001314793545, 0.20838801500840268, -0.16805441425350484, 0.6808709913904433, 0.2669168309475237, -0.038523636295371144], [-0.001002602272651254, 0.6136825979955098, 0.20866159666656087, -0.4322250171163413, 0.19311861629817226, 0.17010363146099444, 0.8957882725756429, 1.2280574161354958, 0.744963655067157, 0.2828152522482426, 0.2933085131792884, 0.7287627965736831, 0.9066890368400489, 1.02960203388013, 0.2943255397577809, 0.33856553404885115, 0.3017310251444602, 0.40153651167035914, 0.27058577510298454, 0.04481352549754222, 0.00041250631214930986, -0.06212529138909437, 0.12248454170035303, 0.27728894158187345, 0.5733881616945061, 0.12500830186942435, 0.657517083585156, -0.21545555674046174, -0.10360044296684875], [-0.024010746756992246, 0.4835706783728609, -0.3788588779446041, 0.20307835574118888, 0.28163042218582884, -0.39334907824360943, 0.8729427384808888, 0.8708443999359867, 0.7149810005