{"stateborders": [9, 19, 33, 41, 54, 64], "times": [{"name": 0, "matrix": [[1.0, 0.4072096001969365, 0.8912338235045343, 0.37196459433918877, 0.3118427021722653, 0.7163676365843975, 0.18580275152846923, -0.21224837525257081, -0.1495901013153951, -0.514785234399606, -0.41354739229581794, 0.5477850480797323, -0.02974771939475352, 0.18117728499369187, 0.22702859421576924, 0.14995207613536007, 0.1834094507924942, 0.6016048099372753, 0.38259246107356787, 0.13354254404910046, 0.6004820125649485, 0.5385680079189568, -0.12819168945056378, 0.18309119217693975, 0.15381724616289144, 0.5916192341785821, -0.09002902416121823, 0.39725185269830604, -0.03639605585987364], [0.4072096001969365, 1.0, 0.3542916219721881, 0.4316131987878768, 0.18845152365205325, 0.4487232392771256, 0.2926541251243652, 0.14017352434554783, -0.026527793075277993, -0.2780491131064642, -0.17447220984556133, 0.41521628359716994, 0.25211060886512876, -0.10145987622721102, 0.4309228695208091, 0.15178645236400318, 0.15624394877895276, 0.5249107959948915, 0.18493209368220315, 0.09226109075554137, 0.30414163536097644, 0.47433531266179185, -0.25978717220957076, 0.16410469200474168, 0.04758533248809007, 0.344060854074366, 0.031432395284911464, 0.2104215621286553, -0.03279326644811773], [0.8912338235045343, 0.3542916219721881, 1.0, 0.48424082733382817, 0.2244930022100294, 0.7162268070567551, 0.06206866488655696, -0.2800859012892501, -0.37841703839955926, -0.4813771689918453, -0.5221229102129671, 0.44414720576105543, -0.1238907988236454, 0.05734893970489777, 0.15316116722833417, 0.14983989087947655, 0.002512511778632335, 0.5872768310108426, 0.3674174966949533, 0.1927479838405642, 0.6585559832383392, 0.5353668311600788, -0.19216107722936482, -0.0469169522057887, 0.013088912646827055, 0.6161024480905442, -0.01430315510941347, 0.297349318866739, 0.07044945067339224], [0.37196459433918877, 0.4316131987878768, 0.48424082733382817, 1.0, 0.06879991964555224, 0.4715122736837288, -0.28498628891308353, -0.30778425802591464, -0.34328990635899537, -0.30028485245155856, -0.532854604863151, -0.11247313166420493, -0.15308802325772458, -0.23288083404551, -0.03551916838335872, 0.2445092101243348, -0.31641991884911946, 0.17375679628098092, 0.13662153808005398, -0.05462566745607806, 0.2933007868884078, 0.4435594826191381, 0.12089023826751683, -0.3308057330433846, -0.22392059197335373, 0.5945616054488654, 0.5036062236656575, 0.43247472299946665, 0.25932228930241386], [0.3118427021722653, 0.18845152365205325, 0.2244930022100294, 0.06879991964555224, 1.0, 0.10515590139404377, -0.03263968416214573, -0.08537936633667965, -0.15404730969037908, -0.3586724114436093, -0.21344159203514135, 0.07055125280049364, -0.15670547032745213, 0.041867798160630305, -0.03774585737745159, -0.009823323269726476, -0.19791902563965907, 0.07067022681740301, 0.0056927400697472956, -0.0029672475869165008, 0.6328471787562678, -0.11273860854723715, 0.18103842935840977, -0.1190848705178568, 0.302532163422289, 0.19117657746474717, 0.3800559181269765, 0.10126178856181169, 0.4304495538678124], [0.7163676365843975, 0.4487232392771256, 0.7162268070567551, 0.4715122736837288, 0.10515590139404377, 1.0, -0.22730252906873624, -0.4287550581829137, -0.2550135872534717, -0.741104061003276, -0.7657835548836277, 0.3740442627373711, -0.07018808810202297, 0.11257328809899536, 0.09027332551642535, 0.2906747088264475, 0.019898848300375246, 0.6162613828214365, 0.6523627371722881, 0.19696601887570878, 0.3974550906270881, 0.5153808701116704, -0.2893030675034259, -0.08976792455304075, 0.09625927433791578, 0.366987082243498, -0.060043097926755044, 0.46003681988335876, -0.09241020270511555], [0.18580275152846923, 0.2926541251243652, 0.06206866488655696, -0.28498628891308353, -0.03263968416214573, -0.22730252906873624, 1.0, 0.6227311915891576, 0.11065853514555421, 0.28700743144732965, 0.5698780063969443, 0.6824701146263538, 0.42214324735495456, 0.1529785310630264, 0.35213989178918603, 0.011780792855570307, 0.41309081229119904, 0.3980196341117763, 0.13237012129240097, 0.18811645978180397, -0.04614658689880107, -0.02152794611381975, -0.14647244326224834, 0.6544896579924503, -0.25368482426364175, 0.16014134945741915, -0.5193688760883287, -0.41439968865733423, -0.33139200297281796], [-0.21224837525257081, 0.14017352434554783, -0.2800859012892501, -0.30778425802591464, -0.08537936633667965, -0.4287550581829137, 0.6227311915891576, 1.0, 0.24983413920599706, 0.37743019593568766, 0.6473780776578157, 0.3137883012207515, 0.6372281407391115, 0.2381438980030673, 0.3088803124940039, 0.03872014221839299, -0.05564854610123892, 0.05402144802080654, -0.17506787413584135, 0.1332690402612522, -0.2641139283905604, -0.42863269679104016, -0.07161819374121618, 0.4809903149516091, -0.16938556655531828, -0.2298313040657506, -0.35184652855856413, -0.25363012707481875, -0.4071841091967801], [-0.1495901013153951, -0.026527793075277993, -0.37841703839955926, -0.34328990635899537, -0.15404730969037908, -0.2550135872534717, 0.11065853514555421, 0.24983413920599706, 1.0, 0.3898949990149114, 0.3176786078909496, -0.043776858980567164, -0.014811214133424662, 0.5961341922425799, 0.3906933654301627, -0.015476210205464866, 0.5377764140894876, -0.22429319444292445, -0.2368916979145425, -0.003315465970262449, -0.32878881248118186, -0.1614227910723056, 0.5020165443647124, 0.3823685087454192, 0.42003857700979585, -0.35356869884782266, -0.02479721517393592, 0.26927475591748967, 0.04363106315251158], [-0.514785234399606, -0.2780491131064642, -0.4813771689918453, -0.30028485245155856, -0.3586724114436093, -0.741104061003276, 0.28700743144732965, 0.37743019593568766, 0.3898949990149114, 1.0, 0.5844126714158758, -0.20458508022362776, 0.13739074782803856, 0.012562192292362028, 0.28889089078541047, -0.018485897433069623, 0.28443246222287566, -0.44987381063158044, -0.4424277917476236, -0.054384340638401425, -0.47334859066274976, -0.34086782763040707, 0.16927853219863878, 0.061525816250580324, -0.32212036135951183, -0.42232319798888407, 0.00495106667975609, -0.27285272042366726, 0.1816804170818668], [-0.41354739229581794, -0.17447220984556133, -0.5221229102129671, -0.532854604863151, -0.21344159203514135, -0.7657835548836277, 0.5698780063969443, 0.6473780776578157, 0.3176786078909496, 0.5844126714158758, 1.0, 0.160816780401873, 0.3066576249193824, 0.0769742195418127, 0.10081099079154668, -0.3454455638777078, 0.13162063070952396, -0.25422291871630426, -0.47636433780859033, -0.26913384302705967, -0.5408876350753774, -0.20830662347019133, -0.02724794208046835, 0.5565530022270512, -0.15798146452165288, -0.23559005773997865, -0.31536221037802165, -0.4912047993511375, -0.27507657385599477], [0.5477850480797323, 0.41521628359716994, 0.44414720576105543, -0.11247313166420493, 0.07055125280049364, 0.3740442627373711, 0.6824701146263538, 0.3137883012207515, -0.043776858980567164, -0.20458508022362776, 0.160816780401873, 1.0, 0.19395293902345379, 0.34310175181160424, 0.34189916400688475, 0.0856675343577539, 0.2858282201648241, 0.581960924226898, 0.5042530393160414, 0.11516261817947097, 0.12084240185948718, 0.21593167908646418, -0.3407667085192882, 0.6102995442916913, -0.13349252762080532, 0.3073032175489121, -0.5782457193601109, -0.20205329909806463, -0.3488462358069678], [-0.02974771939475352, 0.25211060886512876, -0.1238907988236454, -0.15308802325772458, -0.15670547032745213, -0.07018808810202297, 0.42214324735495456, 0.6372281407391115, -0.014811214133424662, 0.13739074782803856, 0.3066576249193824, 0.19395293902345379, 1.0, -0.10464039363104129, 0.18965389652800674, 0.2918024031320154, -0.03115948875869894, 0.2687218092124683, 0.04944987543815492, 0.2922083223654356, -0.14486735756893576, -0.2260811388885308, -0.3998398738142146, 0.3447116192957185, -0.2697197384210477, -0.32590343016071394, -0.38044482333720164, -0.1417635728085521, -0.5825076704767673], [0.18117728499369187, -0.10145987622721102, 0.05734893970489777, -0.23288083404551, 0.041867798160630305, 0.11257328809899536, 0.1529785310630264, 0.2381438980030673, 0.5961341922425799, 0.012562192292362028, 0.0769742195418127, 0.34310175181160424, -0.10464039363104129, 1.0, 0.5088490891138218, 0.2813386787402473, 0.1855849888662954, 0.13388853983615268, 0.21259954740721795, 0.39350952893571783, -0.09458163551472198, -0.29286245907917147, 0.3060701858983404, 0.38642239312629734, 0.3413104009316338, -0.1704603121756039, -0.1632549761791378, 0.37475785224657565, -0.040659250436299504], [0.22702859421576924, 0.4309228695208091, 0.15316116722833417, -0.03551916838335872, -0.03774585737745159, 0.09027332551642535, 0.35213989178918603, 0.3088803124940039, 0.3906933654301627, 0.28889089078541047, 0.10081099079154668, 0.34189916400688475, 0.18965389652800674, 0.5088490891138218, 1.0, 0.49357162686663447, 0.23527029864977378, 0.3640809264047027, 0.005589793782615239, 0.4986286352237136, 0.11347458107759419, -0.02450292694929161, -0.14262345593297665, 0.3934215968329561, 0.11253098736194096, -0.07116992124333756, -0.1202452257676095, 0.4165385976543242, -0.023906382921023806], [0.14995207613536007, 0.15178645236400318, 0.14983989087947655, 0.2445092101243348, -0.009823323269726476, 0.2906747088264475, 0.011780792855570307, 0.03872014221839299, -0.015476210205464866, -0.018485897433069623, -0.3454455638777078, 0.0856675343577539, 0.2918024031320154, 0.2813386787402473, 0.49357162686663447, 1.0, -0.22275776128612748, 0.4031240738870676, 0.43700507799442995, 0.6548720671624719, 0.2573186599243828, -0.3292461925344195, 0.04169821737026651, 0.17263817562774275, 0.040074968158128235, -0.12062864035440801, -0.01761457276337193, 0.3342683106171042, 0.027244740088372927], [0.1834094507924942, 0.15624394877895276, 0.002512511778632335, -0.31641991884911946, -0.19791902563965907, 0.019898848300375246, 0.41309081229119904, -0.05564854610123892, 0.5377764140894876, 0.28443246222287566, 0.13162063070952396, 0.2858282201648241, -0.03115948875869894, 0.1855849888662954, 0.23527029864977378, -0.22275776128612748, 1.0, 0.11322758043134826, 0.17751499745155253, 0.033109106817977234, -0.19682440526435677, 0.2504125577950753, 0.11220971607805498, 0.21621652979115427, 0.10269486489589254, -0.039210285280127904, -0.3603898944545726, -0.03343624016509273, -0.07746240105927947], [0.6016048099372753, 0.5249107959948915, 0.5872768310108426, 0.17375679628098092, 0.07067022681740301, 0.6162613828214365, 0.3980196341117763, 0.05402144802080654, -0.22429319444292445, -0.44987381063158044, -0.25422291871630426, 0.581960924226898, 0.2687218092124683, 0.13388853983615268, 0.3640809264047027, 0.4031240738870676, 0.11322758043134826, 1.0, 0.6119428745141215, 0.45795356375819307, 0.3431406484524646, 0.3747561882145164, -0.3951856379847086, 0.3419020038270304, -0.01723987245653776, 0.43793853020650003, -0.3763210733080056, 0.0873220073025738, -0.26087788324235944], [0.38259246107356787, 0.18493209368220315, 0.3674174966949533, 0.13662153808005398, 0.0056927400697472956, 0.6523627371722881, 0.13237012129240097, -0.17506787413584135, -0.2368916979145425, -0.4424277917476236, -0.47636433780859033, 0.5042530393160414, 0.04944987543815492, 0.21259954740721795, 0.005589793782615239, 0.43700507799442995, 0.17751499745155253, 0.6119428745141215, 1.0, 0.3285460518536688, 0.12147419335673167, 0.06776204625077185, -0.08484008702340896, 0.011169671122133712, -0.11169036426668058, 0.17642156170940895, -0.3348461412144792, -0.04132708028516886, -0.16128796248995117], [0.13354254404910046, 0.09226109075554137, 0.1927479838405642, -0.05462566745607806, -0.0029672475869165008, 0.19696601887570878, 0.18811645978180397, 0.1332690402612522, -0.003315465970262449, -0.054384340638401425, -0.26913384302705967, 0.11516261817947097, 0.2922083223654356, 0.39350952893571783, 0.4986286352237136, 0.6548720671624719, 0.033109106817977234, 0.45795356375819307, 0.3285460518536688, 1.0, 0.27880935772450544, -0.41005067815672197, -0.1043373995399084, 0.13190236651972326, 0.14606788477737426, -0.12215939438681928, -0.3150406513840899, 0.32686242357144935, -0.24519987195618145], [0.6004820125649485, 0.30414163536097644, 0.6585559832383392, 0.2933007868884078, 0.6328471787562678, 0.3974550906270881, -0.04614658689880107, -0.2641139283905604, -0.32878881248118186, -0.47334859066274976, -0.5408876350753774, 0.12084240185948718, -0.14486735756893576, -0.09458163551472198, 0.11347458107759419, 0.2573186599243828, -0.19682440526435677, 0.3431406484524646, 0.12147419335673167, 0.27880935772450544, 1.0, 0.10813781438987513, 0.06905639776609729, -0.12281063136672674, 0.29971176141480144, 0.4615867599724083, 0.26087424386753316, 0.23026694702965014, 0.2813206879605878], [0.5385680079189568, 0.47433531266179185, 0.5353668311600788, 0.4435594826191381, -0.11273860854723715, 0.5153808701116704, -0.02152794611381975, -0.42863269679104016, -0.1614227910723056, -0.34086782763040707, -0.20830662347019133, 0.21593167908646418, -0.2260811388885308, -0.29286245907917147, -0.02450292694929161, -0.3292461925344195, 0.2504125577950753, 0.3747561882145164, 0.06776204625077185, -0.41005067815672197, 0.10813781438987513, 1.0, -0.29143855259700197, -0.02788005369882235, -0.09456471566246161, 0.5869102828692001, 0.10257513144316081, 0.13900165059815933, 0.05472374138907286], [-0.12819168945056378, -0.25978717220957076, -0.19216107722936482, 0.12089023826751683, 0.18103842935840977, -0.2893030675034259, -0.14647244326224834, -0.07161819374121618, 0.5020165443647124, 0.16927853219863878, -0.02724794208046835, -0.3407667085192882, -0.3998398738142146, 0.3060701858983404, -0.14262345593297665, 0.04169821737026651, 0.11220971607805498, -0.3951856379847086, -0.08484008702340896, -0.1043373995399084, 0.06905639776609729, -0.29143855259700197, 1.0, -0.09339414727519595, 0.34390230279311945, 0.05311313147727703, 0.4222474029018484, 0.14731932967615524, 0.4454926671410468], [0.18309119217693975, 0.16410469200474168, -0.0469169522057887, -0.3308057330433846, -0.1190848705178568, -0.08976792455304075, 0.6544896579924503, 0.4809903149516091, 0.3823685087454192, 0.061525816250580324, 0.5565530022270512, 0.6102995442916913, 0.3447116192957185, 0.38642239312629734, 0.3934215968329561, 0.17263817562774275, 0.21621652979115427, 0.3419020038270304, 0.011169671122133712, 0.13190236651972326, -0.12281063136672674, -0.02788005369882235, -0.09339414727519595, 1.0, 0.1523696301566955, 0.04928515652874617, -0.5984956015196096, -0.0722330036038449, -0.4932610854818042], [0.15381724616289144, 0.04758533248809007, 0.013088912646827055, -0.22392059197335373, 0.302532163422289, 0.09625927433791578, -0.25368482426364175, -0.16938556655531828, 0.42003857700979585, -0.32212036135951183, -0.15798146452165288, -0.13349252762080532, -0.2697197384210477, 0.3413104009316338, 0.11253098736194096, 0.040074968158128235, 0.10269486489589254, -0.01723987245653776, -0.11169036426668058, 0.14606788477737426, 0.29971176141480144, -0.09456471566246161, 0.34390230279311945, 0.1523696301566955, 1.0, -0.13927684094884307, -0.01377138993462135, 0.4474891731702274, 0.11753429315630252], [0.5916192341785821, 0.344060854074366, 0.6161024480905442, 0.5945616054488654, 0.19117657746474717, 0.366987082243498, 0.16014134945741915, -0.2298313040657506, -0.35356869884782266, -0.42232319798888407, -0.23559005773997865, 0.3073032175489121, -0.32590343016071394, -0.1704603121756039, -0.07116992124333756, -0.12062864035440801, -0.039210285280127904, 0.43793853020650003, 0.17642156170940895, -0.12215939438681928, 0.4615867599724083, 0.5869102828692001, 0.05311313147727703, 0.04928515652874617, -0.13927684094884307, 1.0, 0.1065517476277231, 0.07230363811373457, 0.04771841230180508], [-0.09002902416121823, 0.031432395284911464, -0.01430315510941347, 0.5036062236656575, 0.3800559181269765, -0.060043097926755044, -0.5193688760883287, -0.35184652855856413, -0.02479721517393592, 0.00495106667975609, -0.31536221037802165, -0.5782457193601109, -0.38044482333720164, -0.1632549761791378, -0.1202452257676095, -0.01761457276337193, -0.3603898944545726, -0.3763210733080056, -0.3348461412144792, -0.3150406513840899, 0.26087424386753316, 0.10257513144316081, 0.4222474029018484, -0.5984956015196096, -0.01377138993462135, 0.1065517476277231, 1.0, 0.24220290254602042, 0.7703005899891304], [0.39725185269830604, 0.2104215621286553, 0.297349318866739, 0.43247472299946665, 0.10126178856181169, 0.46003681988335876, -0.41439968865733423, -0.25363012707481875, 0.26927475591748967, -0.27285272042366726, -0.4912047993511375, -0.20205329909806463, -0.1417635728085521, 0.37475785224657565, 0.4165385976543242, 0.3342683106171042, -0.03343624016509273, 0.0873220073025738, -0.04132708028516886, 0.32686242357144935, 0.23026694702965014, 0.13900165059815933, 0.14731932967615524, -0.0722330036038449, 0.4474891731702274, 0.07230363811373457, 0.24220290254602042, 1.0, 0.035541292253195904], [-0.03639605585987364, -0.03279326644811773, 0.07044945067339224, 0.25932228930241386, 0.4304495538678124, -0.09241020270511555, -0.33139200297281796, -0.4071841091967801, 0.04363106315251158, 0.1816804170818668, -0.27507657385599477, -0.3488462358069678, -0.5825076704767673, -0.040659250436299504, -0.023906382921023806, 0.027244740088372927, -0.07746240105927947, -0.26087788324235944, -0.16128796248995117, -0.24519987195618145, 0.2813206879605878, 0.05472374138907286, 0.4454926671410468, -0.4932610854818042, 0.11753429315630252, 0.04771841230180508, 0.7703005899891304, 0.035541292253195904, 1.0]]}, {"name": 1, "matrix": [[1.06, 0.378704928183151, 0.8912338235045343, 0.3533663646222293, 0.31496112919398794, 0.7092039602185535, 0.17279655892147638, -0.19951347273741654, -0.16305321043378068, -0.5405244961195863, -0.4218183401417343, 0.5532628985605296, -0.03064015097659613, 0.17936551214375496, 0.22021773638929615, 0.15295111765806726, 0.16690260022116973, 0.6437171466328846, 0.38259246107356787, 0.12552999140615442, 0.5764627320623505, 0.5385680079189568, -0.11665443740001304, 0.19956939947286434, 0.15381724616289144, 0.5738706571532246, -0.08552757295315731, 0.36944422300942464, -0.03566813474267617], [0.40313750419496713, 1.2776854249866059, 0.7306464831904395, 0.426636812831336, -0.10478697027452108, 0.2371451208901463, 0.21694716807214645, 0.220413651435258, 0.3157610782862111, -0.11512707715290438, -0.2815317099249797, 0.13784916850125586, 0.126955271550947, -0.14463644102414908, 0.5874014995925375, 0.31360877860129377, -0.024937795295825294, 0.5529327824205805, 0.13171275497212848, -0.08322504141422066, 0.6387266976948842, 0.4541175636069194, -0.34588676812770014, -0.19320937522022197, 0.0815032141045903, 0.34723211781138497, 0.2072375287131494, 0.1836378149960622, -0.1825141021872975], [0.909058499974625, 0.6532953658716585, 0.5815987523460359, 0.3497543900688469, 0.5420515563532126, 0.626005409493333, -0.17365934087238638, -0.24858605491785327, -0.38270922567578564, -0.7495240827873063, -0.20598806777627365, 0.38982619887678777, -0.10799015041063463, 0.3079377934367458, -0.08451082966169027, 0.08473425699427276, -0.032475680319088346, 0.3154805821683555, 0.48937270475941824, 0.24785025437387653, 0.4488617437150345, 0.4163913751964292, 0.03567760358452279, -0.2548344491438191, -0.025374811468681216, 0.9087721168285773, -0.158404520562621, 0.04245708750293866, 0.27328322091716495], [0.3570860105656212, 0.40405761154175723, 0.4695241507332416, 1.1314829670991116, -0.1572566570986138, 0.5879455162788744, -0.43325750589649775, -0.22322169219703042, -0.28336911199650633, -0.28269667071584936, -0.49252729807890333, -0.1735993910540124, -0.10489095308702076, -0.3391364817938217, -0.13326721426430332, 0.3698788187154347, -0.3525777349449536, 0.4290866346361936, 0.10465332039648094, 0.19718473990297414, 0.26132667786077957, 0.4693650732387049, 0.06727943841497362, -0.26150161400044813, -0.11270184542386105, 0.5619189975355364, 0.3851458760809281, 0.38517311585906366, 0.26969518087451044], [0.32119798323743326, -0.13891799258087073, 0.30619412350509556, 0.03796819381629152, 0.9793935847182905, 0.13026649228791146, -0.01918047703940192, -0.37797095851667123, 0.052242241658161104, -0.23741681019925193, -0.4646729004362132, 0.3685959675777386, -0.16576784412253948, 0.015999463867456112, 0.2415392031197424, -0.0103144894332128, -0.3978964436855816, 0.25019917873224723, 0.042520056348354346, -0.20253005134896707, 0.8749287277374909, -0.10146474769251343, 0.0953267950234678, 0.23816898700619632, 0.11731122960206983, 0.1939754194039513, 0.7760212519494909, 0.10509680660862715, 0.1818863275820433], [0.6518945492918018, -0.010945634600092013, 0.5592790417528418, 0.6606977745031856, 0.354036587735711, 1.0531363934115512, -0.197512445929617, -0.681602211624287, -0.36666543722730505, -0.6207168770421745, -0.6321806084195517, 0.6265122043851785, -0.24089592235588858, 0.02649041052389091, 0.07029413601327088, 0.09685058025823329, 0.1380279712436991, 1.098151940181802, 0.6141916820734267, -0.24679270857036148, 0.6105680497032657, 0.6040003102522166, -0.41189819991384896, -0.022222774159927072, 0.10635054483041961, 0.25624521106570586, -0.3160210808493544, 0.5864536800266622, -0.06734996544166988], [0.17837064146733045, 0.18194701599883004, -0.10467258169936998, -0.359407789365813, -0.00702685728314395, -0.2614462604550552, 1.2735383265058162, 0.5805807196849817, 0.040334442730146185, 0.20076822366808286, 0.5794973670324133, 0.66133519923557, 0.4828728534015182, 0.22009528401260922, 0.34861849287129415, -0.03945646024868197, 0.28960945446530867, 0.17009031824650422, 0.1547743248466304, 0.3361884204717114, 0.06278317525723746, -0.12297416529717854, -0.18054347857914227, 0.3159751515981715, -0.4076672111175238, 0.10287529491624339, -0.42842305765891636, -0.33914191942224153, -0.35127552315118704], [-0.22710576152025078, 0.28803816133386884, -0.07232828757850193, -0.18524423896176218, -0.1047843845596722, -0.6944780112460573, 0.45986849307862854, 1.1814647772654214, 0.6209931563427744, 0.39380538292058886, 0.5929759665688787, 0.2623530170553694, 0.6372281407391115, 0.4226745965972324, 0.36017591987204145, 0.03988174648494478, -0.08258173314748171, -0.17165458364419073, -0.2669387148015836, 0.40520513620500415, -0.12690296380841537, -0.36899320632309524, -0.11556682015937433, 0.10213881757866744, -0.17446713355197782, -0.035033637490771374, -0.21750795823179742, -0.21463906572528896, -0.3740337232301814], [-0.16006140840747277, 0.2009838386823934, -0.42738184038097315, -0.32315270067898705, -0.03296906684682105, -0.7630687359784813, 0.03253296206325659, 0.6282886143149421, 0.9721598752346036, 0.5146064901945897, 0.44769369285208804, -0.4710884050714524, -0.0242523447387218, 0.7905297611405339, 0.13436388644756297, 0.059018081610808626, 0.8708944475319504, -0.4431939471214165, -0.40246569885100075, 0.13549308049433462, -0.5184229131444708, -0.16303701898302864, 0.7709121943182422, 0.34220702460872543, 0.37803471930881627, -0.2991381425297736, -0.23800011711614028, 0.2584023582579757, 0.16832083952982518], [-0.5353766437755902, 0.03604880294152471, -0.7550325893136279, -0.26523135690851835, -0.31784012382242127, -0.6471835991140686, -0.023414629861994524, 0.4178623947573288, 0.5068223173405648, 0.8630945102406027, 0.5516502618825455, -0.13416120400315176, 0.15283936350998736, -0.03484548279719599, 0.17991884648782938, 0.05947904101296923, 0.1927017359909095, -0.47601376999004585, -0.38132334797459216, -0.005742547482386458, -0.4545369179696161, -0.2509142674533341, 0.2118923401551646, -0.0923774088516183, -0.3386901058121956, -0.07108908280071513, -0.07468283992603825, -0.26738058812183935, 0.17986361291104813], [-0.37219265306623617, -0.25171575463286655, -0.3530161969433255, -0.4208011117405792, -0.40428806602934264, -0.7428100482371188, 0.5152146776295594, 0.654613065331607, 0.47272073704002243, 0.4533432040125609, 1.010754083779876, 0.14120179050771664, 0.36178249805605506, -0.16364118490252, 0.38268433277275005, -0.3701820724100831, 0.016967414587869892, 0.07527603990173184, -0.7398516673743449, -0.17733878521441152, -0.550584544780842, -0.2195334434053085, -0.1223897810373514, 0.5141853923812131, -0.15243403314687148, -0.38806982615751184, -0.14423937292169398, -0.6320287525245121, -0.359693392865068], [0.5313514966373403, 0.046444824325322265, 0.4249331778998584, -0.14993600298505247, 0.17434697656305903, 0.36496487871832517, 0.715498455071427, 0.035875855278450164, -0.13021547251946183, -0.1733598624468362, 0.07987514686124086, 1.4254526068798503, 0.17291488117274464, -0.021492827292394046, 0.3331908388340045, 0.10844398457775162, 0.7692381834277306, 0.6191854742707978, 0.5538504523352623, -0.204626967767011, -0.09712281806328785, 0.25303086453256257, -0.2553892620243766, 0.8398084245949854, -0.2291401892739442, 0.1442554486210651, -0.7045555499036652, -0.04841482038765074, 0.016072706227733047], [-0.02736790184317324, 0.1047604983610592, -0.10444571853828749, 0.036628234097744405, -0.16822204467996896, -0.12862664508359653, 0.6017316282100146, 0.6053667337021559, -0.16735042523152133, 0.14433487042407706, 0.426033600591493, 0.13853039579711882, 0.9489116007507316, -0.003246611585368986, 0.19155043549328682, 0.17422597821442604, -0.029730242505185828, 0.29700621242053477, -0.009400216727919554, 0.25541946517581277, 0.03884173418601061, -0.21929870472187485, -0.5085410056924029, 0.32747603833093253, -0.10412273884367884, -0.321719516284153, -0.4789517622682266, -0.006786594512785349, -0.605807977295838], [0.17393019359394418, 0.0790016124345487, 0.0034860823634265473, -0.2660633421299962, 0.033322250250125814, -0.2139572337648463, 0.1916229029141741, 0.3909741685671012, 0.7497983560273029, -0.015908694485019647, -0.24091293456511592, 0.10527325228524104, -0.00952503520323146, 1.3561001348346848, 0.4884951255492689, 0.2506300140597501, 0.0747841069180972, -0.12869170216398645, 0.19546730050579453, 0.6687932466445506, 0.2992987950577832, -0.14872654137110247, 0.09905604892955602, 0.28866917077587806, 0.17555566889833615, 0.12962254130979964, 0.1435712748773111, 0.5348004368247362, -0.30122483887589907], [0.22475830827361154, 0.5261618408985854, 0.00639550318359855, -0.13925809440079487, 0.18104533260101596, 0.020453314355971516, 0.327490099363943, 0.3335907374935242, 0.06428492302565769, 0.21671663088301396, 0.2671731895146115, 0.12274206990381054, 0.197240052389127, 0.7409303900324206, 0.6848470268299081, 0.41170475849289323, 0.35495882928506534, 0.2933581819890846, 0.005533895844789086, 0.7385643599432606, -0.053021967890150026, -0.04224797391919882, 0.2418000256908125, 0.21807415942731803, 0.10915505774108274, -0.059230150125347235, -0.1309247780500864, 0.3105157873173762, 0.2813602905569631], [0.1619482422261889, 0.23712973886729355, 0.2349743833566877, 0.37309291016674717, -0.01011802296781827, 0.18100614023325548, -0.1167503363159356, 0.10645707617638803, 0.01771834288068705, 0.07993281278768812, -0.35001917723778664, 0.1450774729787549, 0.1275375937133036, 0.2580249566132405, 0.4592053931867106, 1.1751003228379484, -0.08395290583260226, 0.44707895232843053, 0.38773701558316087, 0.5670766996668051, 0.225998483967966, -0.2586882180808021, 0.12353263284699194, 0.28017852086715145, 0.04995336872231894, -0.14732671441835649, -0.11026933184097917, 0.38645461412755494, 0.024792713480419365], [0.17790716726871939, 0.12578439810357567, 0.17820646139859203, -0.35853608911543405, -0.2630274047518387, 0.0644571866329922, 0.19652050862109938, -0.0691151396243603, 0.9816522887671804, 0.11885034005014622, -0.05558373891754691, 0.3307381671971201, -0.01438990832176559, -0.1099448872045393, 0.41757741849473506, 0.011066664442065027, 0.8280953013137801, 0.4194721025688232, 0.35777420421024186, -0.1273319768174599, 0.0039484355213149636, 0.24790843221712455, 0.06058527879490977, 0.47783622095641287, 0.04356404355493422, -0.15664480047539067, -0.16348190520342895, -0.26157189167434036, -0.1515934025688867], [0.6016048099372753, 0.205910435205441, 0.3860901613807016, 0.26495403939384815, 0.11561437757351796, 0.8563774506073767, 0.2760219012266979, -0.18165448570969775, -0.35106882940564266, -0.3430028395164566, -0.11998018965324271, 0.7089311776364394, 0.4121249322015156, -0.316759702164558, 0.19183557833930467, 0.4293351133495451, 0.44017196193414987, 1.3565416184287793, 0.486037443437617, 0.2532739385876725, 0.04516682734625266, 0.4140885897079089, -0.28129262215840256, 0.4788054480756038, 0.07489666129798805, 0.22697518978060957, -0.4166607596052594, 0.08686952022113549, -0.07496706235287995], [0.3940702349057749, 0.1320863130629269, 0.5026441189539869, 0.06460100481054804, 0.015184206142886424, 0.5434024901159509, 0.16156782864659977, -0.24838845114736863, -0.28368366967994724, -0.3565130644172288, -0.5819699200024547, 0.4796819315353911, 0.039929589317642566, 0.22707741730353867, 0.00514261028000602, 0.33266120380530584, 0.18461559734961464, 0.3444797759254601, 1.1145578456095409, 0.17618776621660653, 0.15639727212901497, 0.047525340914339326, -0.19503444071768936, 0.1588845508039084, -0.13152286336524027, 0.19340143931257486, -0.3605930881449612, -0.053287756560761415, -0.17096524023934825], [0.12686541684664543, 0.05326107729298407, 0.31223021021567926, 0.16548011457599898, -0.2594056258368558, 0.16214078064048523, 0.1901303185674112, 0.14076962713912247, 0.17646243810075038, -0.029203069326178697, -0.29783606151778763, 0.0006377594571630868, 0.24095600619965118, 0.5616082301079511, 0.5355888264678907, 0.6521379862757108, -0.23082379296318478, 0.2936883028187349, 0.26213131605976936, 1.1531543456211781, 0.7532589066577169, -0.41321953071668766, -0.322800011316978, -0.035892087042727006, 0.1822987186266741, 0.09283358423160121, -0.23704930500664845, 0.39719211015177386, -0.3126760101507135], [0.6184964729418969, 0.35330474238129195, 0.4290334581834398, 0.299166802626176, 0.9136097156464034, 0.222960384535428, 0.07684379973946731, -0.16387891378309383, -0.40458661441602617, -0.6550551191152405, -0.2602325069109237, 0.13716847464065984, 0.03948854213345865, 0.2199322018087986, -0.13097170904249472, 0.25709769154163736, 0.014839833302843553, 0.19662197984346363, 0.15557544648951036, 0.4853596421027757, 0.9609813485568837, 0.11462608325326765, 0.18445655703754232, -0.43964446974838045, 0.28914661884757414, 0.7722837965994931, 0.23447763344612219, 0.4024557495277401, 0.579676840550245], [0.4847112071270611, 0.5266663791948195, 0.4899564264911174, 0.4336783200447785, -0.11161122246176478, 0.6369604785291781, -0.08170767895075426, -0.43192963748726704, -0.1501231956972442, -0.30504832250661257, -0.28588207422576334, 0.23801786368557679, -0.22155951611076016, -0.15968643141363772, -0.13298491270788687, -0.25633689447190977, 0.25792493452892756, 0.46915848467042687, 0.032031978815460826, -0.31965360752009625, 0.10489367995817887, 1.2218779152773622, -0.3190194107849522, -0.0021824543154004734, -0.10212989291545854, 0.7105458284417271, 0.07109677428815293, 0.14877413328926464, 0.05417650397518213], [-0.12690977255605815, -0.25368616433874064, 0.09238585546905898, 0.08069950822816661, -0.2291188146227127, -0.4477738285085016, -0.17454928696539662, -0.07018582986639185, 0.8041090617546487, 0.2090167235092112, -0.1882733672720522, -0.4262730553512408, -0.5205016307822804, 0.09569914936040302, -0.05367127318594685, 0.06051801478234699, 0.05226551741944924, -0.1253606648073509, -0.16978516324774925, -0.2424815773454204, 0.2061535252667034, -0.35315042328872714, 0.7772144295264896, 0.08192774778067667, 0.3669201726023011, -0.2418173816746359, 0.38990416211755624, 0.061564792085114395, 0.17390265183456363], [0.16661298488101517, 0.17309143831928528, -0.19116392169771113, -0.3543178042109075, 0.20485115150962818, -0.0322305371487239, 0.47619812330891576, 0.11653796347481482, 0.41552066757017947, -0.08829446564873406, 0.5476696922816682, 1.0861467245944374, 0.3787198332106095, 0.11272765923828726, 0.3305672843539971, 0.30109846631748916, 0.3796551409229334, 0.3931263926961826, -0.011933200810218526, -0.1461856731325869, -0.19639278491628742, -0.02591125254424723, 0.04113258380315238, 1.2005279649419704, 0.1434806899684384, -0.1301300027809227, -0.7106966216604681, -0.023964526962572757, -0.16682958560928368], [0.14151186646986014, 0.07909122769209773, -0.015376193678938615, -0.18558179015923826, 0.11833778528999525, 0.28787241535697367, -0.4099914604860103, -0.15244700989978646, 0.42722743529958146, -0.3616655797389673, -0.026712208036492574, -0.21445601123565555, -0.1852495222448105, 0.30762519711000036, 0.10915505774108274, 0.07474526945565893, 0.08889096574024262, 0.19276052933619592, -0.22518148354622053, 0.2507277130205161, 0.21016832803179636, -0.09645600997571084, 0.32326816462553226, 0.11832902455583605, 1.174580562560366, -0.209026940874452, 0.15438509312761176, 0.3346280312754911, 0.12341100781411765], [0.6389487729128687, 0.33659883718394956, 0.7319576073108887, 0.520796780123898, 0.26462705496163497, 0.1266588693159551, 0.1556352737496502, -0.15921094497777205, -0.12949713981673838, -0.2044977049901463, -0.5372996436065189, 0.32014760356924177, -0.37713285754003834, 0.019270988151871005, 0.1611363299501165, -0.1033302840655806, -0.11255514541053158, 0.21406405846397267, 0.31620200538799015, 0.11817107607118824, 0.7857813772105557, 0.6958090070083313, -0.12310801502169591, -0.15786231497674247, -0.24320560663251226, 1.3506499609297076, 0.3785371668103681, 0.12538056820372687, 0.018877864858542107], [-0.08462728271154514, 0.3114619031146982, 0.005430817776455037, 0.575535353681532, 0.6491559672380224, -0.21972823800802355, -0.49598923879093176, -0.15180109465691416, -0.3739974960374784, -0.03296125175903736, -0.07298456456340002, -0.6623927074415532, -0.49756528829843916, 0.08225532906379625, -0.3381621857422099, -0.17454119460199824, -0.06337774782451583, -0.5413847561870242, -0.37170183957928354, -0.10228868784283135, 0.20196843680369322, 0.05005238470797604, 0.6308022246559939, -0.6651387575975396, 0.14665895277626384, 0.08460139823296411, 0.8183674011260972, 0.38914525207347667, 0.7669787372219242], [0.37738926006339074, 0.1721879718159798, 0.0928654464835061, 0.38125549338422315, 0.12669571480892125, 0.5100585778546699, -0.47944374104371984, -0.1797643138274049, 0.24961426362075054, -0.2566347141049707, -0.6001622155070789, -0.12607513676623594, -0.018714840237213204, 0.39416922688780315, 0.3758424249403955, 0.4319766621046015, -0.18385486249633654, 0.061917683015900095, -0.11293469528107473, 0.4196447738783657, 0.29917656188049596, 0.17857880357877337, 0.07482353175596837, -0.0647129639350482, 0.37384991455121286, 0.1055540217119934, 0.3682727969433237, 1.225103170550834, 0.03340881471800415], [-0.037487937535669855, -0.06866579522662708, 0.4209824634039383, 0.26969518087451044, 0.2951254397950921, 0.21613905780223513, -0.3247641629133616, -0.5317686923071601, 0.19887420819157686, 0.1816804170818668, -0.3342522289554279, -0.33952445794870917, -0.6174581307053734, -0.16687611961246934, 0.08707459867044035, 0.025065160881303093, -0.32023560841556065, 0.05419104257162022, -0.14515916624095607, -0.5348127613039684, 0.3492165201720348, 0.05800716587241723, 0.3275173661734471, -0.206290472447828, 0.12341100781411765, -0.24504864025319664, 0.9187763028180227, 0.03340881471800415, 1.09]]}, {"name": 2, "matrix": [[1.2056118757462109, 0.7614389673486738, 1.198597060787725, 0.8766651593221377, 0.6839710779219177, 1.103786814123596, 0.6000887336582189, 0.004336371882932705, 0.01720819463303025, -0.20344097002068434, -0.08994046815018425, 0.817451631472025, 0.15418598848719356, 0.678812784478682, 0.4241700745048467, 0.37323309446947395, 0.26604502389019236, 0.9033156398661577, 0.40018474139633337, 0.3815754059648635, 0.7795610007361878, 0.5796296657662299, 0.07303813842228626, 0.5709076949493401, 0.3496175926702709, 1.0687591780127899, 0.19697140091507875, 0.7258952095674984, 0.2595746310572851], [0.8564497646146705, 1.0472789228047705, 0.43271763857299084, 0.30189253556285073, -0.36789122221659576, 0.3055464132481565, 0.5496550894218348, 0.28842298658965637, 0.2015392286536085, -0.36065925733062887, -0.620474898542961, 0.19542403464256317, 0.3815588612165836, 0.05873651318308354, 0.6475003830363916, 0.15031118317060493, -0.00910513543434699, 0.35275880702879786, 0.15783834636697175, 0.1311935342901101, 0.5024654940382807, 0.32543926785794397, -0.3940501719305051, 0.11000481178483608, 0.16084203707098443, 0.4201358132135754, -0.013943655884984777, 0.2356507371502956, -0.2512131528903364], [1.3971116711632048, 0.4319374584415655, 0.5668410473881131, 0.617025639923225, 0.4043876025189406, 0.25729821817715715, 0.13733946125676963, -0.08211614480898705, -0.560612512604204, -0.3389217253557146, -0.38980715952614436, 0.2632156810411455, -0.03329010596096063, 0.05702286994951005, 0.08455204537128308, 0.346674274010525, 0.025802628127535865, 0.3705355008167353, 0.640474945488487, 0.16171411233884297, 0.6043809424353943, 0.5312293605240651, -0.004277203680461805, -0.6104578412440438, 0.3194345980392839, 0.5615482036844831, -0.18619436679330773, 0.2789511282227017, 0.21362661178102688], [0.5242227636641165, 0.4477543118195479, 0.6505548995955855, 0.809517923164243, 0.23456783413608778, 0.5610872319195446, -0.31223060814011455, -0.30974118402614625, -0.11059932040316645, -0.49689820744067364, -0.27857913365731274, -0.20751473731125392, -0.06069030345888575, -0.28729421796530397, 0.3765704534718397, 0.1977682579436959, -0.07886503423251895, 0.032962416210590484, 0.18349577221966473, -0.07591930832984109, 0.45687690599079567, 0.2571532229302659, 0.28172516427548805, -0.37207970220085673, -0.06532450321961705, 0.4300383003830356, 0.8063054816887696, 0.1310842825409912, 0.5240946580408969], [0.6724379410521162, -0.3329699485750538, 0.37836083834077705, 0.33192330523208985, 0.82307996155667, 0.3718260973737455, 0.17770956907987998, 0.0062202242866320895, -0.16296685920070253, -0.19263161859772196, -0.22299957699187278, 0.16341542735992792, 0.1709561032888091, -0.10682463846411386, 0.20390919320552114, -0.11433390086387882, -0.22687631382257623, 0.15494006625052195, 0.02675132324251684, -0.1432553995586429, 0.5632895787111756, 0.12226888836327385, 0.05999904223936997, 0.04364449051592939, 0.4120846159578715, 0.22501496552572128, 0.5272016208423369, 0.391726161702103, 0.1306434536217691], [1.129030943667833, 0.31392887819412424, 0.3167671804030586, 0.26844113160376293, 0.20548167410963836, 1.0845469648170436, 0.030194678248838258, -0.3552990787900485, -0.3441533861347129, -0.8636183966699265, -0.604637051832486, 0.6569262423333939, -0.04829663270995119, 0.127425694379448, -0.11345459474898456, -0.00373724040353679, 0.0441086342294761, 0.9260262938384272, 0.8622747784540454, -0.004753427690432528, 0.27046797142631773, 0.3679062377641168, -0.27661640693345857, 0.27178711970455915, 0.32130021294146915, 0.33897186514039374, -0.5217941926299808, 0.2375478206910957, -0.07096027287370182], [0.289512724949046, 0.4832396460652554, 0.11355350881464568, -0.14102770719792745, -0.015308957358664332, -0.21124223866558378, 1.1612667524191993, 0.8471496028562383, 0.29017476444828183, 0.4606913702740296, 0.6446288416893146, 0.6261322764863497, 0.6704680915948, 0.3085156012803496, 0.43688132738896956, 0.14317811259932814, 0.5243742089702468, 0.6338667791678188, 0.2038660159131, 0.2862539385509851, 0.2160042082557094, 0.1840132607640722, 0.2973109579455585, 0.7768995878081574, -0.10784669659472709, 0.16485676718487213, -0.36975134826926476, -0.10419018239854017, -0.0738499177120982], [0.036098403008794494, 0.5846947973411214, -0.07218252913878523, -0.23299915549037448, -0.22095492589121324, -0.5285475554066459, 0.7806491057186088, 1.0072789228047705, 0.28695519340246867, 0.3961022296955905, 0.5814369321156589, 0.5097649688402067, 0.8391811770930067, 0.5094842773758526, 0.4692935041522208, -0.13318743626069993, -0.0270596378345622, 0.09841145723589413, 0.1753377266061078, 0.4706390509751338, -0.01707738410342391, -0.3555990703220645, -0.3666765869784119, 0.4743154054908253, 0.10999371409684078, 0.10073830434918415, -0.24386178175418313, -0.35837168887351406, -0.48240942019276223], [0.1049077913709725, 0.06253642816695677, -0.4987462323309276, -0.389735358