{"times": [{"matrix": [[1.0, -0.10799227919712183, 0.617617142400177, 0.6754955239398646, -0.07167036166511584, 0.5103952897189388, 0.470670783788133, -0.16822418639781797, 0.35564867683423335, 0.3761133189129545, 0.42627881211205426, 0.33262194815928203, -0.33115761923876724, 0.4277673643242542, -0.024349081235584942, 0.31261073720221855, 0.3432675068762551, 0.6824732075875521, 0.4198587403650892, 0.7228739507267851, -0.1629007285715651, 0.24158533497222529, -0.32644568671893687, 0.17065396410006808, 0.4944973142414248, 0.7259511523728451, 0.17915911484632474, 0.2074834787305894, -0.0705273455854941], [-0.10799227919712183, 1.0, -0.13936848666509422, -0.14425148158572582, -0.062391658038720696, 0.03806305920504929, 0.08092191247651376, 0.005173426474670257, 0.29169274055392386, 0.14699581533781592, 0.04220371074527321, 0.27222889395774763, 0.42109621552930554, -0.1019338535676008, 0.32918072809811566, 0.19906971484816777, 0.40419875617471573, 0.04036744028975245, -0.09011693115678633, -0.047108341258581876, 0.32845822862138496, -0.21078493643221155, -0.013285357026951685, 0.12088256052959792, -0.05707240941255721, -0.12227475851801456, -0.18204525548913197, -0.09634001595774304, 0.03872709455686949], [0.617617142400177, -0.13936848666509422, 1.0, 0.6789641174220358, -0.34038302663518366, 0.8687169507590619, 0.25956808917119234, -0.4559028708986343, 0.38056199951636993, 0.05793120252364165, 0.37034396483006643, 0.14012332142253456, -0.42058120297306456, 0.1860325898206837, -0.1446660055318017, 0.1361953936731762, 0.30448515903898027, 0.554088415605662, 0.5813455842535851, 0.5322979185626282, -0.4131973787527116, -0.09248312234383221, 0.09526336335122598, -0.1562031811157443, 0.41033533390614335, 0.5715154072160292, 0.3923283256937845, 0.21637967305663713, 0.2378482842489165], [0.6754955239398646, -0.14425148158572582, 0.6789641174220358, 1.0, -0.12957602669738816, 0.5662435794688019, 0.2844312100817753, -0.3960574290717151, 0.3031610243856698, 0.2527723656977335, 0.19837396459130535, 0.3292272420717055, -0.5248664344032017, 0.001274543722323035, -0.09243947378997575, -0.0011442902403491116, 0.29019077888803274, 0.5974693874711289, 0.3205091982912564, 0.5083215833040502, -0.06457661058883706, 0.10819500829954576, -0.24081396993103302, -0.02750730212412837, 0.3033809423444455, 0.6500558065674586, 0.4319594763299068, 0.236824644710832, 0.2463767655879264], [-0.07167036166511584, -0.062391658038720696, -0.34038302663518366, -0.12957602669738816, 1.0, -0.3785067896887753, -0.2600812260230735, -0.10441662026136544, -0.2778846797620638, -0.05355742152107706, -0.43364376282968836, -0.25509926378978515, 0.05737468730207321, -0.10087855586421456, 0.04654201989805555, 0.14179728271119887, -0.12043783373028293, -0.2528636758038173, -0.2098779256103568, 0.04021384384797839, 0.12198251312750895, 0.13928123277125729, -0.13579728291595664, -0.25817835560379465, -0.10490655500067392, -0.09631075610908012, -0.09247600456942279, -0.1808880227742077, 0.09086677168088823], [0.5103952897189388, 0.03806305920504929, 0.8687169507590619, 0.5662435794688019, -0.3785067896887753, 1.0, 0.3167588769613308, -0.3619736567145992, 0.47469292355626735, -0.0178998028687561, 0.37035854567231463, 0.21592247429592748, -0.29238177301419394, 0.1426564392956327, -0.11291628262849068, 0.33459465896289914, 0.4824896929867492, 0.6896173349044139, 0.5950392859315063, 0.5726709128551901, -0.23395394238796763, -0.15912203852771653, 0.17657255215960307, -0.07608259291982662, 0.4272152087512662, 0.4895750320738285, 0.5693822952545115, 0.20806186653753836, 0.4137985898164129], [0.470670783788133, 0.08092191247651376, 0.25956808917119234, 0.2844312100817753, -0.2600812260230735, 0.3167588769613308, 1.0, 0.0030432110371429676, 0.8341838540403413, 0.5216169545978053, 0.6948192636642407, 0.8609104620924556, -0.06333395286099262, 0.41484429005945633, -0.14657805284120856, -0.11764528710702961, 0.7159921987465628, 0.6465249623752269, 0.2805573811263532, 0.2903130125971784, 0.45340369417370563, 0.18015790361747777, 0.005494313940261616, 0.09187429594063085, 0.15823303239623457, 0.6785890191689813, 0.3105731204730579, 0.2242516566075706, 0.21064950184226908], [-0.16822418639781797, 0.005173426474670257, -0.4559028708986343, -0.3960574290717151, -0.10441662026136544, -0.3619736567145992, 0.0030432110371429676, 1.0, -0.0024783830267674123, -0.17599984085790266, -0.07298086588725923, 0.11769892721609355, 0.5544390732542326, 0.19433508080288087, 0.5739329679339168, 0.23049666930210413, -0.43913232185560075, -0.24591111887043038, -0.13599387186985962, -0.4077165595748991, -0.027779269027874073, 0.015737444559674848, -0.16605794200359242, 0.14919098031551054, -0.5504454581958642, -0.43617806432755596, -0.199736037364551, 0.1626529703994617, -0.18969533418698098], [0.35564867683423335, 0.29169274055392386, 0.38056199951636993, 0.3031610243856698, -0.2778846797620638, 0.47469292355626735, 0.8341838540403413, -0.0024783830267674123, 1.0, 0.43214282210616767, 0.589809743754774, 0.801970956365776, 0.024516602349440784, 0.4021777163642911, 0.11185040408633151, 0.038194241028715985, 0.7108205829723614, 0.5589835184739297, 0.33303821905267295, 0.21258412003553967, 0.39623713058674137, 0.0517965879648743, 0.033687304081350254, 0.16973256137959825, 0.08551580541572801, 0.5024454033987241, 0.23205961726571916, 0.3649897167862334, 0.18405607334225577], [0.3761133189129545, 0.14699581533781592, 0.05793120252364165, 0.2527723656977335, -0.05355742152107706, -0.0178998028687561, 0.5216169545978053, -0.17599984085790266, 0.43214282210616767, 1.0, 0.5364305368022454, 0.5247729819843509, -0.06371974767905582, 0.02644936366998649, 0.15899858849712073, -0.0989268019124843, 0.444301065753582, 0.1614370391085663, 0.10003879148710956, 0.15689240623002915, 0.3901742856367611, 0.4283471003257024, 0.04531258979826905, 0.37653349520041135, 0.45391222211400944, 0.3012872306726316, -0.12800792326832908, 0.18736581968607954, -0.27762568837172086], [0.42627881211205426, 0.04220371074527321, 0.37034396483006643, 0.19837396459130535, -0.43364376282968836, 0.37035854567231463, 0.6948192636642407, -0.07298086588725923, 0.589809743754774, 0.5364305368022454, 1.0, 0.5827449062149027, -0.1916578023184728, 0.274404831985496, -0.06185317176598268, 0.14243879208819057, 0.48320173428063423, 0.4374602500787345, 0.014463009986577164, 0.2410681677778863, 0.18875869653647423, -0.01888407548060778, 0.1526031070538088, 0.14104256161609158, 0.3146328416823651, 0.43402211612370556, 0.05788752476335888, 0.0031563510055735234, -0.14016570906090053], [0.33262194815928203, 0.27222889395774763, 0.14012332142253456, 0.3292272420717055, -0.25509926378978515, 0.21592247429592748, 0.8609104620924556, 0.11769892721609355, 0.801970956365776, 0.5247729819843509, 0.5827449062149027, 1.0, -0.021035275916726593, 0.1598628745477371, 0.0368711960632897, -0.07867871250433224, 0.6658246680264788, 0.5234731659435732, 0.16274198000313153, 0.1897514693444647, 0.5688085667456326, -0.011418148819204076, -0.20528974082830423, 0.18439073959208457, -0.062443532394773314, 0.5244686277679357, 0.12402867124613795, 0.04722582382009157, 0.1696709362073445], [-0.33115761923876724, 0.42109621552930554, -0.42058120297306456, -0.5248664344032017, 0.05737468730207321, -0.29238177301419394, -0.06333395286099262, 0.5544390732542326, 0.024516602349440784, -0.06371974767905582, -0.1916578023184728, -0.021035275916726593, 1.0, 0.1555520222347425, 0.4555672616237498, 0.20514871039402524, -0.1427122086547619, -0.3745311534807135, 0.11430466931128581, -0.4872413132359054, 0.0382857297363325, 0.09033294174410897, 0.14945691008110815, -0.1502557480827047, -0.39387185275337566, -0.3732027551458516, -0.09309572381451948, 0.20306380143073313, 0.13157351558405797], [0.4277673643242542, -0.1019338535676008, 0.1860325898206837, 0.001274543722323035, -0.10087855586421456, 0.1426564392956327, 0.41484429005945633, 0.19433508080288087, 0.4021777163642911, 0.02644936366998649, 0.274404831985496, 0.1598628745477371, 0.1555520222347425, 1.0, 0.03170468429870027, 0.23262011097125077, 0.13267230466825225, 0.1932490127748599, 0.26889459859455456, 0.04991018989969834, -0.19019495358201366, 0.20075504951650888, -0.15020764242730608, -0.17423614064747817, -0.009959678518065625, 0.3665202557783324, 0.23212754571242564, 0.29646286191682014, -0.07968247457097001], [-0.024349081235584942, 0.32918072809811566, -0.1446660055318017, -0.09243947378997575, 0.04654201989805555, -0.11291628262849068, -0.14657805284120856, 0.5739329679339168, 0.11185040408633151, 0.15899858849712073, -0.06185317176598268, 0.0368711960632897, 0.4555672616237498, 0.03170468429870027, 1.0, 0.4148847494703062, -0.22077768005558965, -0.3705635894305858, -0.066580377056587, -0.2642081125835598, -0.12093289728639167, -0.12412670710689179, -0.13228195220408476, 0.18815465697358774, -0.2224868255572974, -0.48674659066580983, -0.20947408772895426, 0.34251284039513213, -0.2036442822358603], [0.31261073720221855, 0.19906971484816777, 0.1361953936731762, -0.0011442902403491116, 0.14179728271119887, 0.33459465896289914, -0.11764528710702961, 0.23049666930210413, 0.038194241028715985, -0.0989268019124843, 0.14243879208819057, -0.07867871250433224, 0.20514871039402524, 0.23262011097125077, 0.4148847494703062, 1.0, 0.09936156174789817, 0.1783613560642629, 0.18986257156704722, 0.3664748149060965, -0.10907128205048296, -0.14950899489054653, 0.018227003117341163, 0.026134259069756013, 0.22378259619027965, -0.09411729604325081, 0.04854599715563402, 0.0040923793688748865, -0.031106324942554758], [0.3432675068762551, 0.40419875617471573, 0.30448515903898027, 0.29019077888803274, -0.12043783373028293, 0.4824896929867492, 0.7159921987465628, -0.43913232185560075, 0.7108205829723614, 0.444301065753582, 0.48320173428063423, 0.6658246680264788, -0.1427122086547619, 0.13267230466825225, -0.22077768005558965, 0.09936156174789817, 1.0, 0.6604520361467286, 0.333580507981753, 0.5179622971224027, 0.5568478388457909, 0.0019097591245018268, 0.08299468534605414, 0.11144839582115837, 0.43787296197628917, 0.6207838527532721, 0.2902564671944487, 0.049939641051408065, 0.31362284542302077], [0.6824732075875521, 0.04036744028975245, 0.554088415605662, 0.5974693874711289, -0.2528636758038173, 0.6896173349044139, 0.6465249623752269, -0.24591111887043038, 0.5589835184739297, 0.1614370391085663, 0.4374602500787345, 0.5234731659435732, -0.3745311534807135, 0.1932490127748599, -0.3705635894305858, 0.1783613560642629, 0.6604520361467286, 1.0, 0.4513552199599056, 0.7461117514189458, 0.25115446891918036, 0.181925914312994, -0.019770398911158296, 0.14837335936548432, 0.4453283971254949, 0.7735195547024785, 0.43556015899619216, 0.17858498358835384, 0.3114526367901609], [0.4198587403650892, -0.09011693115678633, 0.5813455842535851, 0.3205091982912564, -0.2098779256103568, 0.5950392859315063, 0.2805573811263532, -0.13599387186985962, 0.33303821905267295, 0.10003879148710956, 0.014463009986577164, 0.16274198000313153, 0.11430466931128581, 0.26889459859455456, -0.066580377056587, 0.18986257156704722, 0.333580507981753, 0.4513552199599056, 1.0, 0.49069595206095595, -0.10176582359163595, 0.24027839445326254, 0.24504523345041884, -0.07248613012548759, 0.4090841634858772, 0.3904725828439493, 0.40712672392265786, 0.508329540462178, 0.40934264196928477], [0.7228739507267851, -0.047108341258581876, 0.5322979185626282, 0.5083215833040502, 0.04021384384797839, 0.5726709128551901, 0.2903130125971784, -0.4077165595748991, 0.21258412003553967, 0.15689240623002915, 0.2410681677778863, 0.1897514693444647, -0.4872413132359054, 0.04991018989969834, -0.2642081125835598, 0.3664748149060965, 0.5179622971224027, 0.7461117514189458, 0.49069595206095595, 1.0, 0.09565409599949422, 0.08148662613112735, -0.09153514432103681, 0.2701808748306234, 0.7277139518091787, 0.5677065883623396, 0.13698175815164793, 0.07388791463680454, 0.07529876915633846], [-0.1629007285715651, 0.32845822862138496, -0.4131973787527116, -0.06457661058883706, 0.12198251312750895, -0.23395394238796763, 0.45340369417370563, -0.027779269027874073, 0.39623713058674137, 0.3901742856367611, 0.18875869653647423, 0.5688085667456326, 0.0382857297363325, -0.19019495358201366, -0.12093289728639167, -0.10907128205048296, 0.5568478388457909, 0.25115446891918036, -0.10176582359163595, 0.09565409599949422, 1.0, 0.0966528338612547, 0.1451873654107676, 0.2905155056029922, 0.05758836136702716, 0.08937820277513586, -0.07528467009881216, 0.03503350573295231, 0.15714335362632356], [0.24158533497222529, -0.21078493643221155, -0.09248312234383221, 0.10819500829954576, 0.13928123277125729, -0.15912203852771653, 0.18015790361747777, 0.015737444559674848, 0.0517965879648743, 0.4283471003257024, -0.01888407548060778, -0.011418148819204076, 0.09033294174410897, 0.20075504951650888, -0.12412670710689179, -0.14950899489054653, 0.0019097591245018268, 0.181925914312994, 0.24027839445326254, 0.08148662613112735, 0.0966528338612547, 1.0, 0.096478540102083, 0.1027872326524062, 0.3193236982098317, 0.28729826037271566, 0.06628078145865032, 0.475296177532598, -0.1797619067977289], [-0.32644568671893687, -0.013285357026951685, 0.09526336335122598, -0.24081396993103302, -0.13579728291595664, 0.17657255215960307, 0.005494313940261616, -0.16605794200359242, 0.033687304081350254, 0.04531258979826905, 0.1526031070538088, -0.20528974082830423, 0.14945691008110815, -0.15020764242730608, -0.13228195220408476, 0.018227003117341163, 0.08299468534605414, -0.019770398911158296, 0.24504523345041884, -0.09153514432103681, 0.1451873654107676, 0.096478540102083, 1.0, -0.1911330567028916, 0.33205929420218405, -0.2568047419459102, 0.2741174376263, 0.22079932557882873, 0.2576347880005955], [0.17065396410006808, 0.12088256052959792, -0.1562031811157443, -0.02750730212412837, -0.25817835560379465, -0.07608259291982662, 0.09187429594063085, 0.14919098031551054, 0.16973256137959825, 0.37653349520041135, 0.14104256161609158, 0.18439073959208457, -0.1502557480827047, -0.17423614064747817, 0.18815465697358774, 0.026134259069756013, 0.11144839582115837, 0.14837335936548432, -0.07248613012548759, 0.2701808748306234, 0.2905155056029922, 0.1027872326524062, -0.1911330567028916, 1.0, 0.35311805902519494, -0.13042176542303918, -0.5576934046344244, 0.10981664683057837, -0.5992531274681192], [0.4944973142414248, -0.05707240941255721, 0.41033533390614335, 0.3033809423444455, -0.10490655500067392, 0.4272152087512662, 0.15823303239623457, -0.5504454581958642, 0.08551580541572801, 0.45391222211400944, 0.3146328416823651, -0.062443532394773314, -0.39387185275337566, -0.009959678518065625, -0.2224868255572974, 0.22378259619027965, 0.43787296197628917, 0.4453283971254949, 0.4090841634858772, 0.7277139518091787, 0.05758836136702716, 0.3193236982098317, 0.33205929420218405, 0.35311805902519494, 1.0, 0.31239436546599136, 0.08815867575275256, 0.19096465584722516, -0.16859160953878985], [0.7259511523728451, -0.12227475851801456, 0.5715154072160292, 0.6500558065674586, -0.09631075610908012, 0.4895750320738285, 0.6785890191689813, -0.43617806432755596, 0.5024454033987241, 0.3012872306726316, 0.43402211612370556, 0.5244686277679357, -0.3732027551458516, 0.3665202557783324, -0.48674659066580983, -0.09411729604325081, 0.6207838527532721, 0.7735195547024785, 0.3904725828439493, 0.5677065883623396, 0.08937820277513586, 0.28729826037271566, -0.2568047419459102, -0.13042176542303918, 0.31239436546599136, 1.0, 0.3904268567556983, 0.08619515955713436, 0.25902885764848], [0.17915911484632474, -0.18204525548913197, 0.3923283256937845, 0.4319594763299068, -0.09247600456942279, 0.5693822952545115, 0.3105731204730579, -0.199736037364551, 0.23205961726571916, -0.12800792326832908, 0.05788752476335888, 0.12402867124613795, -0.09309572381451948, 0.23212754571242564, -0.20947408772895426, 0.04854599715563402, 0.2902564671944487, 0.43556015899619216, 0.40712672392265786, 0.13698175815164793, -0.07528467009881216, 0.06628078145865032, 0.2741174376263, -0.5576934046344244, 0.08815867575275256, 0.3904268567556983, 1.0, 0.2816388036654436, 0.7675178549834967], [0.2074834787305894, -0.09634001595774304, 0.21637967305663713, 0.236824644710832, -0.1808880227742077, 0.20806186653753836, 0.2242516566075706, 0.1626529703994617, 0.3649897167862334, 0.18736581968607954, 0.0031563510055735234, 0.04722582382009157, 0.20306380143073313, 0.29646286191682014, 0.34251284039513213, 0.0040923793688748865, 0.049939641051408065, 0.17858498358835384, 0.508329540462178, 0.07388791463680454, 0.03503350573295231, 0.475296177532598, 0.22079932557882873, 0.10981664683057837, 0.19096465584722516, 0.08619515955713436, 0.2816388036654436, 1.0, 0.18032744929481395], [-0.0705273455854941, 0.03872709455686949, 0.2378482842489165, 0.2463767655879264, 0.09086677168088823, 0.4137985898164129, 0.21064950184226908, -0.18969533418698098, 0.18405607334225577, -0.27762568837172086, -0.14016570906090053, 0.1696709362073445, 0.13157351558405797, -0.07968247457097001, -0.2036442822358603, -0.031106324942554758, 0.31362284542302077, 0.3114526367901609, 0.40934264196928477, 0.07529876915633846, 0.15714335362632356, -0.1797619067977289, 0.2576347880005955, -0.5992531274681192, -0.16859160953878985, 0.25902885764848, 0.7675178549834967, 0.18032744929481395, 1.0]], "name": 0}, {"matrix": [[0.96, -0.11339189315697792, 0.7040835423362016, 0.6890054344186619, -0.06306991826530194, 0.4797715723358024, 0.5224445700048277, -0.1732709119897525, 0.33786624299252166, 0.40244125123686136, 0.42201602399093374, 0.33927438712246766, -0.36758495735503166, 0.4363227116107393, -0.02459257204794079, 0.268845233993908, 0.3329694816699675, 0.7165968679669298, 0.3946672159431838, 0.7879326062921957, -0.16452973585728076, 0.2754072818683368, -0.31012340238299, 0.16212126589506468, 0.5093322336686675, 0.6533560371355607, 0.17557593254939824, 0.21370798309250708, -0.06841152521792927], [-0.1123119703650067, 0.98, -0.14633691099834895, -0.14280896676986857, -0.05864815855639745, 0.041869365125554225, 0.09063254197369541, 0.0054320977984037705, 0.2946096679594631, 0.13229623380403432, 0.0447359333899896, 0.26678431607859265, 0.36635370751049584, -0.09581782235354475, 0.36209880090792723, 0.2050418062936128, 0.3839888183659799, 0.03754171946946978, -0.07930289941797197, -0.05134809197185425, 0.2923278234730326, -0.23607912880407697, -0.013285357026951685, 0.11000313008193412, -0.04851154800067362, -0.1124927778365734, -0.20571113870271912, -0.09441321563858818, 0.040663449284712966], [0.562031599584161, -0.1519116504649527, 1.01, 0.5974884233313915, -0.3267677055697763, 0.9642758153425588, 0.2881205789800235, -0.478698014443566, 0.3767563795212062, 0.052717394296513904, 0.35553020623686377, 0.13311715535140783, -0.4668451353001017, 0.16742933083861536, -0.1591326060849819, 0.1361953936731762, 0.28317119790625167, 0.6094972571662283, 0.5290244816707624, 0.45777620996386026, -0.44212119526540145, -0.10265626580165377, 0.08573702701610339, -0.1702614674161613, 0.3939219205498976, 0.6515275642262732, 0.3530954931244061, 0.23369004690116812, 0.2711470440437648], [0.6079459715458781, -0.13415387787472502, 0.6314366292024933, 0.95, -0.14512514990107475, 0.645517680594434, 0.30718570688831737, -0.3920968547809979, 0.29709780389795637, 0.23760602375586945, 0.19043900600765312, 0.34239633175457374, -0.5248664344032017, 0.0014529798434482599, -0.08966628957627647, -0.0010298612163142005, 0.3250136723545967, 0.6751404078423756, 0.2852531864792182, 0.5134047991370907, -0.07168003775360914, 0.0995394076355821, -0.262487227224826, -0.026407010039163237, 0.32461760830855674, 0.70856082915853, 0.47083582919959843, 0.26761184852324016, 0.23405792730853006], [-0.07668728698167396, -0.06051990829755907, -0.3233638753034245, -0.11532266376067546, 0.85, -0.35201131441056105, -0.23407310342076615, -0.0981516230456835, -0.28622122015492574, -0.04980840201460167, -0.4206344499447977, -0.2857111754445594, 0.05278471231790735, -0.11298398256792032, 0.044214918903152774, 0.1503051196738708, -0.11802907705567726, -0.26550685959400816, -0.21407548412256394, 0.03619245946318055, 0.10856443668348296, 0.1546021683760956, -0.13579728291595664, -0.25301478849171877, -0.09336683395059979, -0.10979426196435133, -0.10542264520914196, -0.16099034026904485, 0.077236755928755], [0.4338359962610979, 0.041488734533503734, 0.9034656287894244, 0.6285303732103702, -0.321730771235459, 1.06, 0.27874781172597113, -0.3619736567145992, 0.46994599432070466, -0.017183810754005855, 0.3259155201916369, 0.21808169903888674, -0.28653413755391005, 0.1269642309731131, -0.10727046849706615, 0.3178649260147542, 0.4390656206179418, 0.7792675884419876, 0.5355353573383558, 0.6127578767550534, -0.2573493366267644, -0.15912203852771653, 0.1553838459004507, -0.08673415592860234, 0.45712027336385486, 0.4504090295079223, 0.6092390559223273, 0.2143037225336645, 0.42621254751090526], [0.5083244464911837, 0.0882048845994, 0.2751421745214639, 0.29580845848504633, -0.2522787892423813, 0.3167588769613308, 1.03, 0.003012778926771538, 0.8091583384191311, 0.5268331241437834, 0.7087156489375256, 0.9039559851970784, -0.054467199460453655, 0.4023989613576726, -0.153906955483269, -0.12588045720452168, 0.7732715746462879, 0.7305732074840063, 0.2805573811263532, 0.255475451085517, 0.480607915824128, 0.15673737614720565, 0.0048899394068328385, 0.09554926777825608, 0.1724740053118957, 0.7464479210858794, 0.3105731204730579, 0.24443430570225197, 0.19169104667646486], [-0.18672884690157796, 0.005639034857390581, -0.4741389857345797, -0.4396237462696038, -0.08979829342477429, -0.38731181268462117, 0.0029519147060286786, 1.01, -0.0025031668570350864, -0.16719984881500752, -0.07006163125176885, 0.10946000231096702, 0.5156283381264364, 0.20599518565105374, 0.5165396711405251, 0.2397165360741883, -0.39521908967004066, -0.22132000698338736, -0.1495932590568456, -0.4077165595748991, -0.02972381785982526, 0.015894819005271597, -0.15277330664330502, 0.15515861952813095, -0.5119142761221538, -0.45798696754393375, -0.21970964110100613, 0.14964073276750475, -0.18969533418698098], [0.37343111067594503, 0.2654403939040707, 0.40339571948735214, 0.30619263462952645, -0.25009621178585745, 0.46994599432070466, 0.8425256925807447, -0.0024783830267674123, 0.95, 0.3932499681166126, 0.5131344770666534, 0.6896950224745674, 0.022310108137991114, 0.4383737108370773, 0.10961339600460487, 0.036666471387567345, 0.7534698179507031, 0.5813428592128869, 0.3396989834337264, 0.22959084963838286, 0.36057578883393465, 0.05490438324276676, 0.03301355799972325, 0.17821918944857817, 0.07525390876584065, 0.5024454033987241, 0.24598319430166232, 0.3686396139540957, 0.20246168067648135], [0.41748578399337954, 0.13670610826416882, 0.05329670632175032, 0.2553000893547108, -0.04766610515375858, -0.019510785126944152, 0.594643328241498, -0.16367985199784948, 0.4451071067693527, 1.11, 0.5793449797464251, 0.4565524943263852, -0.059259365341521916, 0.02803632549018568, 0.16058857438209193, -0.09694826587423462, 0.444301065753582, 0.148522075979881, 0.08503297276404313, 0.15846133029232945, 0.421388228487702, 0.4497644553419875, 0.04984384877809596, 0.365237490344399, 0.4675295887774297, 0.3374416983533474, -0.14464895329321184, 0.19486045247352274, -0.266520660836852], [0.3708625665374872, 0.043469822067631406, 0.34071644764366116, 0.21226014211269673, -0.47267170148436033, 0.3962836438693767, 0.6392337225711016, -0.08027895247598515, 0.5957078411923218, 0.5096090099621331, 0.93, 0.5827449062149027, -0.18015833417936442, 0.3073334118237555, -0.05876051317768354, 0.15953144713877346, 0.42038550882415177, 0.47683167258582065, 0.013595229387382534, 0.26517498455567495, 0.18309593564038, -0.01605146415851661, 0.13123867206627557, 0.14809468969689615, 0.35238878268424895, 0.4036405679950462, 0.05904527525862606, 0.00337729557596367, -0.13596073778907353], [0.3060121923065395, 0.3048963612326774, 0.12470975606605576, 0.3127658799681202, -0.28316018280666155, 0.2051263505811311, 0.8264740436087573, 0.11652193794393262, 0.7217738607291984, 0.5300207118041944, 0.5943998043392008, 1.1, -0.0191421010842212, 0.1486724733293955, 0.033552788417593626, -0.07159762837894235, 0.6059004479040957, 0.5548815559001876, 0.14646778200281838, 0.2087266162789112, 0.6313775090876522, -0.011075604354627953, -0.21144843305315336, 0.21020544313497638, -0.06556570901451199, 0.57167080426705, 0.1277495313835221, 0.04155872496168058, 0.1934248672763727], [-0.28148397635295214, 0.4632058370822361, -0.4163753909433339, -0.49337444833900956, 0.06311215603228053, -0.2748388666333423, -0.05953391568933306, 0.5544390732542326, 0.02157461006750789, -0.06818013001658974, -0.1705754440634408, -0.021035275916726593, 1.0, 0.17110722445821674, 0.4737899520886998, 0.19078830066644348, -0.15555630743369048, -0.3782764650155206, 0.10173115568704437, -0.5164757920300598, 0.04173144541260243, 0.09755957708363769, 0.13451121907299735, -0.12921994335112605, -0.4293203195011795, -0.3433465347341835, -0.08192423695677714, 0.22337018157380648, 0.12236336949317392], [0.4063789961080415, -0.10499186917462883, 0.20649617470095893, 0.001414743531778569, -0.08776434360186666, 0.1512158256533707, 0.39825051845707804, 0.20599518565105374, 0.4263083793461486, 0.02750733821678595, 0.24422030046709142, 0.1710532757660787, 0.14155234023361568, 1.0, 0.03392401219960929, 0.2395987143003883, 0.14726625818176, 0.1758566016251225, 0.3065398423977922, 0.0449191709097285, -0.19399885265365394, 0.22685320595365502, -0.1306806489117563, -0.1829479476798521, -0.01085604958469153, 0.3555246481049824, 0.25766157574079246, 0.2579226898676335, -0.08047929931667971], [-0.022644645549093997, 0.27980361888339833, -0.13019940497862154, -0.08319552641097817, 0.04049155731130833, -0.09597884023421707, -0.13485180861391188, 0.6198476053686302, 0.11520591620892146, 0.16376854615203434, -0.052575196001085275, 0.04092702763025157, 0.5147910056348372, 0.03138763745571327, 0.99, 0.3568008845444633, -0.1942843584489189, -0.4113255842679503, -0.06791198459771873, -0.24042938245103943, -0.11972356831352775, -0.13902191195971883, -0.12037657650571713, 0.21449630894989, -0.23583603509073525, -0.44780686341254505, -0.22204253299269153, 0.3322374551832782, -0.1954985109464259], [0.3313673814343517, 0.1811534405118327, 0.11985194643239507, -0.001006975411507218, 0.12478160878585501, 0.3178649260147542, -0.10941011700953754, 0.20053210229283058, 0.03704841379785451, -0.09200192577861041, 0.12534613703760772, -0.07002405412885569, 0.18873681356250324, 0.2605345242878009, 0.36094973203916636, 0.89, 0.10631687107025105, 0.19441387811004657, 0.18796394585137674, 0.41411654084388905, -0.0992548666659395, -0.12708264565696456, 0.01786246305499434, 0.026134259069756013, 0.22825824811408524, -0.10352902564757589, 0.04903145712719036, 0.003887760400431142, -0.02830675569772483], [0.3432675068762551, 0.42440869398345155, 0.3227542685813191, 0.327915580143477, -0.11682469871837443, 0.4245909298283393, 0.6658727448343035, -0.4171757057628207, 0.7108205829723614, 0.39987095917822385, 0.47836971693782787, 0.6059004479040957, -0.13414947613547618, 0.11542490506137945, -0.24727100166226043, 0.09936156174789817, 0.87, 0.667056556508196, 0.34358792322120557, 0.47134569038138646, 0.5568478388457909, 0.0019097591245018268, 0.07054548254414601, 0.11702081561221629, 0.4247367731170005, 0.6890700765561321, 0.3105744198980601, 0.044446280535753176, 0.332440216148402], [0.6688237434358011, 0.03915641708105987, 0.6039563730101717, 0.5257730609745934, -0.23010594498147374, 0.6206556014139726, 0.6271292135039701, -0.24345200768172606, 0.6037021999518442, 0.17919511341050862, 0.49433008258896993, 0.5339426292624446, -0.41198426882878486, 0.1758566016251225, -0.36685795353628, 0.1658760611397645, 0.713288199038467, 0.85, 0.39267904136511783, 0.6565783412486723, 0.24110829016241314, 0.1546370271660449, -0.01799106300915405, 0.15430829374010369, 0.4186086932979652, 0.7657843591554536, 0.4660493701259256, 0.1767991337524703, 0.33013979499757057], [0.4114615655577874, -0.07659939148326839, 0.49995720245808317, 0.32691938225708156, -0.17839623676880328, 0.6604936073839721, 0.24127934776866375, -0.15367307521294135, 0.3596812765768868, 0.09003491233839861, 0.012438188588456361, 0.14484036220278707, 0.10858943584572152, 0.23124935479131692, -0.07057519967998221, 0.19745707442972912, 0.3669385587799283, 0.3836519369659197, 1.09, 0.500509871102175, -0.11296006418671592, 0.2619034499540562, 0.2131893531018644, -0.07683529793301684, 0.34772153896299557, 0.44513874444210216, 0.415269258401111, 0.5439126082945306, 0.46255718542529173], [0.7951613457994636, -0.04663725784599606, 0.5003600434488705, 0.5032383674710097, 0.03780101321709968, 0.4924969850554635, 0.2525723209595452, -0.3995622283834011, 0.22533916723767206, 0.1710127227907318, 0.22660407771121313, 0.17077632241001825, -0.46287924757411014, 0.04242366141474359, -0.29855516721942255, 0.33349208156454785, 0.4454475755252663, 0.7311895163905668, 0.44653331637546995, 1.02, 0.08226252255956502, 0.08067175986981608, -0.0860430356617746, 0.2890935360687671, 0.6331111380739856, 0.5733836542459629, 0.1191741295919337, 0.07462679378317258, 0.07379279377321168], [-0.1466106557144086, 0.3021815703316742, -0.4338572476903472, -0.06974273943594403, 0.13662041470281003, -0.22459578469244892, 0.5032781005328133, -0.027501476337595334, 0.41604898711607846, 0.3823707999240259, 0.2151849140515806, 0.48917536740124407, 0.032542870275882624, -0.16546960961635188, -0.1281888711235752, -0.0927105897429105, 0.6236695795072859, 0.2586891029867558, -0.11194240595079956, 0.10330642367945377, 0.91, 0.08408796545929159, 0.16115797560595205, 0.26727426515475283, 0.056436594139686616, 0.09831602305264946, -0.06474481628497845, 0.036785181019599926, 0.1367147176549015], [0.2633280151197256, -0.18759859342466828, -0.09618244723758551, 0.11468670879751851, 0.1378884204435447, -0.17662546276576535, 0.18736421976217688, 0.013534202321320368, 0.054386417363118014, 0.42406362932244535, -0.02133900529308679, -0.009819607984515505, 0.07678300048249262, 0.17666444357452782, -0.12288544003582287, -0.13605318535039734, 0.0017187832120516442, 0.1982992466011635, 0.22586169078606677, 0.08148662613112735, 0.0927867205068045, 1.0, 0.10516160871127048, 0.09559212636673778, 0.32890340915612665, 0.2987901907876243, 0.05965270331278529, 0.4325195215546642, -0.15819047798200145], [-0.3035944886486113, -0.012089674894526033, 0.09526336335122598, -0.26730350662344665, -0.12629147311183966, 0.15714957142204675, 0.005549257079664232, -0.15609446548337685, 0.030318573673215228, 0.04621884159423443, 0.12971264099573748, -0.1888665615620399, 0.12853294266975301, -0.16072217739721753, -0.1283134936379622, 0.016039762743260223, 0.07884495107875143, -0.022142846780497293, 0.24994613811942723, -0.09245049576424717, 0.13212050252379853, 0.1061263941122913, 1.14, -0.2159803540742675, 0.312135736550053, -0.21828403065402366, 0.298788007012667, 0.24067126488092333, 0.2679401795206194], [0.16212126589506468, 0.13055316537196576, -0.1780716264719485, -0.026407010039163237, -0.2271969529313393, -0.07303928920303356, 0.08819932410300561, 0.16709389795337182, 0.1544566308554344, 0.3464108155843785, 0.12834873107064335, 0.20651762834313475, -0.17129155281428335, -0.18643267049280166, 0.19944393639200303, 0.023782175753477974, 0.09473113644798462, 0.1365034906162456, -0.06668723971544858, 0.25667183108909225, 0.3137567460512316, 0.09250850938716558, -0.16628575933151568, 0.88, 0.3954922261082184, -0.1278133301145784, -0.5409626024953916, 0.11201297976718995, -0.6591784402149312], [0.5291121262383246, -0.059355305789059495, 0.46367892731394195, 0.32158379888511224, -0.09861216170063347, 0.45284812127634216, 0.18038565693170738, -0.6109944585974093, 0.08637096346988529, 0.4039818776814684, 0.3272181553496597, -0.05370143785950505, -0.43719775655624704, -0.010158872088426937, -0.1957884064904217, 0.23944737792359924, 0.4816602581739181, 0.47650138492427957, 0.38044827204186576, 0.756822509881546, 0.05240540884399472, 0.3544493050129132, 0.3220975153761185, 0.4025545872887222, 0.97, 0.2780309852647323, 0.09785613008555535, 0.19860324208111418, -0.14667470029874716], [0.7549891984677589, -0.12349750610319471, 0.5086487124222661, 0.6825585968958316, -0.09149521830362611, 0.4259302779042308, 0.7464479210858794, -0.42309272239772927, 0.4522008630588517, 0.3253902091264421, 0.3993003468338091, 0.5297133140456151, -0.3918628929031442, 0.34819424298941576, -0.45267432931920315, -0.07999970163676319, 0.6394073683358703, 0.8508715101727263, 0.3475205987311149, 0.6301543130821969, 0.07597147235886548, 0.275806329957807, -0.24396450484861468, -0.1121627182638137, 0.290526759883372, 0.91, 0.3982353938908123, 0.09309077232170511, 0.2357162604601168], [0.19528343518249397, -0.15837937227554483, 0.431561158263163, 0.3887635286969161, -0.09894932488928239, 0.6092390559223273, 0.3292075077014414, -0.19574131661726, 0.20421246319383288, -0.11776728940686275, 0.05325652278229017, 0.11410637754644692, -0.09495763829080987, 0.25766157574079246, -0.1864319380787693, 0.05097329701341572, 0.25832825580305935, 0.4007153462764968, 0.45191066355415027, 0.1260232174995161, -0.07829605690276466, 0.0642923580148908, 0.293305658260141, -0.5855780748661457, 0.09168502278286267, 0.4021396624583693, 0.99, 0.2788224156287891, 0.8058937477326715], [0.23445633096556598, -0.10212041691520762, 0.24018143709286724, 0.2581388627348069, -0.1573725798135607, 0.18725567988378453, 0.20406900751288926, 0.1837978565513917, 0.3540400252826464, 0.2098497180484091, 0.002840715905016171, 0.045809049105488824, 0.21727826753088447, 0.2549580612484653, 0.29798617114376497, 0.0044606935120736265, 0.053934812335520714, 0.16608403473716907, 0.4930796542483127, 0.07093239805133235, 0.03503350573295231, 0.5418376423871617, 0.21417534581146386, 0.1087184803622726, 0.16804889714555815, 0.07843759519699227, 0.2957207438487158, 0.88, 0.1785241748018658], [-0.06135879065937987, 0.04259980401255645, 0.259254629831319, 0.22913039199677157, 0.08541476538003494, 0.417936575714577, 0.22750146198965063, -0.17641666079389232, 0.19509943774279112, -0.30261200032517577, -0.14717399451394556, 0.19003144855222587, 0.12499483980485507, -0.08047929931667971, -0.18327985401227428, -0.03359483093795914, 0.31362284542302077, 0.26473474127163676, 0.4216229212283633, 0.07605175684790184, 0.14614331887248092, -0.15998809704997874, 0.23444765708054194, -0.623223252566844, -0.14330286810797138, 0.2279453947306624, 0.698441248034982, 0.17131107683007324, 0.88]], "name": 1}, {"matrix": [[1.0, -0.09536198313458105, 0.6771404216912394, 0.6031526859609467, -0.08204475663263318, 0.4310280357722097, 0.49102845988537597, -0.1569683322414465, 0.2727002250925096, 0.31431030917723324, 0.33673346700283413, 0.33140455507110483, -0.3164861858383905, 0.3983089948762489, 0.0346481784179618, 0.30080272411568426, 0.2843809353532641, 0.6837915551680909, 0.4130182639022213, 0.6510134487693313, -0.12677560213883912, 0.25797891747479557, -0.31377705890028784, 0.1357180264021144, 0.3794873450804333, 0.6796744182288905, 0.12835471856969158, 0.17381603133842033, -0.07608113165489587], [-0.09796276449279688, 1.14, -0.10498824406635188, -0.1253133362876282, -0.00253326782202165, 0.03950174861362043, 0.05881852417222355, 0.032530909950398555, 0.2900884891194068, 0.11184548936778389, -0.012785887343501466, 0.24408112757083597, 0.3343709757109785, -0.03225187158672882, 0.32285283858444674, 0.18913543387145373, 0.3958810947926577, 0.017886684174346877, -0.09755405108021505, -0.08029251637952278, 0.24079774551436064, -0.22516832045796548, -0.037565053692984546, 0.1357653087196245, -0.04099901516434672, -0.12310360192814783, -0.15509861786901835, -0.08422126732686533, 0.019889525259241096], [0.6893411500100004, -0.11432053242780538, 0.92, 0.6373286525259898, -0.2877429683026475, 0.8589583337625818, 0.24891657866124348, -0.3928034209915208, 0.38696226219394964, 0.0673181554644552, 0.31171849636761995, 0.12453326879736519, -0.4640670598944475, 0.2089561237333399, -0.1379554627348477, 0.14396707617076018, 0.2952785318805134, 0.5762747745125172, 0.5650376461380876, 0.5406325308871561, -0.33634938662169594, -0.1096386058238306, 0.056110217243379334, -0.16207459612982603, 0.36899059182415317, 0.5561866497742062, 0.33407497479804293, 0.202588023135539, 0.21456104229766795], [0.6321504112475307, -0.13586603829079688, 0.6685702531400088, 1.07, -0.09747758281342321, 0.4860317101113834, 0.19887780391657736, -0.4520774216216274, 0.24476883481931985, 0.1788929629218826, 0.11929851496770659, 0.2209593387463174, -0.5846716168799465, -0.01826686510961075, -0.11310526351164206, -0.016727388729758486, 0.235475438562688, 0.5336178811850221, 0.2648887015101607, 0.43860270468847756, -0.05955789757884791, 0.07092423090762257, -0.23970575245608866, -0.04254267831656519, 0.31991953266728956, 0.5251496558259036, 0.44252073951097404, 0.25869669107465987, 0.3012932192492453], [-0.07847759330077955, -0.0023365091562335604, -0.3825288872729314, -0.11787986758832575, 0.89, -0.3945947681091956, -0.2736755234903713, -0.09245939519010232, -0.28212984268227725, -0.0954385786775193, -0.3947936675053853, -0.25723357421313037, 0.06687445495450427, -0.06484789115857051, 0.08080157327839065, 0.10543906364315009, -0.16236872367391364, -0.23605643295062692, -0.22078910195643844, 0.011925992745685166, 0.1049533032511415, 0.12418483844798689, -0.1393607695608688, -0.16741529973375452, -0.0589803515470931, -0.13925807239475183, -0.09570764693685589, -0.17299106783965554, 0.08879327304732224], [0.5098181068273449, 0.0414193092259321, 0.9167728369966017, 0.6007133495758672, -0.34879358966794966, 0.95, 0.24775191913728636, -0.3315856797432889, 0.4525287420171821, -0.013444088060749015, 0.28565266695555014, 0.16144287544650546, -0.2623895216685001, 0.19028953985435756, -0.13806681579438812, 0.2909160247873556, 0.48646186352575405, 0.6594575941498141, 0.6281258608386655, 0.5287071888555533, -0.1734366199345131, -0.1229844958553602, 0.11282056342920124, -0.04486155044051313, 0.31254145568289077, 0.4958272938728252, 0.5056306454280468, 0.23818249089964016, 0.42513057732427834], [0.3838949777285666, 0.07318118705148745, 0.25849029322513745, 0.17019350527476332, -0.27635861685792396, 0.2533826445722247, 0.96, 0.022659714467668613, 0.746915266276243, 0.5595726219904011, 0.5912547620782638, 0.9418412384031397, -0.06437074475438458, 0.4305904501696085, -0.11358315418724796, -0.06453989505074006, 0.6339486392640638, 0.6207853673723607, 0.2361057063040771, 0.2347248216735107, 0.40357832790507675, 0.19722713508963832, -0.014834664401563245, 0.07317096222368576, 0.1188999245945282, 0.6120505010396378, 0.2741816943601328, 0.19334631806366656, 0.15971559929617848], [-0.1376915195100408, 0.03053922158608844, -0.38875390118748454, -0.4520774216216274, -0.08459051049307234, -0.3218331597508392, 0.024261916500736093, 1.01, 0.02401905454160691, -0.11803682799357945, -0.02918094241586727, 0.15104474366739795, 0.4535561364023403, 0.19149226460197144, 0.5292191293449847, 0.20750793948464982, -0.39487829334141006, -0.28908080832255467, -0.1291021453730564, -0.4199905975457913, -0.030890603192699935, -0.0034723369159017146, -0.17472610158790364, 0.16074479762467903, -0.4409404706015037, -0.3535348411370354, -0.2075606743712054, 0.13526635981682794, -0.20197876421297808], [0.2785023575412864, 0.29536282528521424, 0.3021021169759783, 0.24241528833067255, -0.29667261807827094, 0.46098722317638174, 0.8334001918450713, 0.022502061623189632, 0.95, 0.39151909980988386, 0.5319792282716047, 0.7957556720427778, 0.02768627697180082, 0.388610435710181, 0.06835905750567581, 0.039122912576701516, 0.7629945117913154, 0.4731454501796666, 0.2553391665365991, 0.18194085576293104, 0.3108498261731683, 0.045467793733985434, 0.035933880663726346, 0.14538323832344846, 0.06478836926642555, 0.40281204874374754, 0.20039943215618092, 0.341566484417717, 0.14095398891664024], [0.3246721875017574, 0.11623158699004993, 0.05480770179406973, 0.13809281348355848, -0.0907602169776409, -0.011064603448227068, 0.474304412925197