{"times": [{"matrix": [[1.0, -0.25832900611392423, 0.2930895812100019, 0.464373242466417, -0.3835640708282832, 0.13819642823030845, 0.09034684066833779, -0.10914175873440249, -0.07343264336239015, 0.08404125860986643, 0.1304467500464482, 0.1966364547717274, -0.15253612597493765, -0.1285829990521675, 0.20461988481092092, 0.07110995453082569, 0.0867021732388802, 0.2716045171179873, -0.03942532061527914, -0.2565002097490501, -0.24085156264321705, 0.2931185946843107, -0.3758715412177546, 0.21944241478722226, -0.06945939319450745, 0.43814444547812814, -0.47169563709160844, 0.3185339496846904, -0.47689840715516424], [-0.25832900611392423, 1.0, -0.0009536566158600331, -0.4735501019094244, 0.3973529282533837, 0.22805147781181817, 0.32520675788893727, 0.43101148621075475, 0.1768589822927358, 0.1411770068746747, -0.04211765555286159, 0.35845761864921644, 0.39664599017424657, 0.41188612204961883, -0.10419130453330121, 0.12383371163708139, 0.2430711436677547, -0.016608674834282626, 0.3728936403992516, -0.1850568026151162, -0.05102064148995491, 0.04276370681517407, 0.41440605479496123, 0.28428969962479395, 0.4768628590815937, 0.07508391541288352, 0.3100864282910459, -0.20624689613581176, 0.25627842705839804], [0.2930895812100019, -0.0009536566158600331, 1.0, 0.24199392724335558, -0.38227720781075547, 0.5477389078665035, 0.09093031143873553, 0.08538853557581616, 0.11385308938996139, -0.29049120233152076, 0.12412711953676882, 0.020333246237392192, -0.0051379457148030775, -0.12476547324441688, -0.41342525696515803, 0.10859025786066973, 0.1456567393599889, 0.33355936619582727, 0.10498343993862466, -0.0951463210749211, -0.24516265788164737, -0.30181576690792355, 0.3367938314751194, 0.04947440166223317, 0.07818127149739613, 0.16154877878927285, 0.05889007388678389, 0.24191351685439344, 0.1728985896051786], [0.464373242466417, -0.4735501019094244, 0.24199392724335558, 1.0, -0.22118949036073585, 0.119421238219688, -0.23912894260379136, -0.44598586578808747, -0.010480054843400316, 0.020055401878800942, 0.09068569851447435, -0.004507911123664073, -0.47114550792599186, -0.1647655317547436, -0.08013501607651756, -0.2298719688465389, -0.000366370931042515, 0.2164205008881116, -0.06234377580795934, -0.0776830070470414, 0.2397590741383552, 0.18748944495641698, -0.21934569488987557, 0.07956546904357363, -0.1973547180439148, 0.4129421535442625, -0.26981379987294796, 0.18103285431904761, 0.03053946700082759], [-0.3835640708282832, 0.3973529282533837, -0.38227720781075547, -0.22118949036073585, 1.0, 0.034791373854773586, 0.327141627426171, 0.3347716354910387, 0.410516977573153, 0.23119563794103862, 0.1959899251919355, 0.3736398784724574, 0.25395602714492227, 0.2897013267387815, 0.12799578238279372, -0.07508607994084378, 0.13019199224312875, -0.0407487539151762, 0.33754042496940684, 0.2743914372572849, 0.278182007364019, -0.2740903246695621, 0.05316188857537827, 0.173764136319311, 0.4551629152962776, -0.06647506644924196, 0.22819392335273755, -0.23515845248695458, 0.3524389804142507], [0.13819642823030845, 0.22805147781181817, 0.5477389078665035, 0.119421238219688, 0.034791373854773586, 1.0, 0.18185771545222837, 0.24252804818753057, -0.08277992461933822, -0.26140140777518345, 0.24893505181269335, 0.20281092721671437, 0.02778991216858498, 0.31265385955560243, -0.33965263862421363, 0.06541159344411136, 0.15800286427312157, 0.607739117158607, 0.5825587814697826, -0.2249279708883806, 0.025357472186829974, -0.157707300609958, 0.0014368320673982418, 0.13204590236516717, 0.32206913354095046, 0.1360309210514306, 0.2840693770514785, -0.054482097233629505, 0.30519568796475993], [0.09034684066833779, 0.32520675788893727, 0.09093031143873553, -0.23912894260379136, 0.327141627426171, 0.18185771545222837, 1.0, 0.5026044431974213, 0.6912922652324001, 0.38940109974748216, 0.7837915931082735, 0.7284619034847183, 0.5805029384178927, 0.5930345537031088, -0.22074787679346022, 0.12407988550903844, 0.7363840756599453, 0.2523474367996883, 0.014290491498621268, -0.46930714673691554, 0.1429501650972472, -0.006163506809202613, 0.3442628876730296, -0.049726927491387525, 0.4915852686000057, 0.03391444068037169, 0.29926189386745605, -0.15665403297741906, 0.1720747909296983], [-0.10914175873440249, 0.43101148621075475, 0.08538853557581616, -0.44598586578808747, 0.3347716354910387, 0.24252804818753057, 0.5026044431974213, 1.0, 0.4207393270699936, 0.3476672692128509, 0.05596975412936845, 0.5212500151599986, 0.709054096141016, 0.5351129052640247, 0.05133541657458656, 0.23725072050260412, 0.33319432668687843, 0.20405728627604613, 0.1536505084928306, -0.13608752415419278, -0.11335330632189447, -0.05423525673117075, 0.25730392013771947, 0.2905955975063644, 0.4900347200753042, -0.26770720072430804, 0.5049288511280146, -0.07851852985329533, -0.0023105343616796168], [-0.07343264336239015, 0.1768589822927358, 0.11385308938996139, -0.010480054843400316, 0.410516977573153, -0.08277992461933822, 0.6912922652324001, 0.4207393270699936, 1.0, 0.4987603122670951, 0.4514957468503663, 0.7111834165428318, 0.49120248371916714, 0.3817545637443647, -0.040207878726529915, 0.08621092305235321, 0.7597828133859881, 0.3011814094658983, -0.030190081982366293, -0.1296562465304706, 0.2660079391860725, -0.17926617017608465, 0.4997122702530195, 0.014851302932138617, 0.30456281048017975, 0.12299400362612176, 0.29076702014992345, 0.04539553769198824, 0.4021910414246506], [0.08404125860986643, 0.1411770068746747, -0.29049120233152076, 0.020055401878800942, 0.23119563794103862, -0.26140140777518345, 0.38940109974748216, 0.3476672692128509, 0.4987603122670951, 1.0, 0.27252733625714176, 0.5042881424520176, 0.1937971648114856, 0.2720573633323586, 0.37918559654649237, 0.11984985558865971, 0.44308868824554287, 0.1527755876877902, -0.26861534474730736, -0.1291071269612556, 0.24478653108635115, 0.4211355265167106, 0.05583711337032812, 0.30103024116126204, 0.15206097230144588, 0.13118922209244632, 0.2215021446954351, -0.07246969823928189, -0.10457879840971873], [0.1304467500464482, -0.04211765555286159, 0.12412711953676882, 0.09068569851447435, 0.1959899251919355, 0.24893505181269335, 0.7837915931082735, 0.05596975412936845, 0.4514957468503663, 0.27252733625714176, 1.0, 0.437021190622387, 0.08820583785027018, 0.2944392318314752, -0.36361509831439304, 0.032477315637289665, 0.5248919155339845, 0.3418846796413755, 0.02585871088780499, -0.36574158855588107, 0.27124147041483593, 0.04352458637157018, 0.22447921131337492, -0.19717808546209828, 0.31921521342825127, 0.18827774508545972, 0.2502827246370436, -0.17464330383434568, 0.2098227973296198], [0.1966364547717274, 0.35845761864921644, 0.020333246237392192, -0.004507911123664073, 0.3736398784724574, 0.20281092721671437, 0.7284619034847183, 0.5212500151599986, 0.7111834165428318, 0.5042881424520176, 0.437021190622387, 1.0, 0.44164077773132127, 0.6120131104508277, 0.18445602771992015, 0.3335552820873573, 0.6899115223597619, 0.4069454829457094, 0.12555791606459188, -0.2984487884848703, 0.22541867590030504, 0.07821963254681992, 0.2419757161647965, 0.09325012999816755, 0.38852589076090344, 0.26940917557231364, 0.14458675791995018, -0.21396536163503654, 0.24522179111941192], [-0.15253612597493765, 0.39664599017424657, -0.0051379457148030775, -0.47114550792599186, 0.25395602714492227, 0.02778991216858498, 0.5805029384178927, 0.709054096141016, 0.49120248371916714, 0.1937971648114856, 0.08820583785027018, 0.44164077773132127, 1.0, 0.4357236143875632, -0.18878444801904834, -0.10706995701669049, 0.4845853773215206, -0.026359043080431004, -0.13171543184336099, -0.4019145473024165, -0.23383877790254606, -0.13550054443164858, 0.20366701145294083, -0.10456640764457087, 0.31455771771200264, -0.12353541747508777, 0.3422934479777745, 0.0944217467499775, 0.09692590606474671], [-0.1285829990521675, 0.41188612204961883, -0.12476547324441688, -0.1647655317547436, 0.2897013267387815, 0.31265385955560243, 0.5930345537031088, 0.5351129052640247, 0.3817545637443647, 0.2720573633323586, 0.2944392318314752, 0.6120131104508277, 0.4357236143875632, 1.0, 0.014400098111652705, 0.21755307412615296, 0.4241644272727809, 0.26469479636026766, 0.17657183996630121, -0.21266458397665183, 0.12298016307922074, -0.019773449288258742, 0.30662796085480487, 0.11593293613061537, 0.4003885496039678, -0.14058984822956297, 0.35719299691483075, -0.4990570369980493, 0.09144175928556965], [0.20461988481092092, -0.10419130453330121, -0.41342525696515803, -0.08013501607651756, 0.12799578238279372, -0.33965263862421363, -0.22074787679346022, 0.05133541657458656, -0.040207878726529915, 0.37918559654649237, -0.36361509831439304, 0.18445602771992015, -0.18878444801904834, 0.014400098111652705, 1.0, 0.24907736851538745, -0.23787620880802515, -0.10919502631416753, 0.04926108702233196, 0.4610357091505349, -0.07307109820513372, 0.16062033299589443, -0.36149556579119346, 0.2944378496832796, -0.2001254452903043, -0.15756659821506924, -0.40681993086983415, -0.056678843554487685, -0.4391119888364034], [0.07110995453082569, 0.12383371163708139, 0.10859025786066973, -0.2298719688465389, -0.07508607994084378, 0.06541159344411136, 0.12407988550903844, 0.23725072050260412, 0.08621092305235321, 0.11984985558865971, 0.032477315637289665, 0.3335552820873573, -0.10706995701669049, 0.21755307412615296, 0.24907736851538745, 1.0, 0.22842920226522684, 0.31008431823906185, 0.12307870176938071, 0.32940649343360673, 0.05382493292542392, -0.28145043037544076, 0.15612301381675867, -0.024023433487672673, -0.07828042219464965, 0.015136673077926118, 0.16868749094912952, -0.30259255229783794, 0.08806049146087058], [0.0867021732388802, 0.2430711436677547, 0.1456567393599889, -0.000366370931042515, 0.13019199224312875, 0.15800286427312157, 0.7363840756599453, 0.33319432668687843, 0.7597828133859881, 0.44308868824554287, 0.5248919155339845, 0.6899115223597619, 0.4845853773215206, 0.4241644272727809, -0.23787620880802515, 0.22842920226522684, 1.0, 0.44336536386097647, 0.027149516480718575, -0.5031190149873794, 0.42079545683813857, -0.03501791640800071, 0.22891678972403834, -0.1204182671365003, 0.15493010476406854, 0.17036066807390968, 0.36582096186348717, 0.09467403259845528, 0.4588776250525535], [0.2716045171179873, -0.016608674834282626, 0.33355936619582727, 0.2164205008881116, -0.0407487539151762, 0.607739117158607, 0.2523474367996883, 0.20405728627604613, 0.3011814094658983, 0.1527755876877902, 0.3418846796413755, 0.4069454829457094, -0.026359043080431004, 0.26469479636026766, -0.10919502631416753, 0.31008431823906185, 0.44336536386097647, 1.0, 0.41527827753066465, -0.18664601985345478, 0.18743157009870773, 0.025442555883195623, 0.10557488147471658, 0.2866806127045089, 0.3449704992499255, 0.4492895361090209, 0.2579023246650797, 0.22960036539721274, 0.3429175942279905], [-0.03942532061527914, 0.3728936403992516, 0.10498343993862466, -0.06234377580795934, 0.33754042496940684, 0.5825587814697826, 0.014290491498621268, 0.1536505084928306, -0.030190081982366293, -0.26861534474730736, 0.02585871088780499, 0.12555791606459188, -0.13171543184336099, 0.17657183996630121, 0.04926108702233196, 0.12307870176938071, 0.027149516480718575, 0.41527827753066465, 1.0, 0.12414079628475168, 0.15018592436716324, -0.13512628055431655, -0.01578924033567235, 0.2818713426185477, 0.2654817406521637, -0.08006645252733549, 0.17744725706335182, 0.10872814064680034, 0.3013989231468161], [-0.2565002097490501, -0.1850568026151162, -0.0951463210749211, -0.0776830070470414, 0.2743914372572849, -0.2249279708883806, -0.46930714673691554, -0.13608752415419278, -0.1296562465304706, -0.1291071269612556, -0.36574158855588107, -0.2984487884848703, -0.4019145473024165, -0.21266458397665183, 0.4610357091505349, 0.32940649343360673, -0.5031190149873794, -0.18664601985345478, 0.12414079628475168, 1.0, -0.16604801075473383, -0.5470613184440651, -0.024648115092407122, 0.05838469433603471, -0.22941357595683692, -0.22293585159307786, -0.1386794280298464, -0.21756521018304972, -0.08684112455596289], [-0.24085156264321705, -0.05102064148995491, -0.24516265788164737, 0.2397590741383552, 0.278182007364019, 0.025357472186829974, 0.1429501650972472, -0.11335330632189447, 0.2660079391860725, 0.24478653108635115, 0.27124147041483593, 0.22541867590030504, -0.23383877790254606, 0.12298016307922074, -0.07307109820513372, 0.05382493292542392, 0.42079545683813857, 0.18743157009870773, 0.15018592436716324, -0.16604801075473383, 1.0, 0.1304540379874948, -0.03999009391851041, 0.03768607745787126, 0.0486575984126709, -0.14280754837717854, 0.3052216958986292, -0.08898907895949276, 0.5546369202395447], [0.2931185946843107, 0.04276370681517407, -0.30181576690792355, 0.18748944495641698, -0.2740903246695621, -0.157707300609958, -0.006163506809202613, -0.05423525673117075, -0.17926617017608465, 0.4211355265167106, 0.04352458637157018, 0.07821963254681992, -0.13550054443164858, -0.019773449288258742, 0.16062033299589443, -0.28145043037544076, -0.03501791640800071, 0.025442555883195623, -0.13512628055431655, -0.5470613184440651, 0.1304540379874948, 1.0, -0.18159093613928942, 0.3932879792125107, 0.2056823985062349, 0.1827874604548345, -0.20852737566478172, 0.09985413682275882, -0.4083932027360552], [-0.3758715412177546, 0.41440605479496123, 0.3367938314751194, -0.21934569488987557, 0.05316188857537827, 0.0014368320673982418, 0.3442628876730296, 0.25730392013771947, 0.4997122702530195, 0.05583711337032812, 0.22447921131337492, 0.2419757161647965, 0.20366701145294083, 0.30662796085480487, -0.36149556579119346, 0.15612301381675867, 0.22891678972403834, 0.10557488147471658, -0.01578924033567235, -0.024648115092407122, -0.03999009391851041, -0.18159093613928942, 1.0, -0.019253165513128615, 0.31512705430557697, 0.08031528196214782, 0.46180128205408766, -0.2380426654913499, 0.37869486982503375], [0.21944241478722226, 0.28428969962479395, 0.04947440166223317, 0.07956546904357363, 0.173764136319311, 0.13204590236516717, -0.049726927491387525, 0.2905955975063644, 0.014851302932138617, 0.30103024116126204, -0.19717808546209828, 0.09325012999816755, -0.10456640764457087, 0.11593293613061537, 0.2944378496832796, -0.024023433487672673, -0.1204182671365003, 0.2866806127045089, 0.2818713426185477, 0.05838469433603471, 0.03768607745787126, 0.3932879792125107, -0.019253165513128615, 1.0, 0.6360212128737049, 0.04827830266919622, -0.12639822672850137, 0.2509232232099438, -0.22288022626046175], [-0.06945939319450745, 0.4768628590815937, 0.07818127149739613, -0.1973547180439148, 0.4551629152962776, 0.32206913354095046, 0.4915852686000057, 0.4900347200753042, 0.30456281048017975, 0.15206097230144588, 0.31921521342825127, 0.38852589076090344, 0.31455771771200264, 0.4003885496039678, -0.2001254452903043, -0.07828042219464965, 0.15493010476406854, 0.3449704992499255, 0.2654817406521637, -0.22941357595683692, 0.0486575984126709, 0.2056823985062349, 0.31512705430557697, 0.6360212128737049, 1.0, 0.1187614889631999, 0.1317377030529963, -0.01843922354924404, 0.10775792237737478], [0.43814444547812814, 0.07508391541288352, 0.16154877878927285, 0.4129421535442625, -0.06647506644924196, 0.1360309210514306, 0.03391444068037169, -0.26770720072430804, 0.12299400362612176, 0.13118922209244632, 0.18827774508545972, 0.26940917557231364, -0.12353541747508777, -0.14058984822956297, -0.15756659821506924, 0.015136673077926118, 0.17036066807390968, 0.4492895361090209, -0.08006645252733549, -0.22293585159307786, -0.14280754837717854, 0.1827874604548345, 0.08031528196214782, 0.04827830266919622, 0.1187614889631999, 1.0, -0.1883466432856156, 0.1532967324858439, 0.16664273888514616], [-0.47169563709160844, 0.3100864282910459, 0.05889007388678389, -0.26981379987294796, 0.22819392335273755, 0.2840693770514785, 0.29926189386745605, 0.5049288511280146, 0.29076702014992345, 0.2215021446954351, 0.2502827246370436, 0.14458675791995018, 0.3422934479777745, 0.35719299691483075, -0.40681993086983415, 0.16868749094912952, 0.36582096186348717, 0.2579023246650797, 0.17744725706335182, -0.1386794280298464, 0.3052216958986292, -0.20852737566478172, 0.46180128205408766, -0.12639822672850137, 0.1317377030529963, -0.1883466432856156, 1.0, -0.1616282662364356, 0.5174479998641771], [0.3185339496846904, -0.20624689613581176, 0.24191351685439344, 0.18103285431904761, -0.23515845248695458, -0.054482097233629505, -0.15665403297741906, -0.07851852985329533, 0.04539553769198824, -0.07246969823928189, -0.17464330383434568, -0.21396536163503654, 0.0944217467499775, -0.4990570369980493, -0.056678843554487685, -0.30259255229783794, 0.09467403259845528, 0.22960036539721274, 0.10872814064680034, -0.21756521018304972, -0.08898907895949276, 0.09985413682275882, -0.2380426654913499, 0.2509232232099438, -0.01843922354924404, 0.1532967324858439, -0.1616282662364356, 1.0, 0.058646487042737144], [-0.47689840715516424, 0.25627842705839804, 0.1728985896051786, 0.03053946700082759, 0.3524389804142507, 0.30519568796475993, 0.1720747909296983, -0.0023105343616796168, 0.4021910414246506, -0.10457879840971873, 0.2098227973296198, 0.24522179111941192, 0.09692590606474671, 0.09144175928556965, -0.4391119888364034, 0.08806049146087058, 0.4588776250525535, 0.3429175942279905, 0.3013989231468161, -0.08684112455596289, 0.5546369202395447, -0.4083932027360552, 0.37869486982503375, -0.22288022626046175, 0.10775792237737478, 0.16664273888514616, 0.5174479998641771, 0.058646487042737144, 1.0]], "name": 0}, {"matrix": [[0.87, -0.2919117769087344, 0.25791883146480166, 0.4783044397404095, -0.4065779150779802, 0.1423423210772177, 0.08402256182155414, -0.10914175873440249, -0.08151023413225307, 0.08908373412645842, 0.11087973753948097, 0.18483826748542373, -0.129655707078697, -0.12086801910903744, 0.18415789632982882, 0.08035424861983302, 0.08410110804171379, 0.24172802023500867, -0.03903106740912635, -0.26932522023650257, -0.25048562514894573, 0.32243045415274174, -0.31949081003509144, 0.2040814457521167, -0.07432155071812298, 0.4074743342946592, -0.4292430297533637, 0.34083132616261874, -0.5245882478706807], [-0.255745716052785, 1.11, -0.0010490222774460366, -0.44513709579485894, 0.3774852818407145, 0.23945405170240908, 0.2861819469422648, 0.43963171593496986, 0.16801603317809902, 0.13129461639344747, -0.04717177421920498, 0.3226118567842948, 0.45217642879864106, 0.4530747342545807, -0.0948140871253041, 0.13745541991716034, 0.2114718949909466, -0.015279980847540016, 0.3281464035513414, -0.19801077879817436, -0.04693899017075852, 0.04490189215593278, 0.41440605479496123, 0.31840446357976926, 0.5150118878081212, 0.072831397950497, 0.263573464047389, -0.2124343030198861, 0.25627842705839804], [0.2696424147132018, -0.0009059737850670314, 0.93, 0.24441386651578914, -0.4166821565137235, 0.5860806314171587, 0.08274658340924934, 0.07514191130671823, 0.12979252190455598, -0.3282550586346184, 0.13157474670897495, 0.022976568248253174, -0.004521392229026708, -0.11353658065241937, -0.4382307723830675, 0.1205351862253434, 0.1340042002111898, 0.3569085218295352, 0.1123322807343284, -0.0941948578641719, -0.2525175376180968, -0.29276129390068584, 0.3199541399013634, 0.0514533777287225, 0.07818127149739613, 0.1373164619708819, 0.06124567684225525, 0.26852400370837676, 0.17635656139728217], [0.40400472094578277, -0.5161696110812727, 0.26861325924012475, 1.11, -0.19907054132466226, 0.10389647725112856, -0.21999862719548807, -0.4103069965250405, -0.009327248810626281, 0.021258725991529, 0.0834308426333164, -0.005093939569740402, -0.41460804697487286, -0.14499366794417437, -0.08013501607651756, -0.2275732491580735, -0.0003480523844903892, 0.205599475843706, -0.061720338049879746, -0.0730220266242189, 0.2397590741383552, 0.21186307280075117, -0.2325064365832681, 0.07479154090095921, -0.2013018124047931, 0.38816562433160673, -0.29139890386278383, 0.1665502259735238, 0.03053946700082759], [-0.35287894516202056, 0.42119410394858675, -0.34022671495157236, -0.19464675151744754, 0.95, 0.03235597768493944, 0.3369558762489561, 0.3682487990401426, 0.44335833577900524, 0.21269998690575553, 0.19794982444385487, 0.3437486881946608, 0.24887690660202383, 0.3157744461452719, 0.12927574020662166, -0.06983005434498472, 0.11847471294124716, -0.0460460919241491, 0.29028476547368987, 0.28811100912014914, 0.2698365471430984, -0.2686085181761709, 0.055819983004147186, 0.15986300541376613, 0.4278531403785009, -0.05982755980431777, 0.19624677408335428, -0.24456479058643277, 0.37006092943496327], [0.13957839251261153, 0.19384375614004545, 0.476532849843858, 0.13016914965945994, 0.039662166194441885, 1.11, 0.2018620641519735, 0.24010276770565525, -0.07036293592643748, -0.28492753447495, 0.21906284559517014, 0.1805017252228758, 0.025288820073412332, 0.2938946279822663, -0.35323874416918216, 0.07260686872296362, 0.139042520560347, 0.6502808553597095, 0.6058611327285739, -0.25416860710387007, 0.022821724968146977, -0.13562827852456388, 0.001609251915486031, 0.13600727943612217, 0.2866415288514459, 0.1319499934198877, 0.29543215213353763, -0.047944245565593964, 0.28993590356652194], [0.08402256182155414, 0.3479712309411629, 0.10275125192577114, -0.21999862719548807, 0.35331295762026466, 0.19095060122483978, 0.99, 0.4875263099014986, 0.732769801146344, 0.3348849457828347, 0.8935224161434318, 0.7576003796241071, 0.5688928796495348, 0.5218704072587357, -0.2008805678820488, 0.11291269581322498, 0.7511117571731443, 0.2548709111676852, 0.012146917773828078, -0.5303170758127145, 0.14866817170113708, -0.005300615855914247, 0.32016448553591753, -0.048732388941559776, 0.5604072062040064, 0.02916641898511965, 0.29926189386745605, -0.16448673462629002, 0.1927237658412621], [-0.11350742908377859, 0.44825194565918497, 0.08368076486429983, -0.428146431156564, 0.2879036065222933, 0.2740566944519095, 0.4875263099014986, 0.94, 0.35762842800949457, 0.34419059652072237, 0.05037277871643161, 0.4795500139471987, 0.7374162599866567, 0.5672196795798662, 0.045175166585636174, 0.27046582137296865, 0.3165346103525345, 0.1938544219622438, 0.15979652883254383, -0.13064402318802507, -0.12468863695408393, -0.055319961865794166, 0.26502303774185104, 0.31965515725700083, 0.5145364560790694, -0.2623530567098219, 0.42918952345881234, -0.084014826943026, -0.0021950076435956357], [-0.07930725483138137, 0.15563590441760752, 0.12523839832895753, -0.0099560521012303, 0.4023066380216899, -0.09436911406604556, 0.6982051878847241, 0.3997023607164939, 1.04, 0.4389090747950437, 0.39731625722832237, 0.7325189190391168, 0.5599708314398505, 0.4046598375690266, -0.03498085449208103, 0.09224568766601794, 0.7901741259214277, 0.31021685174987523, -0.026869172964306, -0.14002874625290823, 0.27930833614537615, -0.1613395531584762, 0.5596777426833819, 0.0139602247562103, 0.33806471963299956, 0.1254538836986442, 0.25587497773193263, 0.044941582315068354, 0.38610339976766456], [0.08740290895426109, 0.13552992659968768, -0.24982243400510784, 0.022261496085469047, 0.2612510708733736, -0.23003323884216142, 0.3582490117676836, 0.38938734151839305, 0.4887851060217532, 0.94, 0.25617569608171326, 0.4336878025087351, 0.1937971648114856, 0.28021908423232933, 0.3602263167191677, 0.10187237725036075, 0.4741048964227309, 0.13291476128837748, -0.23100919648268434, -0.14459998219660627, 0.2668173188841228, 0.39165603966054086, 0.06086245357365766, 0.25888600739868534, 0.14293731396335912, 0.12331786876689954, 0.19270686588502856, -0.06667212238013934, -0.10144143445742716], [0.11609760754133891, -0.03664236033098958, 0.12412711953676882, 0.08433769961846115, 0.1783508319246613, 0.2514244023308203, 0.7837915931082735, 0.05261156888160634, 0.483100449129892, 0.2507251493565704, 0.9, 0.4676126739659541, 0.08908789622877289, 0.27677287792158667, -0.3490704943818173, 0.034425954575527044, 0.45140704735922665, 0.389748534791168, 0.02766882064995134, -0.3986583315259104, 0.24140490866920397, 0.042654094644138774, 0.19080732961636868, -0.21098055144444516, 0.2841015399511436, 0.16003608332264074, 0.27280816985437756, -0.17115043775765876, 0.22241216516939702], [0.19270372567629285, 0.3405347377167556, 0.01890991900077474, -0.0039218826775877435, 0.3885854736113557, 0.20483903648888152, 0.7430311415544126, 0.49518751440199865, 0.7680780898662584, 0.48915949817845705, 0.4239105549037154, 0.88, 0.4107259232901288, 0.6548540281823857, 0.19736794966031457, 0.3001997538786216, 0.6347186005709811, 0.4476400312402804, 0.13434697018911332, -0.3253091794485086, 0.223164489141302, 0.0891703811033747, 0.25891401629633226, 0.08112761309840577, 0.43126373874460283, 0.23169189099218973, 0.1648289040287432, -0.21610501525138692, 0.26974397023135316], [-0.1433839584164414, 0.3450820114515945, -0.005189325171951109, -0.41460804697487286, 0.23871866551622692, 0.03168049987218687, 0.5282576739602823, 0.8083216696007581, 0.5452347569282756, 0.22092876788509355, 0.0996725967708053, 0.4195587388447552, 1.01, 0.4444380866753145, -0.20955073730114368, -0.09422156217468763, 0.494277084867951, -0.023459548341583595, -0.14225266639082987, -0.45818258392475475, -0.20343973677521507, -0.12466050087711669, 0.19144699076576438, -0.09097277465077666, 0.27995636876368235, -0.13465360504784568, 0.32517877557888575, 0.09914283408747637, 0.08626405639762458], [-0.13629797899529755, 0.4036483996086265, -0.12975609217419357, -0.18453739556531285, 0.3273624992148231, 0.3001477051733783, 0.6226862813882642, 0.5832730667377869, 0.3932072006566957, 0.26389564243238783, 0.26205091633001293, 0.6364936348688609, 0.40086572523655817, 0.96, 0.01569610694170145, 0.18492011300723002, 0.377506340272775, 0.24351921265144627, 0.15185178237101904, -0.1850181880596871, 0.13527817938714282, -0.02076212175267168, 0.3372907569402854, 0.12752622974367692, 0.45644294654852324, -0.12231316795971978, 0.35719299691483075, -0.4291890518183224, 0.08595525372843546], [0.21485087905146696, -0.1031493914879682, -0.4258280146741128, -0.0889498678449345, 0.14207531844490104, -0.3464456913966979, -0.2516525795445446, 0.05646895823204522, -0.03779540600293812, 0.3943530204083521, -0.3890681551964006, 0.19183426882871696, -0.18312091457847687, 0.012960088300487435, 1.03, 0.2764758790520801, -0.2307399225437844, -0.10373527499845915, 0.047783254411662, 0.4333735666015028, -0.06357185543846633, 0.15419551967605866, -0.35065069881745764, 0.2944378496832796, -0.22414049872514083, -0.1733232580365762, -0.4108881301785325, -0.05441168981230818, -0.4478942286131315], [0.06542115816835964, 0.11392701470611488, 0.11076206301788312, -0.2298719688465389, -0.08484727033315347, 0.058870434099700227, 0.1352470752048519, 0.24911325652773433, 0.0801761584386885, 0.1270408469239793, 0.03410118141915415, 0.3468974933708516, -0.09743366088518834, 0.22843072783246063, 0.2515681422005413, 0.86, 0.2010176979933996, 0.2914792591447181, 0.10954004457474883, 0.3557590129082953, 0.04682769164511881, -0.2504908830341423, 0.16080670423126142, -0.02234179314353559, -0.08689126863606111, 0.013168905577795723, 0.14844499203523398, -0.2935147757289028, 0.089821701290088], [0.07456386898543697, 0.21876402930097924, 0.12963449803039012, -0.0003883531869050659, 0.11326703325152201, 0.18012326527135858, 0.7437479164165448, 0.339858213220616, 0.7369893289844084, 0.38105627189116686, 0.45140704735922665, 0.6554159462417738, 0.49912293864116625, 0.44537264863642, -0.25452754342458694, 0.2101548660840087, 1.0, 0.46109997841541556, 0.024706059997453903, -0.4276511627392725, 0.46287500252195246, -0.0392200663769608, 0.24265179710748064, -0.10596807508012027, 0.137887793240021, 0.1533246012665187, 0.33289707529577334, 0.08710010999057886, 0.48182150630518117], [0.23357988472146907, -0.018767802562739366, 0.3602441154914935, 0.205599475843706, -0.03504392836705153, 0.6016617259870208, 0.21449532127973506, 0.22854416062917168, 0.2891341530872623, 0.1543033435646681, 0.3726543008090993, 0.4557789408991946, -0.028204176096061177, 0.2514600565422543, -0.09609162315646742, 0.2852775727799369, 0.4477990174995862, 0.88, 0.3571393186763716, -0.1642484974710402, 0.21179767421153972, 0.026205832559691493, 0.10240763503047508, 0.2551457453070129, 0.338071089264927, 0.46726111755338173, 0.26821841765168286, 0.20204832154954722, 0.3189133626320312], [-0.03508853534759843, 0.33933321276331896, 0.10498343993862466, -0.06421408908219813, 0.3409158292191009, 0.6291634839873652, 0.015290825903524758, 0.130602932218906, -0.026869172964306, -0.2820461119846727, 0.023790014016780592, 0.12179117858265412, -0.13303258616179459, 0.15185178237101904, 0.04384236744987544, 0.11323240562783025, 0.029864468128790435, 0.3737504497775982, 0.98, 0.13034783609898926, 0.15919707982919304, -0.11891112688779856, -0.015947132739029073, 0.2508654949305074, 0.24158838399346896, -0.06885714917350852, 0.16857489421018423, 0.11307726627267235, 0.3044129123782843], [-0.2795852286264646, -0.19801077879817436, -0.0951463210749211, -0.0668073860604556, 0.23323272166869213, -0.1911887752551235, -0.49277250407376133, -0.1415310251203605, -0.11409749694681412, -0.11877855680435515, -0.32916742970029295, -0.3044177642545677, -0.413971983721489, -0.1871448338994536, 0.4518149949675242, 0.3195242986305985, -0.4276511627392725, -0.17731371886078204, 0.1328306520246843, 0.88, -0.18431329193775456, -0.5634731579973871, -0.020950897828546054, 0.06422316376963819, -0.254649069312089, -0.24745879526831643, -0.12897186806775715, -0.22844347069220222, -0.09726205950267845], [-0.2577111720282423, -0.047959403000557614, -0.25987241735454625, 0.24215666487973875, 0.264272906995818, 0.028907518292986167, 0.15724518160697193, -0.10541857487936186, 0.23940714526746526, 0.21786001266685254, 0.2875159586397261, 0.23443542293631725, -0.20577812455424055, 0.10822254350971426, -0.06211043347436366, 0.0522101849376612, 0.45866704795357105, 0.20055178000561727, 0.13066175419943202, -0.17268993118492318, 0.9, 0.14610852254599418, -0.04318930143199125, 0.03768607745787126, 0.047197870460290774, -0.1485198503122657, 0.293012828062684, -0.10144755001382175, 0.5324514434299629], [0.2696691071095658, 0.047040077496691486, -0.3108702399151613, 0.17061539491033945, -0.2521630986959972, -0.16874681165265507, -0.005916966536834508, -0.057489372135040996, -0.19719278719369313, 0.36638790806953825, 0.04439507809900159, 0.07509084724494712, -0.14634058798618046, -0.020366652766906506, 0.1702575529756481, -0.26737790885666873, -0.03641863306432074, 0.02493370476553171, -0.13377501774877337, -0.5197082525218618, 0.11219047266924553, 0.85, -0.16343184252536047, 0.3500263014991345, 0.2221369903867337, 0.18461533505938282, -0.2043568281514861, 0.09785705408630364, -0.3634699504350892], [-0.3345256716838016, 0.41440605479496123, 0.34352970810462174, -0.21715223794097682, 0.05422512634688584, 0.0013649904640283296, 0.38557443419379317, 0.23157352812394752, 0.4997122702530195, 0.05472037110292156, 0.19305212172950242, 0.2613337734579802, 0.18737365053670557, 0.2667663259436802, -0.3651105214491054, 0.13270456174424486, 0.2106034465461153, 0.09607314214199209, -0.016894487159169417, -0.02588052084702748, -0.037990589222584886, -0.16887957060953918, 0.89, -0.019830760478522474, 0.3245808659347443, 0.0851341988798767, 0.4664192948746285, -0.2094775456323879, 0.3218906393512787], [0.24138665626594452, 0.3070328755947775, 0.049969145678855506, 0.08433939718618805, 0.19287819131443523, 0.11487993505769543, -0.0482351196666459, 0.3138432453068736, 0.015593868078745549, 0.27393751945674844, -0.22478301742679202, 0.09045262609822252, -0.11606871248547368, 0.1228889122984523, 0.25910530772128604, -0.025224605162056307, -0.12282663247923031, 0.2924142249585991, 0.2818713426185477, 0.06013623516611575, 0.03768607745787126, 0.4011537387967609, -0.018675570547734756, 1.1, 0.5851395158438085, 0.05455448201619172, -0.14030203166863653, 0.21830320419265112, -0.2161938194726479], [-0.06181885994311163, 0.5102432592173053, 0.08678121136210971, -0.22301083138962371, 0.39144010715479877, 0.2866415288514459, 0.47192185785600543, 0.48513437287455113, 0.2832434137465672, 0.1733495084236483, 0.3287916698310988, 0.34578804277720404, 0.2736652144094423, 0.41240020609208683, -0.20412795419611038, -0.07436640108491716, 0.14563429847822443, 0.29667462935493594, 0.27610101027825024, -0.22482530443770019, 0.04622471849203735, 0.2015687505361102, 0.34033721865002314, 0.642381425002442, 1.07, 0.1104481847357759, 0.1317377030529963, -0.016779693429812077, 0.11961129383888601], [0.4644331122068159, 0.08184146780004305, 0.17447268109241468, 0.40055388893793464, -0.0644808144557647, 0.12106751973577325, 0.03832331796882, -0.232905264630148, 0.10700478315472593, 0.11151083877857937, 0.20710551959400572, 0.2532446250379748, -0.1050051048538246, -0.13496625430038045, -0.15441526625076785, 0.015893506731822424, 0.17376788143538788, 0.49871138508101326, -0.07926578800206213, -0.24522943675238565, -0.13138294450700427, 0.159025090595706, 0.07067744812669008, 0.0434504724022766, 0.1258871783009919, 0.92, -0.19399704258418407, 0.15482969981070235, 0.16330988410744324], [-0.40094129152786717, 0.2697751926132099, 0.057123371670180376, -0.28330448986659534, 0.2578591333885934, 0.32099839606817065, 0.31422498856082887, 0.5655203132633764, 0.3023977009559204, 0.19270686588502856, 0.24527707014430272, 0.13591155244475317, 0.29437236526088606, 0.3786245767297206, -0.4149563294872308, 0.1720612407681121, 0.3914284291939313, 0.2424281851851749, 0.1668004216395507, -0.13590583946924947, 0.2960650450216703, -0.22312429196131645, 0.39714910256651537, -0.13903804940135153, 0.15018098148041578, -0.19588050901704024, 0.87, -0.17132596221062177, 0.45535423988047585], [0.30260725220045587, -0.2186217099039605, 0.25400919269711314, 0.190084497035, -0.24456479058643277, -0.05666138112297469, -0.13942208934990297, -0.07773334455476237, 0.038586207038190004, -0.07391909220406752, -0.15019324129753728, -0.21396536163503654, 0.08781222447747908, -0.5040476073680298, -0.06234672790993646, -0.2602295949761406, 0.0842598890126252, 0.25485640559090617, 0.10002988939505632, -0.18710608075742277, -0.0934385329074674, 0.10185121955921399, -0.2523252254208309, 0.23586782981734716, -0.016410908958827197, 0.13796705923725952, -0.1551631355869782, 0.99, 0.060992346524446635], [-0.43397755051119946, 0.26396677987015, 0.16252467422886788, 0.027180125630736553, 0.3559633702183932, 0.3387672136408836, 0.16347105138321338, -0.0024953771106139863, 0.38610339976766456, -0.10980773833020467, 0.23919798895576655, 0.26974397023135316, 0.08820257451891951, 0.08869850650700256, -0.4786320678316797, 0.09334412094852282, 0.5001766113072833, 0.39092605741990916, 0.3285248262300296, -0.0989988819937977, 0.5379978126323584, -0.38797354259925243, 0.40520351071278615, -0.20727861042222945, 0.11853371461511227, 0.1699755936628491, 0.5329714398601024, 0.056300627561027654, 0.99]], "name": 1}, {"matrix": [[0.91, -0.159849922720534, 0.28715863831168326, 0.5393856840721242, -0.37888514460119266, 0.18252095768209833, 0.13772612466652437, -0.09776785205561303, -0.018925647380159002, -0.016361824803161784, 0.060673818936546366, 0.23735626061487206, -0.15947911062514372, -0.04526976875305067, 0.2303798956935237, 0.05568262673918964, 0.1776282986207024, 0.28528263482571115, 0.04492792929661563, -0.3222388504512615, -0.1288206255211247, 0.3473502622340095, -0.4178347140218161, 0.21440225119249076, -0.017255669892811104, 0.5072555081007536, -0.38987308057890213, 0.3034414365906105, -0.3077493535545008], [-0.1646938597726714, 0.89, 0.02948314686057458, -0.36584979569549814, 0.41555847481049035, 0.26031600918327424, 0.245339018739344, 0.3685254568943795, 0.13261279060992523, 0.050246438251877946, -0.06381387725374818, 0.3364259579086015, 0.3538840107059149, 0.4950413576774656, -0.0762545525916554, 0.16978108803916303, 0.22126198750850362, -0.002495599186438953, 0.4133496427208041, -0.18683469127618432, 0.00021715213271842948, 0.08689977623128027, 0.40471541101283887, 0.23154019402816034, 0.39809638612940773, 0.16719059964141478, 0.31934122916065844, -0.1253853371272616, 0.27765606841187107], [0.34334185015527346, 0.030854456016880374, 1.08, 0.28892818364631784, -0.43400052498355385, 0.5906923132885502, 0.05150042087891932, 0.018050522299367766, 0.09739875034776055, -0.37796129546508456, 0.13295034929581917, 0.0705964251097613, -0.027204815958196925, -0.06400975699459914, -0.37465312673382145, 0.09833061137278505, 0.127178546202393, 0.3816250494212198, 0.1557903329501728, -0.052483696736859736, -0.15121298088886903, -0.1607849349018457, 0.36072456007090675, 0.02729567137629282, 0.025978065182720625, 0.1796131814066824, 0.0949570911145807, 0.16901661107617513, 0.2699126263675961], [0.5044255008452272, -0.38078244041776343, 0.23779045202750054, 1.01, -0.2385079775242642, 0.15177399098219505, -0.17154650461280682, -0.4423202828888824, 0.03716498957519261, -0.07559352968390112, -0.0036339278515501593, 0.06605904497637755, -0.40698264452708194, -0.10139499948963486, 0.011601291982237635, -0.17820374133341418, 0.08642183067012292, 0.18490232502176035, 0.04188318827534372, -0.12648074737381082, 0.35172909746007214, 0.27660722417552974, -0.25595910046995457, 0.12606756227378346, -0.1586190238293613, 0.4652979537811328, -0.13401464370441565, 0.19704888003691695, 0.0927835941028381], [-0.3900288253247572, 0.3898159144239999, -0.41479696193118426, -0.2307305434745599, 1.11, -0.043933391314505056, 0.3438302713274183, 0.3955655434159601, 0.45321119292071804, 0.2904945264978448, 0.2107393888869819, 0.3138154871093044, 0.2669976421431468, 0.3154138379641085, 0.09542987022896075, -0.10871040436067636, 0.09617113887677252, -0.03472140230085133, 0.2547857293185266, 0.28491428607864, 0.16309469457169296, -0.2639743321278923, 0.054371154982826554, 0.16032970761400617, 0.49152780125347284, -0.06555073922599235, 0.14991500329597648, -0.2319494355132364, 0.25733118712324066], [0.20220459037330502, 0.26496450934726123, 0.6202269289529777, 0.1759198531839079, -0.03736391223943888, 1.07, 0.14491944592444664, 0.13493535568840245, -0.07449740626471237, -0.298390626606301, 0.21024665611333407, 0.24371067959221776, -0.019802479240242307, 0.29565045736970724, -0.3088118901829772, 0.06951933983071659, 0.18308285786955242, 0.5427149186481651, 0.5196733476686793, -0.17114456042492096, 0.09453618495029827, -0.03178818726979526, 0.018881583924389468, 0.1244166370927264, 0.2499745996756913, 0.1287194820313082, 0.2801108423240236, -0.07413825047753467, 0.33369380524293213], [0.10452429104155866, 0.28286145689947895, 0.04796607826958171, -0.19580560627522392, 0.2843211859053651, 0.12076620493703887, 0.91, 0.44226853317219145, 0.7831308448536077, 0.3077440960827288, 0.7224189860833247, 0.6820316700545731, 0.5591874315616654, 0.5621319821798599, -0.08844595117696077, 0.05675746881449707, 0.714467126094767, 0.24554017671778733, 0.053009337489872056, -0.4844614497998143, 0.15243323748912718, -0.009024479949902015, 0.1843118236948624, 0.047199738969113295, 0.528275312262093, 0.03889489921218174, 0.33396138677190157, -0.09913456620788695, 0.1639055340993583], [-0.1039426637643886, 0.477407978249537, 0.02157763585211779, -0.4463782671355694, 0.37229698203855066, 0.14099986605642054, 0.4628391626220608, 0.92, 0.4681504993015125, 0.3006351671200219, 0.03693025100435024, 0.45352958945485444, 0.6184239654417687, 0.45880380484797634, 0.06123853723110311, 0.19064660343444398, 0.29783215884616926, 0.16320871463524425, 0.1457257695656054, -0.18872293331839035, -0.1317441835309721, -0.0823661259391549, 0.14667573084364666, 0.325885708497441, 0.5497123518912219, -0.25928255516315984, 0.40695772191392376, -0.03727330370333675, -0.01844438462105212], [-0.020414181443767013, 0.17005640207625705, 0.08619358437854917, 0.03359143288527024, 0.3816515308806047, -0.09123839643655784, 0.7831308448536077, 0.47248522614689686, 0.88, 0.4363900683129159, 0.3913704521300725, 0.8181520206506016, 0.4679401672415754, 0.3378428994348995, 0.060453432510357084, -0.0036345023581532123, 0.7818664514431496, 0.32540909543382157, 0.028247146396405295, -0.15972122548381595, 0.29360854667712294, -0.14358116475538765, 0.3542738463777993, 0.1215113461513322, 0.38278349464492983, 0.11542323822592926, 0.32097836096283544, 0.036355647987444846, 0.43389451403748897], [-0.0143785733