{"times": [{"matrix": [[1.0, 0.7531132041180185, 0.35111980783266944, 0.7270587770273488, 0.3667022536793112, 0.4294314718411666, 0.23637196288876006, 0.030257596850724294, 0.2369467927593753, 0.059753046442111345, 0.06326637395581108, 0.33094084908197086, 0.09669555971184826, 0.3730418468813909, 0.4580980635274921, 0.27727065467467926, 0.5355293383647541, 0.2300475125619548, 0.3638716247233577, 0.29141812922942206, 0.2739580715409248, 0.5707492931475231, 0.003138616248089434, 0.1809608154075635, 0.21853974950021304, 0.6657141773166257, 0.43086434952363883, 0.30317219829571695, 0.4460996217894543], [0.7531132041180185, 1.0, -0.23304788765327167, 0.828043968838433, 0.3885552292341733, -0.1038229875632751, 0.3687900797432804, 0.39321170716976817, 0.6889784085220676, 0.23748453345382003, -0.0024512190690053654, 0.3946662032664522, 0.27059642454315347, 0.4351043824734325, -0.05210637459019902, 0.2352132215381488, 0.41416258263343764, -0.28932112315024505, 0.6616390898983752, -0.3427550033788426, 0.49367877731481113, 0.20210918428444113, -0.3582789433090333, 0.5820484339791792, -0.07812182399094374, 0.8729553415760247, 0.5858257227627479, 0.6614604735378568, 0.4587230882781558], [0.35111980783266944, -0.23304788765327167, 1.0, -0.3018981431163394, 0.34076600246965405, 0.9592713749463672, 0.013460949631456314, -0.033422390791208255, -0.4392740497887977, -0.15302904863826752, 0.574094352180086, 0.41161663235761187, 0.23929358770074205, 0.3973130656742111, 0.8250191491614552, -0.0904555654979124, -0.09866535017971302, 0.9577263684564424, -0.07571697309827102, 0.9203195743487508, -0.4607043215106205, 0.8268397683852581, 0.6108575639816949, -0.6300971637585467, 0.30737928170144474, 0.04459357441100435, -0.2216983995656272, -0.1649233835469286, 0.14340603672860378], [0.7270587770273488, 0.828043968838433, -0.3018981431163394, 1.0, 0.29484291335763607, -0.14314432698264926, 0.46055805999483546, -0.12895546672809166, 0.6395688439834186, 0.3873306263005692, -0.28263355536067014, 0.08845174533653602, -0.1996899375449945, 0.03927882831115955, 0.08715874466578379, 0.1675024138081688, 0.8162430822693986, -0.32046591833223476, 0.509889315739459, -0.21509311957071167, 0.8031599446157234, 0.011373255408651667, -0.1340510842511441, 0.7417920925042476, -0.002699864277780235, 0.5249857066713853, 0.6330439940470254, 0.27075048742392754, 0.4361976124850165], [0.3667022536793112, 0.3885552292341733, 0.34076600246965405, 0.29484291335763607, 1.0, 0.5360122430783275, 0.865636264333563, 0.3630690050410363, 0.6722696011477903, 0.6404916893865297, 0.7452240999345555, 0.9172933806440784, 0.4726947550513605, 0.6985875286123123, 0.6317398030327823, -0.3980189496692268, 0.3066599742647687, 0.5138167572252563, 0.876537836381361, 0.294679418416671, 0.4098054486023275, 0.6191621271485692, 0.6172393944228013, 0.341014445479258, -0.09250790264909071, 0.5879689465964903, 0.3228059095907553, 0.3964523046034917, 0.5875246449651251], [0.4294314718411666, -0.1038229875632751, 0.9592713749463672, -0.14314432698264926, 0.5360122430783275, 1.0, 0.24543636087974177, -0.034997871148183785, -0.21835169179421476, 0.06486067864718653, 0.6606779363928733, 0.5428049005483453, 0.2213725191935262, 0.4685143086495443, 0.9169367024352397, -0.21875188745236204, 0.03662779869699116, 0.9554220909947916, 0.15238685407436506, 0.905532545745001, -0.263846724707658, 0.8737500704568125, 0.7182088611921318, -0.4252683908506399, 0.16089557094940438, 0.17064586268004267, -0.06239146221113065, -0.09785610530568961, 0.32212934117156106], [0.23637196288876006, 0.3687900797432804, 0.013460949631456314, 0.46055805999483546, 0.865636264333563, 0.24543636087974177, 1.0, 0.16315824032435206, 0.8120844026153228, 0.9186068375803144, 0.5375448326043807, 0.6364713699422601, 0.23000781960361041, 0.2983367915745602, 0.4985321340715726, -0.28705792236797584, 0.4766768622614049, 0.2250987847586776, 0.872720324197855, 0.13743921238880186, 0.6706652192418621, 0.19965063158227467, 0.5977295999520628, 0.6959769904588615, -0.07459996930934601, 0.4426714585108005, 0.611752632546712, 0.3442296893521354, 0.7424994782480252], [0.030257596850724294, 0.39321170716976817, -0.033422390791208255, -0.12895546672809166, 0.3630690050410363, -0.034997871148183785, 0.16315824032435206, 1.0, 0.3856200426274886, 0.10820012798263709, 0.5819004279280088, 0.6356332326823194, 0.9418516909814925, 0.6078034366191934, -0.22158971667574598, 0.22456803790372967, -0.5368464568772168, -0.0026475752539335, 0.5086306894360746, -0.26968378757525985, -0.2694571549736114, 0.18389187488535558, -0.28107553583265343, 0.05100753760990994, 0.054984430981674104, 0.7017883903179204, 0.1935609432351105, 0.8785107262631291, 0.27387698642055086], [0.2369467927593753, 0.6889784085220676, -0.4392740497887977, 0.6395688439834186, 0.6722696011477903, -0.21835169179421476, 0.8120844026153228, 0.3856200426274886, 1.0, 0.7338684384587968, 0.2375613970127667, 0.5394550894901532, 0.2726704099913132, 0.35141656210962924, -0.020128317148376724, -0.17716786289665684, 0.4174816306492395, -0.28086324822036374, 0.9183286790519908, -0.42131308877353646, 0.7603608324206307, -0.03273130966536779, 0.044686166879013715, 0.8648397160646705, -0.27308913529642104, 0.639982482153652, 0.6111407106174658, 0.5850090243544799, 0.5540849929565956], [0.059753046442111345, 0.23748453345382003, -0.15302904863826752, 0.3873306263005692, 0.6404916893865297, 0.06486067864718653, 0.9186068375803144, 0.10820012798263709, 0.7338684384587968, 1.0, 0.44480118940082625, 0.38192894072739014, 0.15408894875655751, -0.031906641475963206, 0.3333730177544795, -0.08761208439000416, 0.35088629423261586, 0.051501556326616064, 0.7325826821060857, 0.07065599515448429, 0.5995988681915391, -0.11028084567988804, 0.5004038667036652, 0.7779281375223269, -0.007038660987018567, 0.31184398515960127, 0.758201144992421, 0.3599502601314263, 0.8107285255024108], [0.06326637395581108, -0.0024512190690053654, 0.574094352180086, -0.28263355536067014, 0.7452240999345555, 0.6606779363928733, 0.5375448326043807, 0.5819004279280088, 0.2375613970127667, 0.44480118940082625, 1.0, 0.8316666498535678, 0.73926396126334, 0.6052017351076148, 0.5690451247325877, -0.17824103388895068, -0.3351523629016972, 0.6962723239997936, 0.5645572929342604, 0.4862821145900632, -0.24376297936840458, 0.5843233861918482, 0.5777225009937379, -0.08992807803497496, 0.05788078912346096, 0.4477208771356706, 0.19453225866051171, 0.4605502920561788, 0.5625351548308837], [0.33094084908197086, 0.3946662032664522, 0.41161663235761187, 0.08845174533653602, 0.9172933806440784, 0.5428049005483453, 0.6364713699422601, 0.6356332326823194, 0.5394550894901532, 0.38192894072739014, 0.8316666498535678, 1.0, 0.7186426537347415, 0.8892376189714576, 0.4886633476841353, -0.31993404849943863, -0.011488157133234414, 0.5320437199800291, 0.8009482634262567, 0.2280788822791343, 0.09979515905410434, 0.7196837910692716, 0.413147609532081, 0.0942735401422795, -0.0955805573854437, 0.6931720771435353, 0.15405457144412268, 0.5458370653035634, 0.44957753862511174], [0.09669555971184826, 0.27059642454315347, 0.23929358770074205, -0.1996899375449945, 0.4726947550513605, 0.2213725191935262, 0.23000781960361041, 0.9418516909814925, 0.2726704099913132, 0.15408894875655751, 0.73926396126334, 0.7186426537347415, 1.0, 0.6184409679232558, 0.04878498373109682, 0.2605701583576651, -0.49575065262581425, 0.28908562793068926, 0.4761937864560338, 0.04124599804626759, -0.33818495391144665, 0.35011149372037886, -0.032163392103767154, -0.07557431125575666, 0.28408943213843585, 0.648628574949034, 0.1761256273106711, 0.8128127387344171, 0.34590427210992614], [0.3730418468813909, 0.4351043824734325, 0.3973130656742111, 0.03927882831115955, 0.6985875286123123, 0.4685143086495443, 0.2983367915745602, 0.6078034366191934, 0.35141656210962924, -0.031906641475963206, 0.6052017351076148, 0.8892376189714576, 0.6184409679232558, 1.0, 0.3105905422133862, -0.3795533170110809, -0.08936082811601885, 0.42504280741987005, 0.5965557505743855, 0.08267275636769911, -0.046992657790362415, 0.7920071844047742, 0.14337378107676807, -0.14267954645400682, -0.25582466662642755, 0.6565847682692598, -0.1389786695698453, 0.4208772970313166, 0.11839867635269148], [0.4580980635274921, -0.05210637459019902, 0.8250191491614552, 0.08715874466578379, 0.6317398030327823, 0.9169367024352397, 0.4985321340715726, -0.22158971667574598, -0.020128317148376724, 0.3333730177544795, 0.5690451247325877, 0.4886633476841353, 0.04878498373109682, 0.3105905422133862, 1.0, -0.2503467797488454, 0.35452028062929414, 0.8830210325382417, 0.2699452090181418, 0.892345070926331, 0.07627803847833697, 0.7307564747076888, 0.8674922175851608, -0.13336256423569298, 0.21248075439272487, 0.11070895166566154, 0.1293209587272162, -0.17598319999054726, 0.4603736421363369], [0.27727065467467926, 0.2352132215381488, -0.0904555654979124, 0.1675024138081688, -0.3980189496692268, -0.21875188745236204, -0.28705792236797584, 0.22456803790372967, -0.17716786289665684, -0.08761208439000416, -0.17824103388895068, -0.31993404849943863, 0.2605701583576651, -0.3795533170110809, -0.2503467797488454, 1.0, -0.13854228095267018, -0.22778541624080295, -0.2344717432213834, -0.018416572907233066, -0.24785866356077269, -0.30721165431130154, -0.4818621108643423, 0.048983411884897035, 0.738728300813368, 0.2203716310553527, 0.4415368764912723, 0.441052851761793, 0.2355099399598578], [0.5355293383647541, 0.41416258263343764, -0.09866535017971302, 0.8162430822693986, 0.3066599742647687, 0.03662779869699116, 0.4766768622614049, -0.5368464568772168, 0.4174816306492395, 0.35088629423261586, -0.3351523629016972, -0.011488157133234414, -0.49575065262581425, -0.08936082811601885, 0.35452028062929414, -0.13854228095267018, 1.0, -0.048973710669759, 0.29214517882211405, 0.07415154525268115, 0.8610762794630332, 0.07502630116684722, 0.2691234733399921, 0.5443489695986314, 0.05343176246966297, 0.06824972224677522, 0.3095515608182879, -0.23486314822133117, 0.1986684692688018], [0.2300475125619548, -0.28932112315024505, 0.9577263684564424, -0.32046591833223476, 0.5138167572252563, 0.9554220909947916, 0.2250987847586776, -0.0026475752539335, -0.28086324822036374, 0.051501556326616064, 0.6962723239997936, 0.5320437199800291, 0.28908562793068926, 0.42504280741987005, 0.8830210325382417, -0.22778541624080295, -0.048973710669759, 1.0, 0.0743706876853299, 0.917086820867152, -0.32667595941392097, 0.7991549193659447, 0.7818427163569797, -0.5085463138951547, 0.2833339306065811, 0.020060194084751588, -0.19059700417658537, -0.14989167347022153, 0.2090598893029222], [0.3638716247233577, 0.6616390898983752, -0.07571697309827102, 0.509889315739459, 0.876537836381361, 0.15238685407436506, 0.872720324197855, 0.5086306894360746, 0.9183286790519908, 0.7325826821060857, 0.5645572929342604, 0.8009482634262567, 0.4761937864560338, 0.5965557505743855, 0.2699452090181418, -0.2344717432213834, 0.29214517882211405, 0.0743706876853299, 1.0, -0.1188993141253228, 0.5597235250450839, 0.31090097805601596, 0.25540643681104686, 0.664476615461426, -0.2379818811631512, 0.7723825374190658, 0.5832635105012984, 0.6499780317967047, 0.6874866378062517], [0.29141812922942206, -0.3427550033788426, 0.9203195743487508, -0.21509311957071167, 0.294679418416671, 0.905532545745001, 0.13743921238880186, -0.26968378757525985, -0.42131308877353646, 0.07065599515448429, 0.4862821145900632, 0.2280788822791343, 0.04124599804626759, 0.08267275636769911, 0.892345070926331, -0.018416572907233066, 0.07415154525268115, 0.917086820867152, -0.1188993141253228, 1.0, -0.2947295106299889, 0.6201227895834601, 0.7548713957266383, -0.44931948353977597, 0.42572150940335207, -0.12500961901921223, -0.043022954083666166, -0.28375656102374114, 0.2737815116682336], [0.2739580715409248, 0.49367877731481113, -0.4607043215106205, 0.8031599446157234, 0.4098054486023275, -0.263846724707658, 0.6706652192418621, -0.2694571549736114, 0.7603608324206307, 0.5995988681915391, -0.24376297936840458, 0.09979515905410434, -0.33818495391144665, -0.046992657790362415, 0.07627803847833697, -0.24785866356077269, 0.8610762794630332, -0.32667595941392097, 0.5597235250450839, -0.2947295106299889, 1.0, -0.1699843851697793, 0.15604390986803798, 0.8406468295117235, -0.19171399191609087, 0.18696680799414425, 0.44790508162097425, 0.018062228192824697, 0.2912853278224189], [0.5707492931475231, 0.20210918428444113, 0.8268397683852581, 0.011373255408651667, 0.6191621271485692, 0.8737500704568125, 0.19965063158227467, 0.18389187488535558, -0.03273130966536779, -0.11028084567988804, 0.5843233861918482, 0.7196837910692716, 0.35011149372037886, 0.7920071844047742, 0.7307564747076888, -0.30721165431130154, 0.07502630116684722, 0.7991549193659447, 0.31090097805601596, 0.6201227895834601, -0.1699843851697793, 1.0, 0.4558473677300836, -0.39664014018401034, -0.010243732775486795, 0.42191483115488476, -0.18297651077447655, 0.07174372256041608, 0.15762742195924992], [0.003138616248089434, -0.3582789433090333, 0.6108575639816949, -0.1340510842511441, 0.6172393944228013, 0.7182088611921318, 0.5977295999520628, -0.28107553583265343, 0.044686166879013715, 0.5004038667036652, 0.5777225009937379, 0.413147609532081, -0.032163392103767154, 0.14337378107676807, 0.8674922175851608, -0.4818621108643423, 0.2691234733399921, 0.7818427163569797, 0.25540643681104686, 0.7548713957266383, 0.15604390986803798, 0.4558473677300836, 1.0, -0.043946854210633074, 0.07739419489615083, -0.17922829699908457, 0.02212556954407375, -0.31764213417615017, 0.35080903577428796], [0.1809608154075635, 0.5820484339791792, -0.6300971637585467, 0.7417920925042476, 0.341014445479258, -0.4252683908506399, 0.6959769904588615, 0.05100753760990994, 0.8648397160646705, 0.7779281375223269, -0.08992807803497496, 0.0942735401422795, -0.07557431125575666, -0.14267954645400682, -0.13336256423569298, 0.048983411884897035, 0.5443489695986314, -0.5085463138951547, 0.664476615461426, -0.44931948353977597, 0.8406468295117235, -0.39664014018401034, -0.043946854210633074, 1.0, -0.16044426651042995, 0.3919073585457564, 0.7794673586126915, 0.4004905992701149, 0.580733347476352], [0.21853974950021304, -0.07812182399094374, 0.30737928170144474, -0.002699864277780235, -0.09250790264909071, 0.16089557094940438, -0.07459996930934601, 0.054984430981674104, -0.27308913529642104, -0.007038660987018567, 0.05788078912346096, -0.0955805573854437, 0.28408943213843585, -0.25582466662642755, 0.21248075439272487, 0.738728300813368, 0.05343176246966297, 0.2833339306065811, -0.2379818811631512, 0.42572150940335207, -0.19171399191609087, -0.010243732775486795, 0.07739419489615083, -0.16044426651042995, 1.0, -0.024841767410582204, 0.17428525815791, 0.14788663615080108, 0.14524119580148034], [0.6657141773166257, 0.8729553415760247, 0.04459357441100435, 0.5249857066713853, 0.5879689465964903, 0.17064586268004267, 0.4426714585108005, 0.7017883903179204, 0.639982482153652, 0.31184398515960127, 0.4477208771356706, 0.6931720771435353, 0.648628574949034, 0.6565847682692598, 0.11070895166566154, 0.2203716310553527, 0.06824972224677522, 0.020060194084751588, 0.7723825374190658, -0.12500961901921223, 0.18696680799414425, 0.42191483115488476, -0.17922829699908457, 0.3919073585457564, -0.024841767410582204, 1.0, 0.5730299797061802, 0.8645694743578382, 0.6144687839174671], [0.43086434952363883, 0.5858257227627479, -0.2216983995656272, 0.6330439940470254, 0.3228059095907553, -0.06239146221113065, 0.611752632546712, 0.1935609432351105, 0.6111407106174658, 0.758201144992421, 0.19453225866051171, 0.15405457144412268, 0.1761256273106711, -0.1389786695698453, 0.1293209587272162, 0.4415368764912723, 0.3095515608182879, -0.19059700417658537, 0.5832635105012984, -0.043022954083666166, 0.44790508162097425, -0.18297651077447655, 0.02212556954407375, 0.7794673586126915, 0.17428525815791, 0.5730299797061802, 1.0, 0.5949396059905121, 0.9028079304882843], [0.30317219829571695, 0.6614604735378568, -0.1649233835469286, 0.27075048742392754, 0.3964523046034917, -0.09785610530568961, 0.3442296893521354, 0.8785107262631291, 0.5850090243544799, 0.3599502601314263, 0.4605502920561788, 0.5458370653035634, 0.8128127387344171, 0.4208772970313166, -0.17598319999054726, 0.441052851761793, -0.23486314822133117, -0.14989167347022153, 0.6499780317967047, -0.28375656102374114, 0.018062228192824697, 0.07174372256041608, -0.31764213417615017, 0.4004905992701149, 0.14788663615080108, 0.8645694743578382, 0.5949396059905121, 1.0, 0.5723580305531226], [0.4460996217894543, 0.4587230882781558, 0.14340603672860378, 0.4361976124850165, 0.5875246449651251, 0.32212934117156106, 0.7424994782480252, 0.27387698642055086, 0.5540849929565956, 0.8107285255024108, 0.5625351548308837, 0.44957753862511174, 0.34590427210992614, 0.11839867635269148, 0.4603736421363369, 0.2355099399598578, 0.1986684692688018, 0.2090598893029222, 0.6874866378062517, 0.2737815116682336, 0.2912853278224189, 0.15762742195924992, 0.35080903577428796, 0.580733347476352, 0.14524119580148034, 0.6144687839174671, 0.9028079304882843, 0.5723580305531226, 1.0]], "name": 0}, {"matrix": [[0.88, 0.7154575439121176, 0.36516460014597624, 0.668894074865161, 0.37770332128969053, 0.38648832465704996, 0.23873568251764765, 0.03449366040982569, 0.2701193437456878, 0.05497280272674244, 0.05693973656022998, 0.3143938066278723, 0.09669555971184826, 0.4028851946319022, 0.4580980635274921, 0.2744979481279325, 0.49804228467922135, 0.2484513135669112, 0.3820652059595256, 0.25936213501418565, 0.276697652256334, 0.5650418002160479, 0.0029189131107231737, 0.1556263012505046, 0.20542736453020025, 0.7189713115019558, 0.37916062758080216, 0.33652114010824585, 0.40148965961050886], [0.647677355541496, 1.11, -0.2377088454063371, 0.9356896847874292, 0.36524191548012286, -0.09967006806074409, 0.3835416829330116, 0.3853474730263728, 0.6889784085220676, 0.2683575228028166, -0.002328658115555097, 0.43018616156043293, 0.27600835303401655, 0.4786148207207758, -0.04845892836888509, 0.25167814704581926, 0.4307290859387752, -0.31825323546526957, 0.6881046534943102, -0.3153346031085352, 0.5134259284074036, 0.18594044954168584, -0.3941068376399367, 0.6111508556781381, -0.07812182399094374, 0.8118484676657031, 0.6151170089008854, 0.6482312640670996, 0.4311997029814664], [0.35111980783266944, -0.24470028203593527, 0.98, -0.3018981431163394, 0.35098898254374367, 1.0072349436936856, 0.014807044594601946, -0.03676462987032909, -0.42609582829513376, -0.15149875815188485, 0.6544675614852979, 0.34987413750397006, 0.21297129305366042, 0.4171787189579217, 0.7755180002117679, -0.09136012115289152, -0.08879881516174172, 0.8427992042416693, -0.07798848229121916, 0.9203195743487508, -0.47452545115593914, 0.8764501544883736, 0.5253375050242576, -0.6994078517719869, 0.3350434170545748, 0.042809831434564176, -0.21061347958734583, -0.16822185121786717, 0.15201039893232002], [0.6543528993246139, 0.778361330708127, -0.3411449017214635, 1.01, 0.3361209212277051, -0.15316442987143472, 0.5158250271942157, -0.12508680272624892, 0.5884033364647452, 0.3679640949855407, -0.26002287093181653, 0.07695301844278633, -0.17972094379049505, 0.036136522046266786, 0.0897735070057573, 0.18592767932706739, 0.8488928055601745, -0.3557171693487806, 0.4894937431098806, -0.22369684435354015, 0.8433179418465095, 0.012055650733170768, -0.11528393245598392, 0.793717538979545, -0.0030508466338916656, 0.5459851349382407, 0.7026788333921983, 0.25179795330425264, 0.3794919228619643], [0.3483671409953456, 0.3535852586030977, 0.32032004232147476, 0.3361209212277051, 0.9, 0.45561040661657837, 0.8829489896202343, 0.3594383149906259, 0.6722696011477903, 0.5508228528724155, 0.7526763409339011, 0.9723309834827232, 0.44433306974827885, 0.6985875286123123, 0.5432962306081928, -0.41393970765599586, 0.3342593719485979, 0.5600602653755294, 0.7713532960155977, 0.28289224168000415, 0.43849183000449043, 0.643928612234512, 0.5493430610362932, 0.2898622786573693, -0.089732665569618, 0.5997283255284201, 0.30343755501530995, 0.43609753506384086, 0.6169008772133814], [0.3736053805018149, -0.10693767719017336, 0.8921223787001215, -0.1574587596809142, 0.5413723655091108, 0.89, 0.23071017922695725, -0.03394793501373827, -0.23581982713775196, 0.0635634650742428, 0.7069253919403745, 0.5862292925922129, 0.21473134361772042, 0.4216628777845899, 0.9077673354108873, -0.18593910433450772, 0.03259874084032213, 1.0031931955445312, 0.14324364282990315, 0.8693112439152009, -0.2242697160015093, 0.8737500704568125, 0.8187581017590302, -0.4295210747591463, 0.14802392527345204, 0.18259107306764566, -0.06800669381013241, -0.08611337266900686, 0.34467839505357034], [0.24346312177542287, 0.40566908771760846, 0.01494165409091651, 0.4145022539953519, 0.9868253413402618, 0.23561890644455208, 0.88, 0.1435792514854298, 0.8608094667722422, 0.8175600854464798, 0.5375448326043807, 0.541000664450921, 0.25990883615207977, 0.2864033199115778, 0.45864956334584683, -0.26696386780221754, 0.44807625052572053, 0.23635372399661148, 0.9687195598596191, 0.11682333053048158, 0.6572519148570248, 0.2216122010563249, 0.5499112319558978, 0.633339061317564, -0.07459996930934601, 0.4603783168512325, 0.5750474745939093, 0.36832576760678487, 0.7127994991181041], [0.03177047669326051, 0.3892795900980705, -0.036430405962417, -0.14056145873361992, 0.39211452544431924, -0.039197615685965845, 0.15500032830813446, 1.1, 0.34320183793846487, 0.09629811390454701, 0.6400904707208097, 0.622920568028673, 0.9418516909814925, 0.5409450585910822, -0.2149420251754736, 0.1998655537343194, -0.4670564174831786, -0.00227691471838281, 0.5747526790627643, -0.3047426799600436, -0.2559842972249308, 0.16366376864796647, -0.30356157869926575, 0.046926934601117146, 0.05663396391112433, 0.6035380156734115, 0.17614045834395056, 0.7730894391115536, 0.2793545261489619], [0.22272998519381276, 0.5856316472437575, -0.47441597377190153, 0.6651515977427553, 0.5915972490100555, -0.22490224254804123, 0.8445677787199357, 0.3354894370859151, 1.1, 0.6531429102283292, 0.23281016907251137, 0.4585368260666302, 0.25358348129192126, 0.3197890715197626, -0.017511635919087748, -0.1736245056387237, 0.4383557121817015, -0.30333230807799283, 0.9550618262140704, -0.37496864900844745, 0.7375500074480117, -0.03174937037540675, 0.04870792189812495, 0.8648397160646705, -0.2785509180023495, 0.5439851098306042, 0.5378038253433699, 0.6610601975205622, 0.5319215932383318], [0.059753046442111345, 0.26598267746827847, -0.13925643426082346, 0.3602174824595294, 0.6212769387049337, 0.05578018363658042, 0.8910486324529049, 0.11793813950107444, 0.7485458072279727, 0.87, 0.5026253440229336, 0.4124832559855814, 0.15717072773168866, -0.03605450486783842, 0.2933682556239419, -0.0884882052339042, 0.31930652775168045, 0.04995650963681758, 0.7765376430324509, 0.0791347145730224, 0.5156550266447236, -0.11689769642068132, 0.5054079053707019, 0.8246038257736665, -0.006194021668576339, 0.34926526337875347, 0.8567672938414356, 0.3059577211117123, 0.8918013780526519], [0.06516436517448541, -0.00254926783176558, 0.5855762392236877, -0.29393889757509695, 0.6781539309404455, 0.5615762459339423, 0.5214184876262492, 0.6400904707208097, 0.24231262495302205, 0.45814522508285105, 1.09, 0.8898833153433175, 0.6801228443622729, 0.6233577871608432, 0.48368835602269955, -0.1568521098222766, -0.2848795084664426, 0.758936833159775, 0.5871395846516309, 0.5494987894867713, -0.26326401771787694, 0.6661286602587069, 0.5315047009142388, -0.09982016661882222, 0.05903840490593018, 0.40294878942210355, 0.1809150005542759, 0.48357780665898775, 0.5400337486376483], [0.35079730002688914, 0.35125292090714244, 0.3992681333868835, 0.09729691987018962, 1.027368586321368, 0.6079414886141468, 0.6173772288439923, 0.7246218852578441, 0.4855095805411379, 0.39720609835648574, 0.9065166483403889, 0.95, 0.675524094510657, 0.8536681142125992, 0.4837767142072939, -0.2783426221945116, -0.012407209703893168, 0.5320437199800291, 0.8009482634262567, 0.2486059816842564, 0.10877672336897373, 0.7916521701761988, 0.4709882748665723, 0.09992995255081627, -0.09749216853315258, 0.6307865902006172, 0.15251402572968145, 0.6167958837930265, 0.44957753862511174], [0.09186078172625585, 0.3003620312429004, 0.2345077159467272, -0.18371474254139494, 0.44433306974827885, 0.24129604592094359, 0.2139072722313577, 1.0548738938992717, 0.2808505222910526, 0.15254805926899193, 0.8131903573896742, 0.7905069191082157, 1.02, 0.5751501001686279, 0.04488218503260907, 0.25796445677408847, -0.4362605743107165, 0.32666675956167884, 0.4285744078104304, 0.045370597850894354, -0.31789385667675985, 0.3606148385319902, -0.030555222498578793, -0.07179559569296882, 0.2869303264598202, 0.5967382889531113, 0.14970678321407044, 0.7803002291850404, 0.3078548021778343], [0.3208159883179962, 0.45250855777236987, 0.393339935017469, 0.034958157196932, 0.7474886556151742, 0.5341063118604804, 0.2535862728383762, 0.6321155740839612, 0.33735989962524404, -0.027758778084087988, 0.5204734921925487, 0.8981299951611722, 0.6308097872817209, 0.86, 0.35407321812326026, -0.32262031945941877, -0.09025443639717903, 0.36978724245528694, 0.656211325631824, 0.0752322082946062, -0.042293392011326175, 0.8157673999369175, 0.12903640296909127, -0.1398259555249267, -0.2302421999637848, 0.6500189205865672, -0.15843568330962363, 0.3577457024766191, 0.12431861017032605], [0.4810029667038667, -0.051064247098395035, 0.8827704896027572, 0.09761779402567784, 0.6696441912147493, 0.8252430321917158, 0.5134880980937198, -0.19499895067465647, -0.020933449834311793, 0.35670912899729307, 0.5292119660013066, 0.4886633476841353, 0.041467236171432297, 0.35407321812326026, 0.93, -0.2578571831413108, 0.31197784695377884, 0.9889835564428308, 0.23215287975560192, 0.9815795780189641, 0.07170135616963676, 0.6284505682486123, 0.9108668284644189, -0.12802806166626526, 0.2252295996562884, 0.1084947726323483, 0.11380244367995025, -0.18830202398988558, 0.5064110063499706], [0.307770426688894, 0.2610866759073452, -0.08502823156803764, 0.16917743794625048, -0.3781180021857654, -0.22750196295045652, -0.29279908081533534, 0.22681371828276697, -0.20019968507322222, -0.0823553593266039, -0.15506969948338709, -0.34872811286438815, 0.23711884410547526, -0.36057565116052687, -0.24784331195135695, 1.05, -0.12884432128598328, -0.2232297079159869, -0.2649530698401632, -0.01749574426187141, -0.2751231165524577, -0.2764904888801714, -0.5252297008421332, 0.04506473893410527, 0.6796300367482986, 0.20494561688147803, 0.40621392637197057, 0.41458968065608537, 0.22608954236146347], [0.524818751597459, 0.42658746011244075, -0.09373208267072737, 0.7509436356878467, 0.3495923706618363, 0.03882546661881063, 0.5148110112423173, -0.5797941734273941, 0.4216564469557319, 0.34386856834796353, -0.34185541015973114, -0.011028630847905037, -0.48583563957329795, -0.09025443639717903, 0.3828819030796377, -0.13854228095267018, 0.95, -0.043586602496085515, 0.2600092091516815, 0.08230821523047609, 0.9730161957932274, 0.06602314502682556, 0.25566729967299245, 0.5443489695986314, 0.05770630346723601, 0.061424750022097706, 0.31883810764283654, -0.2606980945256776, 0.218535316195682], [0.239249413064433, -0.27196185576123033, 0.9194173137181847, -0.3557171693487806, 0.45215874635822556, 1.0891811837340624, 0.20258890628280984, -0.0029123327793268506, -0.26962871829154916, 0.05304660301641455, 0.7171604937197874, 0.5692867803786311, 0.32666675956167884, 0.4292932354940688, 0.8123793499351825, -0.24145254121525114, -0.0440763396027831, 0.96, 0.06618991203994361, 0.8987450844498089, -0.3070754018490857, 0.8710788621088799, 0.8678454151562475, -0.5492300190067672, 0.31450066297330503, 0.021865611552379233, -0.20393879446894636, -0.14839275673551933, 0.19024449926565923], [0.36023290847612416, 0.7278029988882128, -0.07495980336728832, 0.4894937431098806, 0.7450571609241567, 0.1539107226151087, 0.7854482917780695, 0.44759500670374563, 0.9458785394235505, 0.7545601625692683, 0.570202865863603, 0.6888155065465807, 0.4380982835395511, 0.6383146531145925, 0.2429506881163276, -0.2415058955180249, 0.29214517882211405, 0.08106404957700959, 1.14, -0.10463139643028406, 0.4981539372901247, 0.2673748411281737, 0.24008205060238402, 0.6977004462344973, -0.2022845989886785, 0.8110016642900192, 0.5132718892411426, 0.6824769333865399, 0.6599871722940016], [0.3118173982754816, -0.3324723532774773, 0.8558972041443382, -0.23230056913636862, 0.2976262126008377, 0.8149792911705009, 0.1333160360171378, -0.29934900420853844, -0.48029692120183154, 0.07701503471838787, 0.5494987894867713, 0.20755178287401224, 0.03918369814395421, 0.07275202560357522, 0.9101919723448576, -0.015654086971148104, 0.08230821523047609, 0.9721120301191811, -0.11652132784281634, 0.94, -0.2740984448858897, 0.6325252453751293, 0.7926149655129703, -0.3954011455150028, 0.3916637886510839, -0.1175090418780595, -0.037429970052789564, -0.27808142980326633, 0.23818991515136323], [0.23834352224060457, 0.4788684139953668, -0.5252029265221073, 0.7630019473849372, 0.36882490374209476, -0.27176212644888775, 0.6974918280115365, -0.2317331532773058, 0.6539103158817424, 0.5696189247819621, -0.21694905163788009, 0.10877672336897373, -0.36862159976347686, -0.04558287805665154, 0.07932916001747045, -0.26273018337441906, 0.8094117026952512, -0.3560767957611739, 0.5037511725405756, -0.3124132812677883, 1.04, -0.18188329213166385, 0.15604390986803798, 0.8658662343970752, -0.18596257215860815, 0.20753315687350013, 0.5016536914154912, 0.01788160591089645, 0.25341823520550444], [0.5193818567642461, 0.20413027612728554, 0.7937661776498477, 0.0102359298677865, 0.5696291569766837, 0.8824875711613807, 0.20763665684556565, 0.19308646862962336, -0.0340405620519825, -0.12461735561827347, 0.6076963216395221, 0.7052901152478862, 0.3396081489087675, 0.7128064659642969, 0.8184472516726116, -0.3195001204837536, 0.06677340803849403, 0.7032563290420314, 0.3295550367393769, 0.589116650104287, -0.18698282368675723, 0.99, 0.46040584140738444, -0.4363041542024114, -0.009219359497938116, 0.4641063142703733, -0.1701681550202632, 0.06098216417635367, 0.13713585710454743], [0.0032955470604939057, -0.311702680678859, 0.5864232614224271, -0.12198648666854113, 0.6851357278093095, 0.8115760131471088, 0.6515252639477485, -0.28388629119097997, 0.042898720203853165, 0.5604523307081051, 0.6297175260831743, 0.4668567987712515, -0.03312829386688017, 0.1620123726167479, 0.9021919062885673, -0.5300483219507766, 0.2341374218057931, 0.6880215903941421, 0.22220360002561076, 0.7397739678121055, 0.16696698355880066, 0.5105490518576937, 1.05, -0.03955216878956977, 0.08745544023265044, -0.17385144808911204, 0.02522314928024407, -0.3462299262520037, 0.3122200418391163], [0.17915120725348788, 0.5645869809598038, -0.6616020219464741, 0.7862996180545025, 0.3887564678463541, -0.4422791264846655, 0.5915804418900322, 0.05151761298600904, 0.76105895013691, 0.8557209512745597, -0.08363311257252672, 0.08107524452236037, -0.06423816456739316, -0.1526671147057873, -0.13336256423569298, 0.054861421311084686, 0.5443489695986314, -0.5339736295899125, 0.7309242770075687, -0.3819215610088096, 0.9583373856433648, -0.3807745345766499, -0.04965994525801537, 1.13, -0.17969757849168155, 0.44285531515670473, 0.8184407265433261, 0.45655928316793093, 0.6504213491735142], [0.24913531443024284, -0.06796598687212105, 0.27971514634831474, -0.002915853420002654, -0.0786317172517271, 0.15606870382092225, -0.06564797299222448, 0.061582562699475, -0.2922053747671705, -0.006053248448835967, 0.060196020688399396, -0.10513861312398808, 0.28408943213843585, -0.29164011995412736, 0.20185671667308863, 0.6574681877238976, 0.0486229038473933, 0.2720005733823178, -0.26891952571436084, 0.3703777131809163, -0.21088539110769997, -0.009424234153447852, 0.08435967243680441, -0.17648869316147295, 1.03, -0.027077526477534603, 0.1812566684842264, 0.14788663615080108, 0.13943154796942112], [0.698999886182457, 0.846766681328744, 0.049498867596214836, 0.5354854208048131, 0.5350517414028062, 0.1894169075748474, 0.47365846060655653, 0.8000387649624292, 0.627182832510579, 0.2681858272372571, 0.3850399543366767, 0.7001037979149707, 0.5837657174541306, 0.6303213775384894, 0.10960186214900493, 0.24461251047144153, 0.074392197248985, 0.01865598049881898, 0.8573446165351631, -0.13001000377998073, 0.19257581223396858, 0.3923807929740428, -0.17922829699908457, 0.3723119906184686, -0.02807119717395789, 0.94, 0.5730299797061802, 0.7521754426913192, 0.5530219055257204], [0.4222470625331661, 0.6209752661285128, -0.19287760762209566, 0.6203831141660848, 0.27438502315214197, -0.05303274287946105, 0.5322247903156394, 0.1645268017498439, 0.6844775958915618, 0.7354551106426483, 0.2042588715935373, 0.15559511715856392, 0.158513064579604, -0.14453781635263913, 0.11768207244176673, 0.42829077019653417, 0.29407398277737345, -0.1848790940512878, 0.5715982402912725, -0.04775547903286945, 0.42103077672371575, -0.17199792012800794, 0.023674359412158914, 0.6625472548207877, 0.16557099525001448, 0.5672996799091183, 1.14, 0.5592432296310813, 0.8215552167443387], [0.30317219829571695, 0.747450335097778, -0.18801265724349858, 0.2842880117951239, 0.4242039659257361, -0.10568459373014479, 0.35455658003269946, 0.7906596536368162, 0.6201095658157487, 0.34195274712485496, 0.520421830023482, 0.46396150550802884, 0.8371971208964496, 0.4629650267344483, -0.1795028639903582, 0.48515813693797233, -0.256000831561251, -0.16338192408254149, 0.688976713704507, -0.28375656102374114, 0.020049073294035415, 0.062417038627561996, -0.3335242408849577, 0.4004905992701149, 0.15380210159683314, 0.9510264217936221, 0.6425347744697532, 1.02, 0.5437401290254664], [0.4282556369178761, 0.435786933864248, 0.15631258003417814, 0.3751299467371142, 0.5992751378644277, 0.3382358082301391, 0.8093244312903475, 0.2848320658773729, 0.5319215932383318, 0.8431576665225072, 0.47815488160625114, 0.4091155601488517, 0.3147728876200328, 0.11129475577152999, 0.43275122360815665, 0.2496405363574493, 0.218535316195682, 0.20696929040989298, 0.7631101679649395, 0.2546168058514573, 0.2738082081530737, 0.17969526103354488, 0.32274431291234496, 0.5575040135772978, 0.13797913601140632, 0.6390475352741658, 0.8215552167443387, 0.555187289636529, 0.85]], "name": 1}, {"matrix": [[0.87, 0.7896337709015713, 0.21962486541078555, 0.6691457082557744, 0.33888282890066707, 0.32002810472644744, 0.2533694803772963, 0.106338597746983, 0.31492885186303815, 0.10217161500807596, -0.024656633679991782, 0.2946858986601805, 0.10677201581238992, 0.3796362681934639, 0.2831810125255424, 0.19740834955684905, 0.5579299103599901, 0.10890151645251746, 0.292948129101032, 0.13897146287507764, 0.1901909120267413, 0.4694832783883955, -0.03178266498498877, 0.26214722635233806, 0.2985016368450483, 0.7578237686677018, 0.3609033313472918, 0.33689932504575626, 0.34086226569135913], [0.647357415784171, 1.05, -0.2529288449118331, 0.7685442960103261, 0.4809844647512854, -0.13320664404998142, 0.39870514219785386, 0.45191920164912525, 0.6669873110223948, 0.271477809825501, -0.009151730631117672, 0.367249315498776, 0.3172539827756811, 0.43948769522900516, -0.07383042303082016, 0.2516857656322269, 0.3899063526796801, -0.29191703696981663, 0.5967610993479796, -0.31057789332080254, 0.5399057147426893, 0.11297526498716569, -0.2659198214464416, 0.5512173777866948, 0.043909023043031556, 0.9302886993836451, 0.5487561402791427, 0.557509033080499, 0.43448723274367534], [0.24330989991587024, -0.21311597117571124, 1.09, -0.21322573500214628, 0.3483401754319874, 1.069245900620126, -0.09490524574405981, -0.11361980072725703, -0.5520294687565972, -0.22512468725989926, 0.7127594153557774, 0.3803550087468222, 0.19595882727190245, 0.3589412819691304, 0.7206198528435382, -0.10160198110957863, -0.1574472680212248, 0.8470839854958875, 0.006769603609750319, 0.8484428610271425, -0.29710762091015813, 0.8114377446146114, 0.651505708201227, -0.7117428522232989, 0.17956274783513362, -0.061314499330818596, -0.1820255054147203, -0.2756921926754342, 0.20300482132761663], [0.5707419276299251, 0.9338226392383532, -0.2315677337120083, 0.96, 0.40916598479849153, -0.11808541675129294, 0.4601262388341542, -0.05237549490899117, 0.5423266156407934, 0.3415045292999468, -0.18076386128358082, 0.10751347631862025, -0.08755392193844201, 0.09867184851051158, 0.08311713080114273, 0.23235388679101093, 0.7194966025959373, -0.20665000527267832, 0.3927228162830731, -0.1565083231730154, 0.8518484736538257, 0.0033916837936562817, -0.04262921184188116, 0.5456956424735453, 0.057517840832293124, 0.4925358849873269, 0.6191047997718879, 0.21908941835557275, 0.41284135514646964], [0.33888282890066707, 0.39191326757512146, 0.3382919011406801, 0.4129545587318109, 1.07, 0.5454030881411801, 0.8035634150452347, 0.40578447383472893, 0.5993703271529723, 0.6545606672506388, 0.785614667207499, 0.8210533642190618, 0.44300645806436917, 0.6559932623488341, 0.5586058532024188, -0.2622031701987635, 0.27214290506255606, 0.540107392636493, 0.6441672136308996, 0.30717413091177986, 0.3943165364427099, 0.5326595431573972, 0.6571496250436976, 0.2254969533736957, -0.02354620838346276, 0.5205811034797635, 0.4067104515852031, 0.3070490850623158, 0.6400958796310806], [0.28288198542784193, -0.14000290139947028, 0.9151203653956033, -0.11597674859501984, 0.5015760542726924, 1.07, 0.10120549144646285, -0.12123165052083956, -0.34873323368954423, -0.040248405280939974, 0.7924489158856859, 0.5810405869108314, 0.1510682952206916, 0.4715681717603552, 0.77506765460873, -0.25242947814543454, -0.07056416768564766, 0.9468866707830773, 0.22014196675913872, 0.8573336375918786, -0.12950190419540322, 0.9187108156512535, 0.762711485200231, -0.46190482553420803, 0.026648106780788102, 0.048305890756709345, -0.04900175320715358, -0.23957695356854913, 0.3687246546048908], [0.27666782340049595, 0.3400720330511106, -0.11105933012602745, 0.4435451131104009, 0.848205826992192, 0.09482316315704627, 0.87, 0.22891380233342043, 0.9157878853356666, 0.810125113584209, 0.39862380494310456, 0.48845126645355075, 0.24324609669493386, 0.2723520353973276, 0.37080022586888883, -0.1889668887050656, 0.4765915446428832, 0.09935670565061487, 0.7862630313134357, 0.012688983431361685, 0.46674498393198083, 0.0621497374675049, 0.4036169060254702, 0.8129209780851362, 0.054798646036467245, 0.4539755621166265, 0.5288470254831441, 0.36024179231133435, 0.6192054104008151], [0.10064188715339462, 0.45191920164912525, -0.10658140599194024, -0.06031117595580801, 0.32016022706226316, -0.11678278261181792, 0.2405930779626766, 1.07, 0.41535667768861895, 0.1572390679934053, 0.4864454594682532, 0.6125407843400251, 0.807096083722714, 0.4996488649252938, -0.23040539073009716, 0.24478582489295508, -0.3293697486731535, -0.05797829119114614, 0.43891195032739877, -0.252099987072845, -0.25346510572918585, 0.0840860121334009, -0.34993945635305085, 0.10844262909169802, 0.14914088469735673, 0.6526266831655129, 0.1619377464531463, 0.8295522551860849, 0.20838215776974964], [0.3083678341158915, 0.5726658731000359, -0.5420829918420639, 0.612304243465412, 0.48986997892310236, -0.31478575076401344, 0.7113709466446695, 0.42374772168232844, 0.85, 0.7713271408274293, 0.09429594118906708, 0.4472517545665022, 0.2861315995310023, 0.2793050464154369, -0.11363054810659318, -0.13452370732807986, 0.48647514209912246, -0.31650559143751716, 0.8068908976166906, -0.4559136022353369, 0.5204923412229217, -0.13135959389052668, -0.017175703134415857, 0.8564501001874354, -0.10365350504019331, 0.6168899253485418, 0.5359039361480968, 0.6590514063888417, 0.49568180188792854], [0.10119855200799904, 0.2656395773561354, -0.242956345656723, 0.44356335414820675, 0.6788036549265883, -0.04150616794596935, 0.923368409031464, 0.14167084343960282, 0.713113771708378, 0.91, 0.30177972393800273, 0.2799773516230851, 0.21934647790954803, -0.08048225044493816, 0.17654676249795195, 0.025268335116276255, 0.3808167919290376, -0.03272171713029967, 0.5661838707100904, -0.00045857856957546157, 0.5451430032506396, -0.2200874803590733, 0.4062727983961524, 0.8362754306791695, 0.12158254805954112, 0.42696721704139656, 0.7369219461787129, 0.3607427301792571, 0.734655419877732], [-0.0230435828