{"times": [{"matrix": [[1.0, 0.16681297121253097, 0.7178816247713902, 0.4974486135159238, 0.3042316078481423, 0.5871853203229513, -0.08282826811227273, -0.11352595891687166, -0.018575844837700705, 0.17234184880551354, -0.27154121045188717, 0.11813321349050342, -0.10774335038134356, 0.005767195752118323, 0.22829286484528052, 0.1568051791346611, 0.04161606676541669, 0.33570909484590783, 0.36941580085287246, 0.4389957655766583, -0.19504235321581906, 0.5248477844775082, -0.13844375056327232, -0.27033018926051106, 0.5682978933743748, 0.7712653279765659, 0.47345178165909474, 0.2790380364279624, 0.3613721959732093], [0.16681297121253097, 1.0, -0.14005297709983786, 0.03922746536803554, -0.2583104239863656, -0.2846144706906754, 0.03197048863682866, -0.06558751090410417, 0.15731013530293678, 0.22369617329156735, 0.37291462841608847, 0.07454540337765024, 0.014354330390034916, -0.3619875302037925, 0.4523135545540533, 0.38438541105454205, -0.12036669808647607, 0.04313856216089609, -0.08359198117278606, -0.13448982382120533, -0.07096911584255837, -0.1278670371313553, 0.07471877355610056, 0.1097161808713371, 0.132135293984933, -0.19198831436844904, -0.27076141203447884, 0.08422833936834737, -0.10739485172488343], [0.7178816247713902, -0.14005297709983786, 1.0, 0.5862500693237397, 0.24040510230038384, 0.9003788765113474, -0.0738708702406619, -0.4192105161610335, 0.1867005191272009, 0.11879761440774711, -0.3053928311966456, 0.11042985364148292, -0.12252716085202857, 0.028723246014522058, -0.18411239140045088, -0.1263441059786598, 0.24770031867647346, 0.3530964415339745, 0.38456865025567205, 0.5851238990577157, -0.02137068637813493, 0.44633355798782054, -0.1947274157404414, -0.3941057229639958, 0.5396894487170343, 0.8124706706681488, 0.6508121658645348, 0.5367006281596925, 0.47593695638085226], [0.4974486135159238, 0.03922746536803554, 0.5862500693237397, 1.0, 0.23992561122764633, 0.5412297555232867, -0.01834343956684939, -0.2638539300513536, 0.09876235380893897, 0.2028332180261244, -0.07604023862886641, 0.04966156161034094, -0.11878910156676015, -0.5058563743425251, -0.041213098882757565, 0.040228165540069936, -0.21320654376046766, 0.23678791438825403, 0.14167281631353776, 0.48336339999156713, -0.1922637101718555, 0.17342266317904054, 0.2649843814191986, -0.539195914768596, 0.23796223619218904, 0.6732950563823816, 0.39586414675864173, 0.5125060180082255, 0.41596785569522643], [0.3042316078481423, -0.2583104239863656, 0.24040510230038384, 0.23992561122764633, 1.0, 0.23456124186025595, -0.3774253737707063, 0.19358745656758383, -0.44483112832614524, 0.11794354178124894, -0.6092281797424952, -0.11458754811549177, 0.06363944066125699, 0.1575746255428847, -0.023625776513895594, -0.07788256522196395, -0.28562887106505774, -0.1241244119385238, -0.0919152430698179, 0.31348006946590634, 0.2697523206464993, 0.38932395105588025, 0.3058430362738995, -0.29136722404606646, 0.1724862292427297, 0.4405816336606425, 0.37320398029977914, -0.04995355711477591, 0.17929306321227584], [0.5871853203229513, -0.2846144706906754, 0.9003788765113474, 0.5412297555232867, 0.23456124186025595, 1.0, 0.03788806364652653, -0.38789146168619143, 0.2417118861983582, 0.1502211343525923, -0.23429152990836505, 0.22104715868491562, -0.14202976726043628, 0.09691665280383197, -0.10095754699971358, -0.06487949946597481, 0.4125964698487615, 0.35857774330418646, 0.369813012765259, 0.4751186877969946, -0.02841600593280404, 0.5019576563515651, -0.036803330507552044, -0.3150886949721541, 0.5969967398795892, 0.6795009315382311, 0.60173084665261, 0.4289990621650103, 0.42757492961321836], [-0.08282826811227273, 0.03197048863682866, -0.0738708702406619, -0.01834343956684939, -0.3774253737707063, 0.03788806364652653, 1.0, 0.3799358486835238, 0.2772239870615989, -0.30853599969675355, 0.6721668012414834, 0.27509638873999204, 0.34437674222060743, 0.05311248322442708, 0.28928375974421267, 0.6397166214150587, 0.08795530033386549, 0.6702684518967886, 0.715900958433713, -0.03164343090211527, -0.3475065738679718, 0.03183385594574789, -0.11909241504502197, 0.14982894209776448, 0.2412522020906338, -0.17081045551557342, -0.24029730309641162, 0.4135008798142776, -0.03507734241211906], [-0.11352595891687166, -0.06558751090410417, -0.4192105161610335, -0.2638539300513536, 0.19358745656758383, -0.38789146168619143, 0.3799358486835238, 1.0, -0.3797496426083775, -0.08582982907618815, 0.31721733213555703, -0.07543055025444238, 0.5968683612037008, 0.1839538240842824, 0.6358068772902755, 0.5738157894555512, -0.5394772624766513, 0.0036945164272420886, 0.32866746854701795, -0.3440095377265262, -0.41456076229608907, -0.06576593046435847, 0.1095685307873702, 0.10425924741386527, 0.00854811632322118, -0.3374901498173216, -0.3566558050344327, -0.1022842051231345, -0.13663450065864566], [-0.018575844837700705, 0.15731013530293678, 0.1867005191272009, 0.09876235380893897, -0.44483112832614524, 0.2417118861983582, 0.2772239870615989, -0.3797496426083775, 1.0, 0.3156614832148055, 0.29661201695467093, 0.11573564358552219, -0.0675367544537862, -0.12451031352643273, -0.029502534318093552, 0.03338899644245261, 0.583351009458663, 0.3171258164259077, 0.18482603473326403, 0.14960132698207526, 0.1453363624739515, 0.2180971341237399, 0.07783346296555498, 0.18622846225406905, 0.2646837755677237, -0.021345974063625168, 0.17065509492901781, 0.46171017413065796, 0.1774052279132418], [0.17234184880551354, 0.22369617329156735, 0.11879761440774711, 0.2028332180261244, 0.11794354178124894, 0.1502211343525923, -0.30853599969675355, -0.08582982907618815, 0.3156614832148055, 1.0, 0.08506241308570382, -0.1189733547918362, 0.18482616349846906, -0.33367210712782946, 0.2813389872299317, -0.11500836834711713, 0.22152743185753623, -0.2434192662756614, -0.23703648374681557, 0.16394747821399466, 0.1829148740240155, 0.3120297284739558, 0.2346169360673984, 0.1751687933425904, 0.23734205647024453, 0.037188278114448324, -0.07076070599424057, -0.045722647537473925, -0.07454718359364666], [-0.27154121045188717, 0.37291462841608847, -0.3053928311966456, -0.07604023862886641, -0.6092281797424952, -0.23429152990836505, 0.6721668012414834, 0.31721733213555703, 0.29661201695467093, 0.08506241308570382, 1.0, 0.08618269168544221, 0.4832663831217751, -0.13688802189742616, 0.4794803026288944, 0.5609763002358399, -0.028053465216624635, 0.2542209603233209, 0.32704895366291153, -0.3121689001518553, -0.3005199966221472, -0.17698522596395758, 0.033324546852860536, 0.3603366231375655, 0.13215354886580316, -0.4754272119630856, -0.6212127236612307, 0.15853204591609857, -0.327240301254025], [0.11813321349050342, 0.07454540337765024, 0.11042985364148292, 0.04966156161034094, -0.11458754811549177, 0.22104715868491562, 0.27509638873999204, -0.07543055025444238, 0.11573564358552219, -0.1189733547918362, 0.08618269168544221, 1.0, -0.45396394210089763, -0.09372432019126992, 0.07829780140518879, -0.058953665886082265, 0.22745621810506667, 0.051693031628544446, -0.02405945234340496, -0.27523609752812406, 0.041199820607046196, 0.28876466875244944, -0.20461513401323086, 0.283374146387526, -0.09414927655954491, 0.14274999272632752, 0.18755002571468626, -0.04015627127629212, 0.0027866342843845026], [-0.10774335038134356, 0.014354330390034916, -0.12252716085202857, -0.11878910156676015, 0.06363944066125699, -0.14202976726043628, 0.34437674222060743, 0.5968683612037008, -0.0675367544537862, 0.18482616349846906, 0.4832663831217751, -0.45396394210089763, 1.0, 0.046639875323828205, 0.4689064004967213, 0.40862429836347586, -0.13191586157360377, 0.2359218782714795, 0.466680685945723, 0.14861595345695872, -0.040371749428335976, 0.02950076285115157, 0.04391051323429313, -0.039798613709170004, 0.34891689944341536, -0.19760656422796333, -0.4368988757336907, 0.24854191204837942, -0.16439649846161883], [0.005767195752118323, -0.3619875302037925, 0.028723246014522058, -0.5058563743425251, 0.1575746255428847, 0.09691665280383197, 0.05311248322442708, 0.1839538240842824, -0.12451031352643273, -0.33367210712782946, -0.13688802189742616, -0.09372432019126992, 0.046639875323828205, 1.0, -0.07512866696132316, 0.061561526147083545, 0.1808132505159255, -0.1314508633950759, 0.15111126858749274, -0.2720927389963864, 0.008049902937386208, 0.19611771385943974, -0.17056800459507654, 0.1580201061018737, 0.22424072414532928, -0.09660312690535112, 0.023423597112810265, -0.10179001023263008, -0.04716467222786455], [0.22829286484528052, 0.4523135545540533, -0.18411239140045088, -0.041213098882757565, -0.023625776513895594, -0.10095754699971358, 0.28928375974421267, 0.6358068772902755, -0.029502534318093552, 0.2813389872299317, 0.4794803026288944, 0.07829780140518879, 0.4689064004967213, -0.07512866696132316, 1.0, 0.7289882863346079, -0.19458202656271398, 0.08528250934137391, 0.33507727004461296, -0.26599560309285714, -0.40212071094829893, 0.014891886552310343, 0.3005775636475867, 0.1542333329220971, 0.46054281530338653, -0.2845146433051555, -0.3514175460838918, -0.021958538022792542, -0.15727423260656492], [0.1568051791346611, 0.38438541105454205, -0.1263441059786598, 0.040228165540069936, -0.07788256522196395, -0.06487949946597481, 0.6397166214150587, 0.5738157894555512, 0.03338899644245261, -0.11500836834711713, 0.5609763002358399, -0.058953665886082265, 0.40862429836347586, 0.061561526147083545, 0.7289882863346079, 1.0, -0.30588175504960635, 0.4345737220958613, 0.574967100447252, -0.06599407416058274, -0.5609805142708287, -0.10157793660709474, 0.24881894002265592, 0.07046671392340906, 0.4754871919877704, -0.2673774102231567, -0.3518424232641564, 0.2867864889424768, -0.14415685729783412], [0.04161606676541669, -0.12036669808647607, 0.24770031867647346, -0.21320654376046766, -0.28562887106505774, 0.4125964698487615, 0.08795530033386549, -0.5394772624766513, 0.583351009458663, 0.22152743185753623, -0.028053465216624635, 0.22745621810506667, -0.13191586157360377, 0.1808132505159255, -0.19458202656271398, -0.30588175504960635, 1.0, 0.21746216261011994, 0.09784546413409705, 0.21591152026023963, 0.47775537954234487, 0.40997796933501096, -0.17447665964837647, 0.22076649589175792, 0.3585462726959634, 0.07214636625405606, 0.14017257215043114, 0.07971280967861816, -0.013571357476683522], [0.33570909484590783, 0.04313856216089609, 0.3530964415339745, 0.23678791438825403, -0.1241244119385238, 0.35857774330418646, 0.6702684518967886, 0.0036945164272420886, 0.3171258164259077, -0.2434192662756614, 0.2542209603233209, 0.051693031628544446, 0.2359218782714795, -0.1314508633950759, 0.08528250934137391, 0.4345737220958613, 0.21746216261011994, 1.0, 0.8102615550823999, 0.4923609397977775, -0.0972616338146152, 0.2793953751768609, -0.04099969779141352, -0.17517281483215133, 0.4605429056111593, 0.34087219360429105, 0.2528283317250287, 0.4982202850195926, 0.3473045257244282], [0.36941580085287246, -0.08359198117278606, 0.38456865025567205, 0.14167281631353776, -0.0919152430698179, 0.369813012765259, 0.715900958433713, 0.32866746854701795, 0.18482603473326403, -0.23703648374681557, 0.32704895366291153, -0.02405945234340496, 0.466680685945723, 0.15111126858749274, 0.33507727004461296, 0.574967100447252, 0.09784546413409705, 0.8102615550823999, 1.0, 0.2995694694330302, -0.3415775726380629, 0.19228419103362876, -0.03943305698576181, -0.20004266765682235, 0.6312638913092566, 0.22833846651644202, 0.14277940114956308, 0.5079880728297211, 0.2790095985933183], [0.4389957655766583, -0.13448982382120533, 0.5851238990577157, 0.48336339999156713, 0.31348006946590634, 0.4751186877969946, -0.03164343090211527, -0.3440095377265262, 0.14960132698207526, 0.16394747821399466, -0.3121689001518553, -0.27523609752812406, 0.14861595345695872, -0.2720927389963864, -0.26599560309285714, -0.06599407416058274, 0.21591152026023963, 0.4923609397977775, 0.2995694694330302, 1.0, 0.26755065284251817, 0.31965024910866346, -0.061799046506275504, -0.37042438931917315, 0.39411979145038484, 0.620587897054781, 0.3148305816511457, 0.5670329760236555, 0.1700876686086141], [-0.19504235321581906, -0.07096911584255837, -0.02137068637813493, -0.1922637101718555, 0.2697523206464993, -0.02841600593280404, -0.3475065738679718, -0.41456076229608907, 0.1453363624739515, 0.1829148740240155, -0.3005199966221472, 0.041199820607046196, -0.040371749428335976, 0.008049902937386208, -0.40212071094829893, -0.5609805142708287, 0.47775537954234487, -0.0972616338146152, -0.3415775726380629, 0.26755065284251817, 1.0, 0.28401068473085905, 0.07157525690955784, 0.22511103387257286, 1.1777897992068067e-05, 0.11857948830447279, 0.07830781610868151, -0.10680324904651195, -0.1403719770748516], [0.5248477844775082, -0.1278670371313553, 0.44633355798782054, 0.17342266317904054, 0.38932395105588025, 0.5019576563515651, 0.03183385594574789, -0.06576593046435847, 0.2180971341237399, 0.3120297284739558, -0.17698522596395758, 0.28876466875244944, 0.02950076285115157, 0.19611771385943974, 0.014891886552310343, -0.10157793660709474, 0.40997796933501096, 0.2793953751768609, 0.19228419103362876, 0.31965024910866346, 0.28401068473085905, 1.0, -0.06541953189927498, -0.12285177012899925, 0.3863408868217156, 0.6046776522245791, 0.4427014607316907, 0.19898212037578067, 0.29127248835392705], [-0.13844375056327232, 0.07471877355610056, -0.1947274157404414, 0.2649843814191986, 0.3058430362738995, -0.036803330507552044, -0.11909241504502197, 0.1095685307873702, 0.07783346296555498, 0.2346169360673984, 0.033324546852860536, -0.20461513401323086, 0.04391051323429313, -0.17056800459507654, 0.3005775636475867, 0.24881894002265592, -0.17447665964837647, -0.04099969779141352, -0.03943305698576181, -0.061799046506275504, 0.07157525690955784, -0.06541953189927498, 1.0, -0.18186101503030278, 0.2276696456645794, -0.15215675868984221, 0.07019719601822311, -0.0973859992391414, 0.14480016069290375], [-0.27033018926051106, 0.1097161808713371, -0.3941057229639958, -0.539195914768596, -0.29136722404606646, -0.3150886949721541, 0.14982894209776448, 0.10425924741386527, 0.18622846225406905, 0.1751687933425904, 0.3603366231375655, 0.283374146387526, -0.039798613709170004, 0.1580201061018737, 0.1542333329220971, 0.07046671392340906, 0.22076649589175792, -0.17517281483215133, -0.20004266765682235, -0.37042438931917315, 0.22511103387257286, -0.12285177012899925, -0.18186101503030278, 1.0, -0.08624757459345977, -0.4927865197699698, -0.5006136719375467, -0.3984369148672505, -0.6280254744909985], [0.5682978933743748, 0.132135293984933, 0.5396894487170343, 0.23796223619218904, 0.1724862292427297, 0.5969967398795892, 0.2412522020906338, 0.00854811632322118, 0.2646837755677237, 0.23734205647024453, 0.13215354886580316, -0.09414927655954491, 0.34891689944341536, 0.22424072414532928, 0.46054281530338653, 0.4754871919877704, 0.3585462726959634, 0.4605429056111593, 0.6312638913092566, 0.39411979145038484, 1.1777897992068067e-05, 0.3863408868217156, 0.2276696456645794, -0.08624757459345977, 1.0, 0.2938501271098138, 0.08702497538393567, 0.41158582285942547, 0.06034624764847912], [0.7712653279765659, -0.19198831436844904, 0.8124706706681488, 0.6732950563823816, 0.4405816336606425, 0.6795009315382311, -0.17081045551557342, -0.3374901498173216, -0.021345974063625168, 0.037188278114448324, -0.4754272119630856, 0.14274999272632752, -0.19760656422796333, -0.09660312690535112, -0.2845146433051555, -0.2673774102231567, 0.07214636625405606, 0.34087219360429105, 0.22833846651644202, 0.620587897054781, 0.11857948830447279, 0.6046776522245791, -0.15215675868984221, -0.4927865197699698, 0.2938501271098138, 1.0, 0.7081594270564671, 0.40040839179415194, 0.544329145611873], [0.47345178165909474, -0.27076141203447884, 0.6508121658645348, 0.39586414675864173, 0.37320398029977914, 0.60173084665261, -0.24029730309641162, -0.3566558050344327, 0.17065509492901781, -0.07076070599424057, -0.6212127236612307, 0.18755002571468626, -0.4368988757336907, 0.023423597112810265, -0.3514175460838918, -0.3518424232641564, 0.14017257215043114, 0.2528283317250287, 0.14277940114956308, 0.3148305816511457, 0.07830781610868151, 0.4427014607316907, 0.07019719601822311, -0.5006136719375467, 0.08702497538393567, 0.7081594270564671, 1.0, 0.22640583668504288, 0.8449793737807831], [0.2790380364279624, 0.08422833936834737, 0.5367006281596925, 0.5125060180082255, -0.04995355711477591, 0.4289990621650103, 0.4135008798142776, -0.1022842051231345, 0.46171017413065796, -0.045722647537473925, 0.15853204591609857, -0.04015627127629212, 0.24854191204837942, -0.10179001023263008, -0.021958538022792542, 0.2867864889424768, 0.07971280967861816, 0.4982202850195926, 0.5079880728297211, 0.5670329760236555, -0.10680324904651195, 0.19898212037578067, -0.0973859992391414, -0.3984369148672505, 0.41158582285942547, 0.40040839179415194, 0.22640583668504288, 1.0, 0.330106162029439], [0.3613721959732093, -0.10739485172488343, 0.47593695638085226, 0.41596785569522643, 0.17929306321227584, 0.42757492961321836, -0.03507734241211906, -0.13663450065864566, 0.1774052279132418, -0.07454718359364666, -0.327240301254025, 0.0027866342843845026, -0.16439649846161883, -0.04716467222786455, -0.15727423260656492, -0.14415685729783412, -0.013571357476683522, 0.3473045257244282, 0.2790095985933183, 0.1700876686086141, -0.1403719770748516, 0.29127248835392705, 0.14480016069290375, -0.6280254744909985, 0.06034624764847912, 0.544329145611873, 0.8449793737807831, 0.330106162029439, 1.0]], "name": 0}, {"matrix": [[1.05, 0.1684811009246563, 0.7753121547531014, 0.5521679610026754, 0.3407394007899194, 0.5871853203229513, -0.08531311615564091, -0.1294195931652337, -0.019504637079585743, 0.17578868578162382, -0.2824028588699627, 0.12876520270464872, -0.10020131585464952, 0.005767195752118323, 0.20318064971229968, 0.14582881659523483, 0.03662213875356669, 0.33235200389744873, 0.3435566947931714, 0.37753635839592614, -0.2106457414730846, 0.5510901737013837, -0.1245993755069451, -0.24870377411967018, 0.5228340619044248, 0.678713488619378, 0.4781862994756857, 0.3181033615278771, 0.3433035861745488], [0.1851623980459094, 0.93, -0.12744820916085245, 0.0396197400217159, -0.27380904942554757, -0.25899916832851466, 0.032290193523196946, -0.05771700959561167, 0.15259083124384867, 0.22145921155865167, 0.38783121355273203, 0.08349085178296828, 0.012775354047131076, -0.31854902657933737, 0.39803592800756693, 0.3766977028334512, -0.11194102922042275, 0.048746575241812584, -0.07439686324377959, -0.11431635024802453, -0.08090479206051654, -0.14576842232974505, 0.06874127167161251, 0.0943559155493499, 0.132135293984933, -0.19006843122476455, -0.30596039559896104, 0.08001692239993, -0.09343352100064858], [0.8183850522393847, -0.1498566854968265, 1.04, 0.6155625727899267, 0.2668496635534261, 0.891375087746234, -0.06796120062140895, -0.3982499903529818, 0.17923249836211286, 0.12236154283997952, -0.31150068782057855, 0.12478573461487569, -0.11885134602646771, 0.027861548634086394, -0.1675422761744103, -0.1402419576363124, 0.23283829955588503, 0.3530964415339745, 0.41917982877868254, 0.6143800940106015, -0.019874738331665486, 0.49543024936648083, -0.1966746898978458, -0.35075409343795627, 0.5019111873068419, 0.8612189109082378, 0.689860895816407, 0.46156254021733556, 0.5092525433275119], [0.4427292660291722, 0.038050641406994476, 0.6566000776425885, 0.92, 0.2615189162381345, 0.568291243299451, -0.017793136379843907, -0.2348299977457047, 0.09974997734702835, 0.20486155020638563, -0.08516506726433039, 0.04370217421710002, -0.10809808242575174, -0.5210320655728008, -0.041213098882757565, 0.034596222364460145, -0.18335762763400218, 0.20837336466166353, 0.15017318529235002, 0.5075315699911455, -0.17880525045982562, 0.1977018360241062, 0.23318625564889478, -0.523020037325538, 0.23796223619218904, 0.7271586608929722, 0.41565735409657384, 0.5586315596289658, 0.3993291414674174], [0.30118929176966086, -0.22989627734786539, 0.22117269411635315, 0.2711159406872403, 0.97, 0.25801736604628156, -0.3736511200329992, 0.1664852126481221, -0.4003480154935307, 0.11676410636343645, -0.5726744889579455, -0.11344167263433685, 0.07254896235383296, 0.1780593268634597, -0.020554425567089165, -0.07866139087418358, -0.24849711782660022, -0.13033063253545, -0.09283439550051607, 0.34796287710715607, 0.28593745988528924, 0.4048969090981155, 0.3058430362738995, -0.29136722404606646, 0.18111054070486618, 0.4009292866311847, 0.31722338325481225, -0.05594798396854902, 0.19542943890138068], [0.6693912651681645, -0.28746061539758216, 0.9544016091020283, 0.5737035408546839, 0.24863491637187132, 0.85, 0.04054022810178339, -0.3840125470693295, 0.2562145993702597, 0.15923440241374784, -0.25069193700195064, 0.19010055646902743, -0.14629066027824938, 0.08528665446737213, -0.09389051870973364, -0.06552829446063456, 0.4538561168336377, 0.3119626366746422, 0.35502049225464866, 0.527381743454664, -0.03211008670406856, 0.562192575113753, -0.040115630253231734, -0.3465975644693695, 0.5850568050819974, 0.720270987430525, 0.5235058365877707, 0.4332890527866604, 0.46605667327840805], [-0.08365655079339546, 0.02909314465951408, -0.0738708702406619, -0.02017778352353433, -0.35855410508217095, 0.04054022810178339, 1.04, 0.34954098078884194, 0.28276846680283085, -0.2961945597088834, 0.6587234652166537, 0.2998550637265913, 0.38570195128708035, 0.0547058577211599, 0.274819571757002, 0.6397166214150587, 0.07652111129046298, 0.6702684518967886, 0.6657878913433531, -0.029111956429946052, -0.2988556535264557, 0.030242163148460496, -0.12742888409817352, 0.1303511796250551, 0.2629649002787909, -0.14860509629854887, -0.2210735188486987, 0.3886908270254209, -0.03542811583624025], [-0.12828433357606497, -0.05837288470465271, -0.38567367486815085, -0.24010707634673178, 0.1761645854765013, -0.4266806078548106, 0.4255281505255467, 0.85, -0.3987371247387964, -0.09183791711152132, 0.3552834119918239, -0.07693916125953124, 0.5192754742472196, 0.1839538240842824, 0.597658464652859, 0.6311973684011064, -0.6150040792233824, 0.003214229291700617, 0.3089474204341969, -0.30616848857660833, -0.4518712309027371, -0.062477633941140545, 0.09970736301650689, 0.09800369256903335, 0.007607823527666851, -0.3847387707917466, -0.38518826943718737, -0.11353546768667931, -0.12707008561254046], [-0.0211764631149788, 0.16989494612717174, 0.19603554508356094, 0.11061383626601165, -0.4181412606265765, 0.2417118861983582, 0.23841262887297504, -0.40633211759096394, 1.05, 0.3535408612005822, 0.29067977661557753, 0.10763414853453564, -0.06078307900840758, -0.13696134487907602, -0.03304283843626478, 0.0293823168693583, 0.6650201507828758, 0.3520096562327576, 0.19776385716459252, 0.1286571412045847, 0.1351628171007749, 0.2377258761948765, 0.08406014000279938, 0.16015647753849938, 0.25939010005636925, -0.018570997435353898, 0.1655354420811473, 0.52634959850895, 0.18450143702977145], [0.1844057782218995, 0.24830275235363977, 0.11998559055182458, 0.20080488584586315, 0.12973789595937385, 0.13970565494791085, -0.33321887967249386, -0.07810514445933121, 0.33775778703984194, 0.87, 0.09271803026341717, -0.1094554864084893, 0.16634354714862215, -0.35702915462677753, 0.3038461062083263, -0.1081078662462901, 0.2303885291318377, -0.2239457249736085, -0.22755502439694295, 0.14591325561045526, 0.1792565765435352, 0.27770645834182067, 0.25807862967413825, 0.18392723300971991, 0.20886100969381519, 0.033469450303003495, -0.06934549187435576, -0.05029491229122132, -0.06485604972647259], [-0.28511827097448156, 0.3654563358477667, -0.29317711794877976, -0.08592546965061904, -0.63968958872962, -0.25537776760011793, 0.6049501211173351, 0.3425947187064016, 0.2580524547505637, 0.09356865439427421, 0.89, 0.07497894176633473, 0.5074297022778639, -0.146470183430246, 0.40755825723456024, 0.4936591442075391, -0.03141988104261959, 0.2491365411168545, 0.3172374850530242, -0.2778303211351512, -0.28849919675726127, -0.19114404404107418, 0.031325074041688904, 0.3423197919806872, 0.12158126495653891, -0.40886740228825363, -0.6336369781344553, 0.14902012316113264, -0.31415068920386396], [0.11577054922069335, 0.06709086303988522, 0.10822125656865325, 0.04320555860099662, -0.11114992167202702, 0.2166262155112173, 0.2695944609651922, -0.08599082729006431, 0.1273092079440744, -0.13087069027101983, 0.08532086476858779, 1.08, -0.43126574499585274, -0.09278707698935722, 0.07281695530682557, -0.05718505590949979, 0.22290709374296533, 0.052209961944829894, -0.02454064139027306, -0.3027597072809365, 0.044907804461680356, 0.3205287823152189, -0.20870743669349548, 0.2408680244293971, -0.10356420421549942, 0.15987999185348684, 0.18192352494324568, -0.03694376957418875, 0.0025358371987898973], [-0.11851768541947792, 0.012344724135430028, -0.1274282472861097, -0.11284964648842213, 0.06618501828770727, -0.14771095795085373, 0.3340454399539892, 0.5371815250833307, -0.0675367544537862, 0.21070182638825471, 0.46876839162812184, -0.45396394210089763, 1.04, 0.04803907158354305, 0.4735954645016885, 0.42905551328164965, -0.13059670295786774, 0.2595140660986275, 0.5133487545402953, 0.16050522973351541, -0.04602379434830301, 0.027140701823059443, 0.03951946191086382, -0.0394006275720783, 0.34542773044898123, -0.177845907805167, -0.45000584200570143, 0.27091068413273356, -0.16439649846161883], [0.005132804219385307, -0.35474777959971665, 0.030446640775393382, -0.5109149380859503, 0.13551417796688084, 0.09982415238794692, 0.05683035705013698, 0.20970735945608193, -0.11828479785011109, -0.3503557124842209, -0.1355191416784519, -0.09184983378744452, 0.04524067906411336, 0.86, -0.07212352028287022, 0.06402398719296688, 0.20251084057783658, -0.12882184612717437, 0.14808904321574287, -0.26392995682649484, 0.008693895172377106, 0.19219535958225095, -0.17056800459507654, 0.180142920956136, 0.20405905897224966, -0.10626343959588624, 0.024360540997322676, -0.1099332110512405, -0.04810796567242184], [0.2534050799782614, 0.42969787682635063, -0.19884138271248697, -0.041625229871585144, -0.020554425567089165, -0.10701499981969641, 0.2487840333800229, 0.724819840110914, -0.029797559661274488, 0.30103271633602696, 0.5082491207866281, 0.08534460353165578, 0.4032595044271803, -0.06611322692596437, 1.11, 0.6633793405644932, -0.19652784682834112, 0.09295793518209756, 0.28481567953792103, -0.27929538324750003, -0.36592984696295205, 0.014742967686787239, 0.32762954437586955, 0.15114866626365514, 0.43751567453821716, -0.26459861827379466, -0.3338466687796972, -0.02305646492393217, -0.1462650363241054], [0.15994128271735433, 0.4381993686021779, -0.1339247523373794, 0.04586010871567972, -0.07009430869976756, -0.060337934503356574, 0.7164826159848658, 0.4877434210372185, 0.030050096798207353, -0.12305895413141534, 0.6395129822688574, -0.05070015266203075, 0.4617454571507277, 0.0590990651012002, 0.6779591062911854, 0.91, -0.27223476199414964, 0.3911163498862752, 0.574967100447252, -0.07259348157664103, -0.5385412936999956, -0.11071995090173328, 0.22393704602039033, 0.06482937680953633, 0.4279384727889934, -0.2272707986896832, -0.31665818093774073, 0.3212008676155741, -0.1571309744546392], [0.04411303077134169, -0.1348107018568532, 0.24026930911617925, -0.18122556219639752, -0.2913414484863589, 0.3589589287684225, 0.09411217135723608, -0.4693452183546866, 0.6241855801207695, 0.22152743185753623, -0.027211861260125893, 0.20016147193245867, -0.15038408219390828, 0.177196985505607, -0.17317800364081545, -0.33035229545357486, 0.97, 0.20006518960131037, 0.09491010021007414, 0.20727505944983005, 0.42520228779268693, 0.3771797317882101, -0.19890339199914917, 0.21855883093284034, 0.37647358633076156, 0.07503222090421831, 0.1359673949859182, 0.0693501444203978, -0.01167136742994783], [0.2954240034643989, 0.04227579091767817, 0.31425583296523735, 0.21784488123719373, -0.11295321486405667, 0.35499196587114457, 0.5764308686312382, 0.003546735770152405, 0.28224197661905787, -0.2677611929032276, 0.2542209603233209, 0.05531154384254256, 0.24771797218505348, -0.14591045836853425, 0.07590143331382278, 0.49106830596832324, 0.22616064911452474, 0.87, 0.89128771059064, 0.5415970337775553, -0.09045331944759213, 0.29615909768747256, -0.0373097249901863, -0.18918664001872346, 0.4006723278817086, 0.3136024181159478, 0.2528283317250287, 0.5580067192219438, 0.295208846865764], [0.38419243288698735, -0.08693566041969751, 0.3961057097633422, 0.13600590366099624, -0.09283439550051607, 0.36611488263760644, 0.8018090734457587, 0.32866746854701795, 0.1922190761225946, -0.24414757825922004, 0.29761454783324953, -0.02478123591370711, 0.47134749280518023, 0.14506681784399303, 0.2948679976392594, 0.6152147974785597, 0.08903937236202832, 0.7697484773282799, 0.99, 0.26961252248972717, -0.3518248998172048, 0.2018984005853102, -0.03509542071732801, -0.19004053427398124, 0.6880776415270898, 0.25345569783325067, 0.15848513527601504, 0.553706999384396, 0.31807094239638284], [0.46533551151125785, -0.11835104496266069, 0.5734214210765614, 0.48336339999156713, 0.3072104680765882, 0.4038508846274454, -0.032909168138199885, -0.31648877470840414, 0.15259335352171677, 0.1442737808283153, -0.29343876614274395, -0.2724837365528428, 0.16942218694093292, -0.2965810855060612, -0.30057503149492854, -0.0600546074861303, 0.24613913309667315, 0.5268262055836219, 0.2546340490180757, 1.04, 0.23812008102984117, 0.3132572441264902, -0.05685512278577347, -0.3333819503872558, 0.4256493747664157, 0.6826466867602592, 0.3148305816511457, 0.612395614105548, 0.16498503855035568], [-0.18919108261934448, -0.0695497335257072, -0.023080341288385726, -0.18649579886669984, 0.23738204216891937, -0.025006085220867554, -0.357931771084011, -0.42699758516497177, 0.1249892717275983, 0.18840232024473597, -0.2644575970274895, 0.038727831370623425, -0.04562007685401965, 0.00732541167302145, -0.3940782967293329, -0.4824432422729127, 0.4825329333377683, -0.0992068664909075, -0.38939843280739167, 0.3023322377120455, 0.95, 0.2669700436470075, 0.07372251461684458, 0.23861769590492724, 1.2013455951909429e-05, 0.12806584736883062, 0.0775247379475947, -0.1142794764797678, -0.1221236200551209], [0.509102350943183, -0.13426038898792308, 0.4418702224079423, 0.18382802296978298, 0.38932395105588025, 0.5571729985502373, 0.030242163148460496, -0.07365784212008149, 0.2377258761948765, 0.2901876474807789, -0.175215373704318, 0.26566349525225347, 0.02891074759412854, 0.21376830810678935, 0.01518972428335655, -0.115798847732088, 0.39767863025496064, 0.25983769891448066, 0.19420703294396505, 0.3580082790017031, 0.298211218967402, 1.12, -0.07326987572718797, -0.11670918162254929, 0.40565793116280136, 0.610724428746825, 0.3851502708365709, 0.2089312263945697, 0.29127248835392705], [-0.15367256312523228, 0.06874127167161251, -0.22198925394410315, 0.2835332881185425, 0.33336890953855053, -0.032386930846645796, -0.1345744290008748, 0.12271675448185462, 0.08639514389176603, 0.22288608926402845, 0.028992355761988668, -0.1841536206119078, 0.049618879954751234, -0.19444752523838724, 0.32462376873939364, 0.2737008340249215, -0.1971586254026654, -0.045919661526383146, -0.03746140413647371, -0.06797895115690306, 0.07085950434046226, -0.05822338339035473, 0.9, -0.20732155713454514, 0.1957958952715383, -0.1582430290374359, 0.0744090277793165, -0.08277809935327018, 0.12887214301668434], [-0.28384669872353663, 0.12068779895847082, -0.4177520663418356, -0.6146833428361993, -0.25348948492007783, -0.2898815993743818, 0.13484604788798804, 0.0927907301983401, 0.17319246989628423, 0.18392723300971991, 0.3819568205258194, 0.2692054390681497, -0.034624793926977905, 0.16434091034594864, 0.16811433288508584, 0.06412470967030225, 0.20972817109717, -0.15415207705229317, -0.19804224098025414, -0.400058340464707, 0.24311991658237872, -0.1326799117393192, -0.16549352367757553, 1.11, -0.08452262310159057, -0.522353710956168, -0.4956075352181712, -0.3904681765699055, -0.5652229270418987], [0.608078745910581, 0.13609935280448102, 0.5234987652555232, 0.24034185855411092, 0.18111054070486618, 0.5253571310940385, 0.2460772461324465, 0.007436861201202427, 0.26203693781204646, 0.2563294209878641, 0.13876122630909332, -0.08473434890359043, 0.36636274441558614, 0.21302868793806282, 0.4927808123746236, 0.4754871919877704, 0.3442044217881248, 0.4236994731622666, 0.568137502178331, 0.4256493747664157, 1.213123493183011e-05, 0.40952134003101853, 0.21400946692470463, -0.0776228171341138, 1.12, 0.32029663854969703, 0.09833822218384729, 0.3827748152592657, 0.05310469793066163], [0.7558400214170345, -0.17278948293160415, 0.8449694974948748, 0.7473575125844437, 0.48904561336331326, 0.7406560153766719, -0.15714561907432756, -0.3341152483191484, -0.021345974063625168, 0.03756016089559281, -0.5087071168005016, 0.16130749178075007, -0.19563049858568368, -0.0859767829457625, -0.27597920400600084, -0.22994457279191477, 0.08224685752962389, 0.381776856836806, 0.21463815852545548, 0.5461173494082073, 0.11620789853838333, 0.5381631104798754, -0.13694108282085798, -0.4977143849676695, 0.25858811185663616, 0.9, 0.8073017468443724, 0.3803879722044443, 0.544329145611873], [0.4781862994756857, -0.28700709675654756, 0.6377959225472442, 0.43149191996691955, 0.31722338325481225, 0.6799558567174493, -0.24510324915833986, -0.3388230147827111, 0.16894854397972764, -0.07571395541383742, -0.6087884691880061, 0.1969275270004206, -0.471850785792386, 0.024360540997322676, -0.3830451252314421, -0.30258448400717447, 0.13316394354290959, 0.2654697483112802, 0.12850146103460677, 0.2864958293025426, 0.07987397243085514, 0.4382744461243738, 0.08002480346077434, -0.47057685162129387, 0.08963572464545373, 0.665669861433079, 1.11, 0.21961366158449158, 0.8618789612563988], [0.3013610793421994, 0.09180888991149863, 0.45619553393573864, 0.46125541620740296, -0.05594798396854902, 0.3860991559485093, 0.36801578303470706, -0.09716999486697778, 0.43400756368281845, -0.039778703357602314, 0.18072653234435235, -0.043770335691158416, 0.27836694149418495, -0.10382581043728269, -0.021299781882108765, 0.2437685156011053, 0.06855301632361162, 0.4234872422666537, 0.5130679535580184, 0.4933186891405803, -0.10253111908465147, 0.1810737295419604, -0.10128143920870707, -0.35859322338052546, 0.3827748152592657, 0.4444533148915087, 0.2128214864839403, 1.08, 0.330106162029439], [0.3071663665772279, -0.0966553665523951, 0.4426213694341926, 0.4284468913660832, 0.20080823079774895, 0.3890931859480287, -0.03542811583624025, -0.13936719067181857, 0.1791792801923742, -0.0805109582811384, -0.30760588317878346, 0.002368639141726827, -0.17754821833854834, -0.04150491156052081, -0.14154680934590844, -0.122533328703159, -0.014928493224351875, 0.34035843520993964, 0.26784921464958555, 0.17348942198078637, -0.1389682573041031, 0.27962158881976995, 0.16507218318991027, -0.6719872577053685, 0.06155317260144871, 0.4844529395945669, 0.8196299925673596, 0.30699873068737826, 1.01]], "name": 1}, {"matrix": [[1.01, 0.23421462867655363, 0.8002045783874568, 0.49532934838179915, 0.35765351574853116, 0.6022496043244324, -0.10715120091786787, -0.025065325752792904, -0.06835397970052431, 0.09019645152065447, -0.31112422804443196, 0.05296439391164049, -0.0529163578452841, 0.08740792399336568, 0.2545458639167857, 0.2087226330170275, 0.1191527960943684, 0.2989072708418062, 0.2850075307799012, 0.5180479102861011, -0.14695643909540249, 0.483379360336964, -0.11834948876080366, -0.2640510718356493, 0.42025180341574764, 0.824205232308888, 0.579448627858529, 0.3056297126311451, 0.4015973451550061], [0.23182468348597657, 0.9, -0.05103984961337449, 0.10490401335162035, -0.17547372562668878, -0.17733914560749334, 0.011428576821681979, 0.005623461656959392, 0.1049326711703508, 0.17309990711710566, 0.37954694394941524, 0.06044782698054284, 0.05403352037502706, -0.24385424306529194, 0.5218384173099859, 0.4401787322241604, -0.051745487598087975, 0.0589492441431546, -0.060035441369793045, -0.03384989197738114, -0.02117991622406902, -0.060458315353419244, 0.0779266373949308, 0.009873267188950357, 0.08689325039105357, -0.07408484594236463, -0.1987456164108251, 0.14559747185010935, -0.004436114909991302], [0.596643764587139, -0.045619688592485164, 0.92, 0.6322873116685925, 0.24981139007792416, 0.8556390716873646, -0.10120061919507559, -0.37259248940027306, 0.09655167727397967, 0.04105490977731178, -0.28163693562843567, 0.10967110351962654, -0.11382672462313156, 0.07345628514678926, -0.11123354102261067, -0.030463988520224618, 0.32514056421564913, 0.32100912266873316, 0.35424452138059825, 0.5812105248298761, 0.05239421375120894, 0.45090985652648935, -0.18014774298708983, -0.42022157509051555, 0.36429069285308496, 0.6829274452658973, 0.7049158749406289, 0.5393855257859763, 0.4329707603565005], [0.6071779109196247, 0.12656897263075934, 0.668765425803319, 1.13, 0.24587440541584066, 0.4983162408523079, -0.08102807731157248, -0.18020799975883076, 0.01647555033280897, 0.11252550687817071, -0.13077841294630296, 0.005267634483164822, -0.1293553091274943, -0.39082322860187746, 0.000794858154555321, 0.11510803822677472, -0.08479965498527553, 0.16203944197911554, 0.14664069670175536, 0.5312611285693318, -0.10543680957332162, 0.22633891485680052, 0.20491930440306305, -0.5575876636019452, 0.14220732276567746, 0.670617461780835, 0.5038372899000272, 0.4543106134178999, 0.5042487001180522], [0.3231430887903396, -0.1580844375015214, 0.2188613063514557, 0.24805028510978616, 0.91, 0.17861638516749964, -0.2916619179813355, 0.21765996579007896, -0.3762043765790354, 0.15262734059778105, -0.5629179338438691, -0.08059558869022222, 0.13969998198855496, 0.2563661800799316, 0.03925941227583832, -0.03538950334207542, -0.28492122734509606, -0.09125798032309561, -0.09824251552627922, 0.3213603761736469, 0.2276682360072024, 0.31233757560308834, 0.3516167062413658, -0.26713177658236187, 0.1706475149244026, 0.40411909706792554, 0.38109215110896577, 0.05104416120663545, 0.20501580735703234], [0.47084969065364707, -0.1714278407539102, 0.8466323446169713, 0.5968842884934238, 0.17861638516749964, 0.85, 0.01868555684937511, -0.34072308479591146, 0.18667322125931793, 0.09116226539231807, -0.17422781680724045, 0.2075405225007795, -0.16599793323374598, 0.11685908706134973, -0.04029747011850373, 0.0043464743253481125, 0.4426399250765882, 0.40261677603588886, 0.36963448543827476, 0.40886830232172, 0.06848404331771646, 0.6161501504323456, -0.01597056067343093, -0.36516449681590746, 0.39730800616156964, 0.7072901266867392, 0.6007518622643101, 0.38837852979161547, 0.4452953051832318], [-0.11213497770474544, 0.013896110453636042, -0.09915616224163971, -0.0864906443213414, -0.28332872032472595, 0.015942722816439315, 1.06, 0.3915799543354242, 0.3410556348308442, -0.18838443551078968, 0.619358046325021, 0.2809259379223588, 0.3985786374858472, 0.07236838902448182, 0.27772253708666483, 0.5025096874495121, 0.006720781267339106, 0.7395058395040685, 0.6207937578516945, -0.058916928047575805, -0.34092444236230723, 0.012662853727370246, -0.02310031006691364, 0.13658599205255434, 0.2197152058745959, -0.1649126822199063, -0.33287834839121005, 0.40480911776933465, -0.07708265683021201], [-0.02530633850041591, 0.0063032207583500885, -0.414414095353365, -0.20535330205076063, 0.2556239133116044, -0.36752152966749996, 0.3084125304057766, 0.9, -0.30294548825445394, -0.06537449313680554, 0.3168956588607175, -0.10786681969929343, 0.6475459509678343, 0.2455156360626069, 0.6610078144189501, 0.4953201760324982, -0.44491513705551056, -0.0068416501183777845, 0.23807078393063008, -0.25272876945901124, -0.32706487857821503, -0.10595627498556456, 0.14916487742868767, 0.0811962327688841, 0.05818328410702632, -0.19338552483048393, -0.267224125361454, -0.03385900985305922, -0.04676928395370246], [-0.06277406299027743, 0.0885670252080025, 0.09860596827980903, 0.016113450325494487, -0.34549381522564476, 0.15615932932269866, 0.29882969908988255, -0.29317305314947156, 0.98, 0.3311264091312573, 0.31140410153904136, 0.15191173349119994, 0.010820877733145445, -0.11239519618809614, -0.05626957327045208, -0.06608799729651164, 0.42995632123249616, 0.34821903643236096, 0.20867247735399422, 0.05812488479436193, 0.12176784787645913, 0.1799563725953028, 0.14018583570235274, 0.23452645805477682, 0.3187379487320863, -0.08178269881469218, 0.07383570650420139, 0.4298242685069683, 0.13987873348369617]