{"times": [{"matrix": [[1.0, 0.5038048813309232, 0.5491361406453374, 0.5994912357094929, 0.41581318931876843, 0.04703314350137722, 0.6256201338793975, 0.3554196597333765, 0.7174871505430502, 0.09324105683297118, 0.2145251290080893, 0.6533165159456491, 0.4799291621326641, 0.5116799651005893, 0.7141672760378058, 0.6657162150719316, 0.7138205640629952, 0.7162352053671077, 0.7537802258909518, 0.06853058984011795, 0.34680360227190377, 0.12437683897909636, 0.29248073264432234, -0.1733004944348809, 0.4974272855988002, 0.702745691962837, -0.04019929074108357, 0.81548921631845, 0.22681204818614295], [0.5038048813309232, 1.0, -0.228999688171455, 0.8572291792351527, 0.9332423149817111, 0.013118870655851517, -0.23251428662645, 0.36955861245371574, 0.37126565633712216, -0.18760791601729446, -0.48720201233437843, -0.053280522949277924, 0.39494741536417866, 0.7680283363767192, -0.07898128598326457, 0.3742643577873392, 0.3169454029736425, -0.17316613499435873, 0.29678396456402106, 0.8298030190630022, 0.7062947531436311, -0.13300700368504922, 0.1644681944676634, -0.15659130070406238, 0.47453970661835654, 0.8532658616164897, 0.4855770610233634, 0.60566491506927, 0.7573325831449962], [0.5491361406453374, -0.228999688171455, 1.0, -0.2706978317607346, -0.38866490255354014, 0.5985332761596277, 0.7551049404425083, 0.4051389882811083, 0.11024923946290117, 0.08628518489762226, 0.9019778785404523, 0.9418651053831522, 0.32618446867238576, -0.4122088323751001, 0.8091062256288782, 0.1184363415177345, 0.16795609932824154, 0.7539195259493271, 0.8017011967892679, -0.6302425088471044, -0.5387950512168307, 0.7541893002816646, -0.3512886774489933, 0.38700229853989404, -0.3384462802980074, -0.1692889875992727, -0.2578862783526124, 0.2538365400734334, -0.46231106320412235], [0.5994912357094929, 0.8572291792351527, -0.2706978317607346, 1.0, 0.9480228390975632, -0.33986684427637737, 0.05872663090302414, -0.06700466506690238, 0.7376017387381855, 0.22097875105421172, -0.5894860088092342, -0.03378622261796971, 0.0706200093137762, 0.8778083506152757, 0.14831779520270644, 0.7476558941211053, 0.7002351531163751, 0.11636523210078167, 0.2678596701349637, 0.7131968924391748, 0.9356656542568034, -0.4681129115447329, 0.6297739040787854, -0.44426574642875005, 0.7952038282796917, 0.9748587951480467, 0.11311040481109029, 0.8214988130472595, 0.5701127585850432], [0.41581318931876843, 0.9332423149817111, -0.38866490255354014, 0.9480228390975632, 1.0, -0.190570294354035, -0.17489048415456152, 0.020135828035737775, 0.5262225675306854, 0.11468424300448363, -0.6444884957329885, -0.15888628784955955, 0.09328844386776701, 0.8000782593053777, -0.05747893948926228, 0.5550039231612902, 0.4754492642201739, -0.14148115046826668, 0.20438437768137774, 0.8508554670628581, 0.8875111717867306, -0.3786186439278341, 0.43994631118774946, -0.2779625309364266, 0.6182900429110415, 0.9038204321744516, 0.2904164204771355, 0.6928196598917348, 0.6516391048481769], [0.04703314350137722, 0.013118870655851517, 0.5985332761596277, -0.33986684427637737, -0.190570294354035, 1.0, 0.035672391541180924, 0.5621601303280203, -0.4990631185221815, -0.18855468241795745, 0.6830646252561209, 0.48813337384176475, 0.36403298171019594, -0.5899603349909536, 0.18035039449937657, -0.39292539396379617, -0.4563534118434999, -0.011429791408668243, 0.589347385523187, -0.12420160811444916, -0.5850492174200707, 0.9556212481686053, -0.8090800761813186, 0.8557583690170559, -0.79545359239402, -0.30899203672422143, 0.3201864730346645, -0.029105754777664996, -0.13919035386351603], [0.6256201338793975, -0.23251428662645, 0.7551049404425083, 0.05872663090302414, -0.17489048415456152, 0.035672391541180924, 1.0, -0.15530032172869984, 0.6407227109040486, 0.5869964092629321, 0.5467445314618448, 0.8487294632679687, -0.12662210749543876, -0.1044942118169351, 0.9745540688160067, 0.6407515905002431, 0.6924019151643144, 0.9823670078181868, 0.6808413834592261, -0.6170150387344556, -0.07590995940367846, 0.17904674287007002, 0.29922218507212145, -0.0955668383085487, 0.19524029600400075, 0.10747178527376494, -0.6870730513074987, 0.5368212354834672, -0.5778502553678321], [0.3554196597333765, 0.36955861245371574, 0.4051389882811083, -0.06700466506690238, 0.020135828035737775, 0.5621601303280203, -0.15530032172869984, 1.0, -0.3041183224425566, -0.7670529756912382, 0.3757354285814697, 0.2941661158624565, 0.9150226258337549, 0.045738396593866144, -0.03465220919437566, -0.39778429376538144, -0.3448722305243058, -0.08123740957552385, 0.35845592641159885, 0.10449971067418957, -0.33196516059983094, 0.6378033824903475, -0.6706646749141539, 0.37716949856158044, -0.3029676776503869, 0.06323757385722255, 0.6289591780085629, -0.07647730056276038, 0.43515350582424234], [0.7174871505430502, 0.37126565633712216, 0.11024923946290117, 0.7376017387381855, 0.5262225675306854, -0.4990631185221815, 0.6407227109040486, -0.3041183224425566, 1.0, 0.5543586122590999, -0.23651972233128832, 0.35565620714367246, -0.15297204220365027, 0.6479657873301017, 0.6320131817703983, 0.9632214875844534, 0.9888496813166883, 0.6738927437914025, 0.39341366435187386, 0.08102588401075278, 0.6955846409846197, -0.4741489396149645, 0.8113645222003978, -0.5983319404199159, 0.8444739431043304, 0.7457110627219916, -0.47279074623393275, 0.8187981120704102, 0.015337333626103544], [0.09324105683297118, -0.18760791601729446, 0.08628518489762226, 0.22097875105421172, 0.11468424300448363, -0.18855468241795745, 0.5869964092629321, -0.7670529756912382, 0.5543586122590999, 1.0, 0.019182303121421267, 0.25582469766411897, -0.7052048594829727, -0.10727800093823667, 0.5300473343465737, 0.6543145648491415, 0.5924970155831643, 0.48554672650094755, 0.28467142206955226, -0.21198023798549684, 0.30466100020165826, -0.25654528404608035, 0.5791677359758508, -0.06052867529992358, 0.23478496903580018, 0.13453408776050657, -0.6368131849546543, 0.49678914950493747, -0.49693685051260617], [0.2145251290080893, -0.48720201233437843, 0.9019778785404523, -0.5894860088092342, -0.6444884957329885, 0.6830646252561209, 0.5467445314618448, 0.3757354285814697, -0.23651972233128832, 0.019182303121421267, 1.0, 0.7349536708251768, 0.30853482663912807, -0.7032356913880423, 0.5603434851168505, -0.24015263139364001, -0.1904245594082671, 0.5211027874394258, 0.5858695902089265, -0.7160173230048457, -0.7813002071326093, 0.8329101836716417, -0.5460308911274746, 0.645133875749748, -0.6363780998172177, -0.4832782253782361, -0.11142087959888011, -0.07988478990483189, -0.4970417640093985], [0.6533165159456491, -0.053280522949277924, 0.9418651053831522, -0.03378622261796971, -0.15888628784955955, 0.48813337384176475, 0.8487294632679687, 0.2941661158624565, 0.35565620714367246, 0.25582469766411897, 0.7349536708251768, 1.0, 0.18333254308445274, -0.23201620055592814, 0.9143620637649464, 0.3822936263694439, 0.4114027474060532, 0.8285338888817956, 0.884111781742939, -0.5382404394324363, -0.3080637702955451, 0.6112775690477421, -0.17067901273833294, 0.21353565164544175, -0.12977550107662475, 0.030776315372919347, -0.3962034645045713, 0.45881051593035393, -0.4709704681854452], [0.4799291621326641, 0.39494741536417866, 0.32618446867238576, 0.0706200093137762, 0.09328844386776701, 0.36403298171019594, -0.12662210749543876, 0.9150226258337549, -0.15297204220365027, -0.7052048594829727, 0.30853482663912807, 0.18333254308445274, 1.0, 0.21665080810150517, -0.030789585071403943, -0.294960179988453, -0.2171668531304575, -0.007317268230802294, 0.31014965727500315, 0.20432360890731155, -0.15151991518226487, 0.445680128517242, -0.4168269621380147, 0.29963811020235537, -0.09987786226363506, 0.24510296066131979, 0.6893738555226038, 0.048536169816662825, 0.5998524967696877], [0.5116799651005893, 0.7680283363767192, -0.4122088323751001, 0.8778083506152757, 0.8000782593053777, -0.5899603349909536, -0.1044942118169351, 0.045738396593866144, 0.6479657873301017, -0.10727800093823667, -0.7032356913880423, -0.23201620055592814, 0.21665080810150517, 1.0, -0.06510032176557237, 0.5639834151487841, 0.5840804336388064, 0.0032286123208705576, -0.05081007477686851, 0.6670215221732041, 0.8700363044445291, -0.6344925639222574, 0.6271130554764074, -0.684967334270555, 0.8944787260978115, 0.8930627606932484, 0.1658748794321203, 0.5401621506998262, 0.6799517341352965], [0.7141672760378058, -0.07898128598326457, 0.8091062256288782, 0.14831779520270644, -0.05747893948926228, 0.18035039449937657, 0.9745540688160067, -0.03465220919437566, 0.6320131817703983, 0.5300473343465737, 0.5603434851168505, 0.9143620637649464, -0.030789585071403943, -0.06510032176557237, 1.0, 0.6579797137328927, 0.6884804367185009, 0.9648498713139566, 0.8094626309585241, -0.4989781437584592, -0.04521880632597592, 0.29074863925007716, 0.22388701925376345, -0.023293734773679617, 0.16145895650604639, 0.19968505215697974, -0.5968622832710996, 0.6387667123180524, -0.502151622676306], [0.6657162150719316, 0.3742643577873392, 0.1184363415177345, 0.7476558941211053, 0.5550039231612902, -0.39292539396379617, 0.6407515905002431, -0.39778429376538144, 0.9632214875844534, 0.6543145648491415, -0.24015263139364001, 0.3822936263694439, -0.294960179988453, 0.5639834151487841, 0.6579797137328927, 1.0, 0.9834122970604764, 0.6515884260893022, 0.44778639075390164, 0.10865344615848622, 0.6957379515510075, -0.413997653552308, 0.7806727317403185, -0.5398534675820943, 0.7683662854256389, 0.7125176685807325, -0.5234472329122877, 0.8731182536133849, -0.0725275987179371], [0.7138205640629952, 0.3169454029736425, 0.16795609932824154, 0.7002351531163751, 0.4754492642201739, -0.4563534118434999, 0.6924019151643144, -0.3448722305243058, 0.9888496813166883, 0.5924970155831643, -0.1904245594082671, 0.4114027474060532, -0.2171668531304575, 0.5840804336388064, 0.6884804367185009, 0.9834122970604764, 1.0, 0.7200106517156954, 0.4258363556112865, 0.021520326715716222, 0.64840743995454, -0.4288488159732214, 0.7927940311495854, -0.5945417260521247, 0.8057709851206268, 0.6937788335274787, -0.543924935140895, 0.8290123901323934, -0.07556462991843511], [0.7162352053671077, -0.17316613499435873, 0.7539195259493271, 0.11636523210078167, -0.14148115046826668, -0.011429791408668243, 0.9823670078181868, -0.08123740957552385, 0.6738927437914025, 0.48554672650094755, 0.5211027874394258, 0.8285338888817956, -0.007317268230802294, 0.0032286123208705576, 0.9648498713139566, 0.6515884260893022, 0.7200106517156954, 1.0, 0.6696968322405299, -0.5577375975705828, -0.0308492348373566, 0.1472030760067925, 0.3381579148272387, -0.16231394601000382, 0.2746094889557405, 0.1915001173647049, -0.6286102642209639, 0.5699003504053233, -0.4749969301484656], [0.7537802258909518, 0.29678396456402106, 0.8017011967892679, 0.2678596701349637, 0.20438437768137774, 0.589347385523187, 0.6808413834592261, 0.35845592641159885, 0.39341366435187386, 0.28467142206955226, 0.5858695902089265, 0.884111781742939, 0.31014965727500315, -0.05081007477686851, 0.8094626309585241, 0.44778639075390164, 0.4258363556112865, 0.6696968322405299, 1.0, -0.14110866704078412, -0.038126110344511174, 0.6027740849707257, -0.12555109656406505, 0.37034244310533193, -0.06937082571520355, 0.32705370526043176, -0.08401740607299009, 0.6987077513268881, -0.13380432708435835], [0.06853058984011795, 0.8298030190630022, -0.6302425088471044, 0.7131968924391748, 0.8508554670628581, -0.12420160811444916, -0.6170150387344556, 0.10449971067418957, 0.08102588401075278, -0.21198023798549684, -0.7160173230048457, -0.5382404394324363, 0.20432360890731155, 0.6670215221732041, -0.4989781437584592, 0.10865344615848622, 0.021520326715716222, -0.5577375975705828, -0.14110866704078412, 1.0, 0.7235398594325335, -0.3474944007602958, 0.21581440109447672, -0.11821987419482045, 0.3673690200455563, 0.6797198828806839, 0.6032809259000192, 0.3236151162083604, 0.8209680569146354], [0.34680360227190377, 0.7062947531436311, -0.5387950512168307, 0.9356656542568034, 0.8875111717867306, -0.5850492174200707, -0.07590995940367846, -0.33196516059983094, 0.6955846409846197, 0.30466100020165826, -0.7813002071326093, -0.3080637702955451, -0.15151991518226487, 0.8700363044445291, -0.04521880632597592, 0.6957379515510075, 0.64840743995454, -0.0308492348373566, -0.038126110344511174, 0.7235398594325335, 1.0, -0.7298172901807993, 0.7856165204974679, -0.5691854054035891, 0.8563129006679122, 0.8825879049078718, 0.03604174775645022, 0.6583312296837567, 0.5324634983740959], [0.12437683897909636, -0.13300700368504922, 0.7541893002816646, -0.4681129115447329, -0.3786186439278341, 0.9556212481686053, 0.17904674287007002, 0.6378033824903475, -0.4741489396149645, -0.25654528404608035, 0.8329101836716417, 0.6112775690477421, 0.445680128517242, -0.6344925639222574, 0.29074863925007716, -0.413997653552308, -0.4288488159732214, 0.1472030760067925, 0.6027740849707257, -0.3474944007602958, -0.7298172901807993, 1.0, -0.8381413241367339, 0.7954697463072631, -0.7895462204200668, -0.4036399536459662, 0.23152658446357513, -0.10380423172670081, -0.23204763138644646], [0.29248073264432234, 0.1644681944676634, -0.3512886774489933, 0.6297739040787854, 0.43994631118774946, -0.8090800761813186, 0.29922218507212145, -0.6706646749141539, 0.8113645222003978, 0.5791677359758508, -0.5460308911274746, -0.17067901273833294, -0.4168269621380147, 0.6271130554764074, 0.22388701925376345, 0.7806727317403185, 0.7927940311495854, 0.3381579148272387, -0.12555109656406505, 0.21581440109447672, 0.7856165204974679, -0.8381413241367339, 1.0, -0.715285043017168, 0.8729253117279567, 0.6028967933355265, -0.44795297237467147, 0.5428451859452965, 0.06244259661190808], [-0.1733004944348809, -0.15659130070406238, 0.38700229853989404, -0.44426574642875005, -0.2779625309364266, 0.8557583690170559, -0.0955668383085487, 0.37716949856158044, -0.5983319404199159, -0.06052867529992358, 0.645133875749748, 0.21353565164544175, 0.29963811020235537, -0.684967334270555, -0.023293734773679617, -0.5398534675820943, -0.5945417260521247, -0.16231394601000382, 0.37034244310533193, -0.11821987419482045, -0.5691854054035891, 0.7954697463072631, -0.715285043017168, 1.0, -0.8365519621944152, -0.4044172689081635, 0.45187797637731886, -0.1805681108344061, -0.05467761702707429], [0.4974272855988002, 0.47453970661835654, -0.3384462802980074, 0.7952038282796917, 0.6182900429110415, -0.79545359239402, 0.19524029600400075, -0.3029676776503869, 0.8444739431043304, 0.23478496903580018, -0.6363780998172177, -0.12977550107662475, -0.09987786226363506, 0.8944787260978115, 0.16145895650604639, 0.7683662854256389, 0.8057709851206268, 0.2746094889557405, -0.06937082571520355, 0.3673690200455563, 0.8563129006679122, -0.7895462204200668, 0.8729253117279567, -0.8365519621944152, 1.0, 0.7883031543916293, -0.22193873494287245, 0.5785906256289475, 0.35258783266355587], [0.702745691962837, 0.8532658616164897, -0.1692889875992727, 0.9748587951480467, 0.9038204321744516, -0.30899203672422143, 0.10747178527376494, 0.06323757385722255, 0.7457110627219916, 0.13453408776050657, -0.4832782253782361, 0.030776315372919347, 0.24510296066131979, 0.8930627606932484, 0.19968505215697974, 0.7125176685807325, 0.6937788335274787, 0.1915001173647049, 0.32705370526043176, 0.6797198828806839, 0.8825879049078718, -0.4036399536459662, 0.6028967933355265, -0.4044172689081635, 0.7883031543916293, 1.0, 0.16716260032767238, 0.8283817266482072, 0.6169891334561096], [-0.04019929074108357, 0.4855770610233634, -0.2578862783526124, 0.11311040481109029, 0.2904164204771355, 0.3201864730346645, -0.6870730513074987, 0.6289591780085629, -0.47279074623393275, -0.6368131849546543, -0.11142087959888011, -0.3962034645045713, 0.6893738555226038, 0.1658748794321203, -0.5968622832710996, -0.5234472329122877, -0.543924935140895, -0.6286102642209639, -0.08401740607299009, 0.6032809259000192, 0.03604174775645022, 0.23152658446357513, -0.44795297237467147, 0.45187797637731886, -0.22193873494287245, 0.16716260032767238, 1.0, -0.14847039075325746, 0.8309163761634529], [0.81548921631845, 0.60566491506927, 0.2538365400734334, 0.8214988130472595, 0.6928196598917348, -0.029105754777664996, 0.5368212354834672, -0.07647730056276038, 0.8187981120704102, 0.49678914950493747, -0.07988478990483189, 0.45881051593035393, 0.048536169816662825, 0.5401621506998262, 0.6387667123180524, 0.8731182536133849, 0.8290123901323934, 0.5699003504053233, 0.6987077513268881, 0.3236151162083604, 0.6583312296837567, -0.10380423172670081, 0.5428451859452965, -0.1805681108344061, 0.5785906256289475, 0.8283817266482072, -0.14847039075325746, 1.0, 0.1808934131749855], [0.22681204818614295, 0.7573325831449962, -0.46231106320412235, 0.5701127585850432, 0.6516391048481769, -0.13919035386351603, -0.5778502553678321, 0.43515350582424234, 0.015337333626103544, -0.49693685051260617, -0.4970417640093985, -0.4709704681854452, 0.5998524967696877, 0.6799517341352965, -0.502151622676306, -0.0725275987179371, -0.07556462991843511, -0.4749969301484656, -0.13380432708435835, 0.8209680569146354, 0.5324634983740959, -0.23204763138644646, 0.06244259661190808, -0.05467761702707429, 0.35258783266355587, 0.6169891334561096, 0.8309163761634529, 0.1808934131749855, 1.0]], "name": 0}, {"matrix": [[1.13, 0.5038048813309232, 0.5601188634582442, 0.5335471997814487, 0.41165505742558073, 0.04797380637140476, 0.6756697445897494, 0.3447570699413752, 0.6600881784996062, 0.0876465934229929, 0.19307261610728035, 0.6598496811051056, 0.4799291621326641, 0.5321471637046129, 0.7498756398396962, 0.6457447286197736, 0.7209587697036252, 0.6589363889377391, 0.6557887965251281, 0.07127181343372267, 0.3329314581810276, 0.11193915508118672, 0.30710476927653846, -0.18196551915662496, 0.5571185598706563, 0.6676084073646951, -0.04421921981519193, 0.9215028144398484, 0.23588453011358868], [0.5038048813309232, 1.11, -0.2060997193543095, 0.8572291792351527, 0.9425747381315281, 0.01246292712305894, -0.26274114388788844, 0.32521157895926983, 0.41210487853420563, -0.16884712441556501, -0.4384818111009406, -0.05754296478522016, 0.3791495187496115, 0.8141100365593223, -0.06950353166527282, 0.34058056558647865, 0.32011485700337894, -0.15931284419481004, 0.28194476633582, 0.8878892303974124, 0.6215393827663954, -0.1197063033165443, 0.1694022403016933, -0.15502538769702176, 0.4318311330227045, 0.9300597891619737, 0.46615397858242885, 0.6359481608227335, 0.8633591447852956], [0.6095411161163247, -0.19693973182745128, 0.89, -0.25174898353748315, -0.36145835937479237, 0.6224746072060129, 0.6644923475894073, 0.3524709198045642, 0.1036342850951271, 0.08197092565274114, 0.775700975544789, 0.9983770117061413, 0.2837804877449756, -0.35037750751883506, 0.7686509143474343, 0.12317379517844387, 0.17971302628121846, 0.6559099875759146, 0.8658372925324094, -0.5987303834047492, -0.5118552986559891, 0.8446920163154645, -0.3442629039000134, 0.3831322755544951, -0.28767933825330627, -0.15574586859133088, -0.22951878773382506, 0.24114471306976173, -0.5131652801565758], [0.5515319368527335, 0.977241264328074, -0.30318157157202275, 0.94, 0.8532205551878069, -0.3228735020625585, 0.05755209828496366, -0.06700466506690238, 0.6859696170265125, 0.19888087594879056, -0.65432946977825, -0.0344619470703291, 0.06638280875494962, 0.7549151815291372, 0.13941872749054404, 0.7177496583562611, 0.5951998801489188, 0.10007409960667224, 0.2946456371484601, 0.7060649235147831, 1.038588876225052, -0.4961996862374169, 0.6549648602419369, -0.40428182925016254, 0.7236354837345195, 0.9748587951480467, 0.11876592505164481, 0.7639938961339513, 0.4959980999689876], [0.4573945082506453, 0.8119208140340887, -0.37311830645139854, 1.0143844378343927, 1.13, -0.16198475020092976, -0.19063062772847206, 0.020135828035737775, 0.47886253645292376, 0.11927161272466298, -0.6702680355623081, -0.17318605375601992, 0.0998186349385107, 0.8400821722706466, -0.05862851827904753, 0.4939534916135483, 0.43741332308256003, -0.15987370002914134, 0.19620900257412263, 0.731735701674058, 0.9141365069403325, -0.40512194900278253, 0.400351143180852, -0.3113180346487978, 0.5255465364743853, 0.9851642710701524, 0.3252663909343918, 0.6789632666939001, 0.5995079764603227], [0.03997817197617063, 0.014824323841112213, 0.6703572692987831, -0.32627217050532226, -0.19628740318465604, 0.99, 0.03959635461071083, 0.5958897381477015, -0.5240162744482906, -0.16592812052780256, 0.655742040245876, 0.5174213762722707, 0.37131364134439987, -0.6017595416907726, 0.18215389844437033, -0.42828867942053783, -0.44722634360662994, -0.010858301838234831, 0.6423886502202739, -0.1341377367636051, -0.6377036469878771, 0.8122780609433145, -0.7119904670395604, 0.9242190385384205, -0.755680912774319, -0.31208195709146364, 0.34259952614709105, -0.03056104251654825, -0.12387941493852926], [0.5818267245078397, -0.2255388580276565, 0.6569412981849823, 0.06048842983011487, -0.16614595994683343, 0.036742563287416354, 0.95, -0.16772434746699583, 0.6407227109040486, 0.622216193818708, 0.5084724142595156, 0.9081405256967265, -0.12535588642048437, -0.10135938546242705, 0.8381164991817658, 0.5702689155452164, 0.7547180875291027, 0.8350119566454587, 0.7625423494743333, -0.654035941058523, -0.08577825412615665, 0.20053235201447844, 0.28426107581851534, -0.09269983315929224, 0.17376386344356068, 0.1171442459484038, -0.6458486682290487, 0.46703447487061645, -0.5085082247236923], [0.31632349716270514, 0.3399939234574185, 0.41324176804673046, -0.06097424521088116, 0.01711545383037711, 0.4778361107788172, -0.16927735068428285, 0.92, -0.2828300398715777, -0.8514288030172745, 0.33440453143750803, 0.3324077109245758, 1.0248253409338057, 0.03979240503666354, -0.029800899907163066, -0.37391723613945854, -0.30003884055614605, -0.08529928005430004, 0.4014706375809907, 0.10554470778093147, -0.2954489929338495, 0.6441814163152509, -0.7645577294021354, 0.346995938676654, -0.3211457383094101, 0.06956133124294481, 0.7107238711496761, -0.06959434351211195, 0.3785835500670908], [0.7103122790376197, 0.41210487853420563, 0.12458164059307832, 0.6712175822517488, 0.4999114391541511, -0.484091224966516, 0.6663516193402106, -0.32236542178911, 1.11, 0.6208816457301919, -0.24361531400122696, 0.37699557957229285, -0.17438812811216128, 0.7322013396830148, 0.6320131817703983, 0.9054281983293861, 0.8504107259323519, 0.6873705986672306, 0.3855453910648364, 0.07049251908935492, 0.6468937161156963, -0.46940745021881486, 0.7221144247583541, -0.5384987463779243, 0.7938055065180706, 0.7904537264853112, -0.4255116716105395, 0.7942341687082979, 0.014110346936015261], [0.08298454058134436, -0.19886439097833214, 0.09491370338738449, 0.23202768860692233, 0.1169779278645733, -0.19044022924213702, 0.5048169119661216, -0.7900645649619754, 0.5266406816461449, 0.99, 0.01956594918384969, 0.23791696882763066, -0.6276323249398458, -0.0933318608162659, 0.5406482810335052, 0.7262891669825472, 0.663596657453144, 0.4369920538508528, 0.310291850055812, -0.18442280704738226, 0.26505507017544266, -0.25141437836515873, 0.637084509573436, -0.05931810179392511, 0.2606113156297382, 0.14260613302613698, -0.5922362620078285, 0.5415001729603819, -0.5068755875228583], [0.19307261610728035, -0.41412171048422164, 0.9380569936820704, -0.5246425478402185, -0.7089373453062874, 0.6352501014881925, 0.5522119767764632, 0.3644633657240256, -0.23651972233128832, 0.018990480090207054, 0.99, 0.6394096936179038, 0.2992787818399542, -0.7524621897852053, 0.521119441158671, -0.26656942084694046, -0.1656693666851924, 0.4742035365698775, 0.5390000229922124, -0.6300952442442642, -0.8906822361311745, 0.7746064708146269, -0.48050718419217764, 0.6193285207197581, -0.572740289835496, -0.5122749189009304, -0.1259055939467345, -0.0679020714191071, -0.4920713463693045], [0.6663828462645621, -0.04741966542485735, 0.8759345480063315, -0.035813395975047894, -0.1715971908775243, 0.44908270393442357, 0.8741913471660078, 0.27357448775208454, 0.3165340243578685, 0.2276839809210659, 0.632060156909652, 1.03, 0.16499928877600747, -0.24593717258928385, 0.8960748224896475, 0.40140830768791613, 0.4689991320429006, 0.8451045666594315, 0.972522959917233, -0.6135941009529773, -0.29882185718667875, 0.5807136905953549, -0.1894537041395496, 0.20072351254671522, -0.11290468593666353, 0.03016078906546096, -0.4358238109550284, 0.408341359178015, -0.41445401200319176], [0.5039256202392973, 0.3712505704423279, 0.3653266049130721, 0.06567660866181187, 0.10634882600925438, 0.40043627988121555, -0.11395989674589488, 0.7960696844753667, -0.13920455840532175, -0.7404651024571214, 0.3177908714383019, 0.1741659159302301, 0.94, 0.24048239699267077, -0.029250105817833744, -0.26251456018972313, -0.23236853284958953, -0.006439196043106019, 0.3039466641295031, 0.18593448410565352, -0.16515670754866874, 0.39219851309517295, -0.39181734440973376, 0.2786634424881905, -0.1128619843579076, 0.24755399026793298, 0.6893738555226038, 0.046109361325829684, 0.6058510217373846], [0.5526143623086365, 0.7373072029216504, -0.3833542141088431, 0.8865864341214285, 0.7600743463401087, -0.5191650947920391, -0.08882008004439484, 0.04665316452574347, 0.6479657873301017, -0.09762298085379537, -0.6118150515075969, -0.22041539052813172, 0.18415318688627938, 0.93, -0.05924129280667086, 0.5583435809972963, 0.5840804336388064, 0.002744320472739974, -0.05690728375009274, 0.6136598003993478, 0.9918413870667631, -0.6662171921183703, 0.67728209991452, -0.7671634143830217, 0.8944787260978115, 0.9912996643695058, 0.15426363787187186, 0.5023508001508384, 0.5779589740150021], [0.6784589122359155, -0.08214053742259515, 0.744377727578568, 0.15128415110676058, -0.05460499251479917, 0.1731363787194015, 0.8478620398699258, -0.0343056871024319, 0.6130527863172863, 0.5512492277204366, 0.6387915730332095, 0.7863513748378539, -0.03263696017568818, -0.06119430245963803, 1.14, 0.6448201194582348, 0.5920931755779107, 0.9069588790351192, 0.736610994172257, -0.4590598922577825, -0.03979254956685881, 0.2762112072875733, 0.20373718752092473, -0.022129048034995637, 0.156615187810865, 0.18970079954913074, -0.6207367746019435, 0.6643173808107745, -0.507173138903069], [0.6390875664690543, 0.4042055064103263, 0.1054083439507837, 0.829898042474427, 0.6327044724038708, -0.4361471872998138, 0.6856042018352602, -0.38585076495242, 0.866899338826008, 0.5757968170672445, -0.21853889456821243, 0.3249495824140273, -0.2890609763886839, 0.637301259118126, 0.6645595108702216, 1.13, 0.8555686984426144, 0.7102313844373395, 0.47017571029159677, 0.09452849815788301, 0.6957379515510075, -0.3560379820549849, 0.7338323678358993, -0.49126665549970583, 0.8528865768224593, 0.6270155483510446, -0.591495373190885, 0.811999975860448, -0.0776045306281927], [0.7994790317505547, 0.32011485700337894, 0.17467434330137122, 0.6582210439293925, 0.44216781572476177, -0.4654804800803699, 0.6577818194060986, -0.33107734130333355, 0.9690726876903545, 0.6102719260506592, -0.19423305059643245, 0.4237448298282348, -0.19545016781741176, 0.54319480328409, 0.7091348498200559, 0.9047393132956383, 0.95, 0.7344108647500094, 0.4258363556112865, 0.02431796918875933, 0.5705985471599951, -0.3773869580564348, 0.7055866877231309, -0.5529238052284761, 0.9024635033351022, 0.7145921985333031, -0.4786539429239876, 0.8373025140337172, -0.08160980031190992], [0.6087999245620416, -0.18528776444396386, 0.7162235496518607, 0.11985618906380513, -0.13157746993548802, -0.01131549349458156, 0.9037776471927319, -0.07067654633070575, 0.6199813242880904, 0.48554672650094755, 0.4533594250723005, 0.8119632111041597, -0.006585541407722065, 0.0032286123208705576, 1.0613348584453524, 0.7232631529591256, 0.792011716887265, 1.13, 0.7232725788197724, -0.4796543339107012, -0.02776431135362094, 0.13689886068631704, 0.3178684399376044, -0.1655602249302039, 0.2828477736244127, 0.16469010093364622, -0.590893648367706, 0.5755993539093766, -0.45599705294252696], [0.7688558304087709, 0.28491260598146023, 0.8818713164681947, 0.2383951064201177, 0.18394593991323996, 0.636495176365042, 0.7421171079705565, 0.308272096713975, 0.4406233040740988, 0.3188319927178986, 0.6385978533277299, 0.7868594857512158, 0.3070481607022531, -0.05335057851571194, 0.8094626309585241, 0.4298749351237456, 0.38325272005015787, 0.6429089589509087, 0.88, -0.1199423669846665, -0.0419387213789623, 0.5244134539245313, -0.12806211849534635, 0.38885956526059856, -0.0721456587438117, 0.340135853470849, -0.07393531734423128, 0.6008886661411238, -0.1485228030636378], [0.0671599780433156, 0.730226656775442, -0.693266759731815, 0.7345927992123501, 0.9104153497572582, -0.1179915277087267, -0.6910568433825903, 0.10867969910115716, 0.08021562517064525, -0.18230300466752727, -0.6802164568546033, -0.6082116965586529, 0.18184801192750727, 0.5936491547341517, -0.4291212036322749, 0.11408611846641054, 0.020659513647087572, -0.5131185897649362, -0.12135345365507434, 1.03, 0.6367150763006295, -0.38571878484392835, 0.23307955318203488, -0.10521568803339021, 0.3820637808473786, 0.7544890699975592, 0.6515433999720208, 0.3171428138841932, 0.763500292930611], [0.32599538613558954, 0.7416094908008127, -0.614226358387187, 0.8795257150013951, 0.9318867303760672, -0.6260026626394757, -0.0690780630573474, -0.32864550899383266, 0.5912469448369267, 0.30466100020165826, -0.7109831884906744, -0.3234669588103224, -0.14697431772679692, 0.8439352153111932, -0.04567099438923568, 0.6748658130044772, 0.583566695959086, -0.02683883430850024, -0.04270124358585252, 0.6656566706779309, 1.01, -0.7371154630826073, 0.7699041900875185, -0.6147202378358763, 0.8563129006679122, 1.0061502115949736, 0.0327979904583697, 0.6912477911679445, 0.5005156884716501], [0.13183944931784214, -0.1197063033165443, 0.8069825513013812, -0.5149242026992062, -0.40512194900278253, 0.8696153358334309, 0.20232281944317912, 0.5485109089416988, -0.40302659867271984, -0.2821998124506884, 0.8245810818349253, 0.5746009149048775, 0.4857913400837938, -0.685251969036038, 0.30237858482008023, -0.42641758315887723, -0.46315672125107915, 0.16192338360747177, 0.6509960117683838, -0.32316979270707513, -0.7225191172789913, 0.91, -0.7208015387575911, 0.7795603513811178, -0.7026961361738595, -0.3753851568907486, 0.21763498939576062, -0.09965206245763276, -0.22044524981712413], [0.2632326593798901, 0.17269160419104657, -0.33021135680205366, 0.5416055575077554, 0.44434577429962696, -0.91426048608489, 0.25433885731130323, -0.7578510826529938, 0.7951372317563898, 0.5849594133356093, -0.6006339802402221, -0.15190432133711632, -0.45434138873043606, 0.5894862721478229, 0.1947817067507742, 0.889966914183963, 0.7372984489691145, 0.3821184437547797, -0.11174047594201789, 0.23955398521486918, 0.7463356944725944, -0.7208015387575911, 0.86, -0.6294508378551078, 0.986405602252591, 0.6390706009356582, -0.4793096804408985, 0.5917012526803732, 0.05494948501847911], [-0.16290246476878806, -0.14719582266181863, 0.42183250540848455, -0.4931349785359126, -0.3168772852675263, 0.932776622228591, -0.08218748094535189, 0.37339780357596464, -0.6461984956535092, -0.064160395817919, 0.6257798594772556, 0.2284831472606227, 0.25768877477402563, -0.6027712541580884, -0.019799674557627673, -0.48586812082388486, -0.505360467144306, -0.14932883032920352, 0.37404586753638525, -0.11112668174313121, -0.4838075945930507, 0.6841039818242463, -0.6866736412964812, 1.04, -0.7612622855969179, -0.37206388739551044, 0.43380285732222607, -0.20584764635122293, -0.05303728851626206], [0.5123501041667642, 0.49826669194927437, -0.31813950348012693, 0.9065323642388485, 0.5440952377617165, -0.8749989516334221, 0.1757162664036007, -0.324175415085914, 0.9373660768458069, 0.24887206717794821, -0.5536489468409794, -0.11939346099049478, -0.1128619843579076, 0.9749818114466147, 0.16468813563616733, 0.8528865768224593, 0.8702326639302771, 0.304816532740872, -0.06312745140083523, 0.3526742592437341, 0.9761967067614198, -0.8053371448284682, 0.951488589783473, -0.7445312463530295, 1.02, 0.8434843751990434, -0.2352550590394448, 0.6595933132170001, 0.37374310262336924], [0.7519378904002356, 0.7850045926871705, -0.1642103179712945, 0.9066186794876835, 0.7863237759917729, -0.31517187745870584, 0.12251783521209202, 0.05501668925578362, 0.6562257351953527, 0.13049806512769138, -0.5412716124236245, 0.03508499952512805, 0.2745153159406782, 0.9734384091556408, 0.21765670685110794, 0.6697666084658885, 0.7631567168802267, 0.1723501056282344, 0.29107779768178427, 0.672922684051877, 0.9002396630060292, -0.3794215564272082, 0.6511285368023686, -0.4246381323535717, 0.8119522490233783, 0.94, 0.17050585233422583, 0.811814092115243, 0.6108192421215485], [-0.038591319111440224, 0.4758655198028961, -0.27078059227024304, 0.10971709266675758, 0.32236222672962045, 0.3297920672257045, -0.6183657461767489, 0.7170134629297616, -0.5295256357820047, -0.5731318664591889, -0.12144875876277933, -0.3803553259243884, 0.6273302085255694, 0.15426363787187186, -0.5729877919402556, -0.5496195945579021, -0.47321469357257867, -0.6663268800742218, -0.09493966886247879, 0.6636090184900212, 0.03784383514427273, 0.25004871122066114, -0.3941986156897109, 0.46995309543241165, -0.2352550590394448, 0.1537895923014586, 1.03, -0.14698568684572488, 0.8558438674483565], [0.8317990006448189, 0.5996082659185773, 0.25637490547416775, 0.7557789080034787, 0.658178676897148, -0.025322006656568547, 0.5314530231286325, -0.08641934963591921, 0.802422149829002, 0.4322065600692956, -0.07029861511625206, 0.41292946433731853, 0.04999225491116271, 0.4645394496018505, 0.549339372593525, 0.9604300789747234, 0.7046605316125344, 0.6496863994620685, 0.6987077513268881, 0.3139066627221096, 0.6188313559027312, -0.09238576623676371, 0.46141840805350204, -0.18779083526778234, 0.5207315630660527, 0.7538273712498685, -0.15589391029092034, 0.86, 0.16280407185748696], [0.20186272288566723, 0.802772538133696, -0.4854266163643285, 0.6499285447869492, 0.5604096301694321, -0.1545012927885028, -0.6009642655825453, 0.40034122535830297, 0.013190106918449048, -0.5615386410792449, -0.44733758760845865, -0.4238734213669007, 0.5278701971573252, 0.6935507688180025, -0.49210859022277986, -0.0725275987179371, -0.07707592251680381, -0.47974689944995025, -0.1471847597927942, 0.9194842237443916, 0.516489593422873, -0.22740667875871753, 0.059320466781312677, -0.051943736175720574, 0.391372494256547, 0.5429504374413765, 0.9223171775414328, 0.16642194012098666, 1.11]], "name": 1}, {"matrix": [[0.92, 0.5448588107070136, 0.5802825435443304, 0.5931616985680566, 0.3847700971387731, 0.08665095274450181, 0.5560353032209884, 0.2761159626943009, 0.7142667039299107, 0.09938727953659239, 0.20890900992745384, 0.6344743524628322, 0.4804995549019922, 0.36999932956491416, 0.5989369201254194, 0.5423293074758379, 0.7460299494135499, 0.7658337269124978, 0.6427662532604027, 0.039624921824523374, 0.3259690920194114, 0.13720180891311354, 0.2675863123366983, -0.17614422831869153, 0.42440155389867923, 0.6201014700155879, -0.019897165269239594, 0.7491348412706077, 0.2202202462147027], [0.4572922161291006, 1.05, -0.1967964441028153, 0.7073132227653202, 0.7030232961902911, 0.00986616060429441, -0.17757562230546028, 0.282498896780657, 0.3898661177224808, -0.14953913261678697, -0.41385662352027297, -0.04359560333321669, 0.36758166634426315, 0.5921683045509866, -0.0983998945108507, 0.40097769589998966, 0.3558297455432888, -0.15732662947249867, 0.29528225858722346, 0.7951969865956637, 0.6996352480849317, -0.10851534670786459, 0.1529858949812271, -0.11545385034846302, 0.5080090856030809, 0.6895742396127504, 0.4987790621943199, 0.5829467494143612, 0.7486498349389811], [0.49577537700874824, -0.16068700481789505, 1.07, -0.1853622489154823, -0.33669963963770816, 0.5185610587666785, 0.6266290581923698, 0.33393614417115874, 0.0761636267735063, 0.06322812546216382, 0.708611374257339, 0.7626075353520907, 0.2590834586306578, -0.4546622698687384, 0.6139420747805576, 0.14734305357811986, 0.16913604664906715, 0.6848537936816362, 0.7983249794035795, -0.505512215849543, -0.47021100338820343, 0.6320600777010039, -0.279535243398691, 0.35240132102944177, -0.30446680116587144, -0.1147298769731501, -0.18421375241783094, 0.2024682467659336, -0.37936360956801674], [0.6762043363675844, 0.8583126748163437, -0.19325000418848157, 0.92, 0.7908055358887119, -0.3136031512197414, 0.062443248545024366, -0.08752981456751129, 0.6822038142804369, 0.2384797526856757, -0.480069288673723, -0.028473337466780588, 0.06772313352794795, 0.8527330407443691, 0.08978616166931651, 0.5731187289938017, 0.6943729822412252, 0.11293350678407037, 0.2677016638472191, 0.6728041169589616, 0.8076126268405225, -0.38368983670160317, 0.5811280354881788, -0.3717670571097343, 0.6264414297592802, 1.013163146975363, 0.08850489353345303, 0.7582428805127128, 0.43999168109640807], [0.3847700971387731, 0.7919112991568797, -0.37141094269314207, 0.7827360916449496, 0.94, -0.14455776770457174, -0.17999016475964993, 0.016104395091593914, 0.4644140112054693, 0.07163881543241743, -0.6159618125225449, -0.14634821451837018, 0.05804409662363566, 0.63417829902523, -0.01269798378200094, 0.6199690183452252, 0.4113927617267953, -0.10016166260823521, 0.17765474006495238, 0.8155889520575483, 0.6749599384648455, -0.35992156201714903, 0.4007215848623124, -0.25228147149163604, 0.4665652074436643, 0.6802219041954364, 0.2632405951053042, 0.5963445543987264, 0.6888522963525081], [0.07904999197744025, 0.009771293675406963, 0.6090077550631922, -0.31637840034557985, -0.18353963764737757, 1.08, 0.03604204797575356, 0.40678017547211986, -0.43869654088479826, -0.2218936862363537, 0.5315911827307457, 0.4459317661539109, 0.3420350485103441, -0.5591575214206292, 0.1678259965592582, -0.29977165817469176, -0.43909007541359624, 0.026972606651133834, 0.5213106845675712, -0.08695959644586504, -0.5037406726644743, 0.90078414471632, -0.6853142574643004, 0.6849542897028412, -0.7536769368776636, -0.28729152954250775, 0.3022536735440596, -0.03285362322718324, -0.09706942591652833], [0.5789645940754622, -0.14239554618834077, 0.7505776631095419, 0.06842185744827138, -0.16989725832452937, 0.03522291052175916, 1.03, -0.10140071506324648, 0.6310273833167925, 0.5674956850694316, 0.5097545515547763, 0.7834288015384191, -0.06763987674833116, -0.07860097473074498, 0.7682211941611431, 0.6314797450363036, 0.6476363234109976, 0.9408063684891019, 0.7133841097898092, -0.5983227706531665, -0.036604693442107615, 0.16698180712647084, 0.2972017981043752, -0.06211230516183406, 0.20396775406135045, 0.0923720618272158, -0.6408828830047031, 0.538056172504316, -0.5002163794765064], [0.28502292923282674, 0.3113908294059514, 0.36012721430223005, -0.08323913738282936, 0.01549089432619986, 0.47300020403734866, -0.10709738444882212, 0.92, -0.2391015864600752, -0.6017163149358341, 0.37470174458218214, 0.26871882184187085, 0.7479446862391134, 0.05229363260616339, 0.020722487944010992, -0.3448699188411738, -0.27642295379643794, -0.09319043045666854, 0.2577040954801948, 0.07808633999119853, -0.24257626024362422, 0.49849437690218645, -0.6130177290163682, 0.45076133973462124, -0.2626408229083911, 0.025724697169266873, 0.5852067486888666, -0.0818035144461499, 0.38279431581232154], [0.6885273632477518, 0.3680044662614071, 0.08082670596372098, 0.7153205042940503, 0.5046036852520964, -0.4097714942330533, 0.5363732758192736, -0.21405284883092446, 1.07, 0.5958689030072539, -0.16244451130368306, 0.38725113922303656, -0.06948786520374914, 0.6892138854554437, 0.5839377242926144, 0.7080842491421485, 1.025546001227781, 0.4964483783619049, 0.3495295465292763, 0.060029969836085904, 0.701312496952846, -0.39965936783450157, 0.728938592240906, -0.48495649125533197, 0.8990200558518197, 0.7438014068424448, -0.5054390592118413, 0.7977415592425593, 0.015727922326670647], [0.1013360497235844, -0.1201653744242038, 0.07300567063672525, 0.20838036642437682, 0.07378797989538996, -0.20498750061834578, 0.5560311257750996, -0.693281841121722, 0.5788440772070466, 0.9, 0.08948205924217831, 0.23880579176582356, -0.5780249554608439, -0.10054630760644113, 0.44753625853063284, 0.5231671981753129, 0.6170141767184707, 0.38089306971635, 0.2974719887963222, -0.1890190878342529, 0.3461269561894618, -0.17967609467583712, 0.47589375575979415, 0.013285885456722551, 0.30434302584472894, 0.1432705085073199, -0.6499045291782262, 0.5045711432049206, -0.44875501