{"times": [{"name": 0, "matrix": [[1.0, 0.26556111403243354, 0.5578405695943052, 0.6369560648662046, -0.24291959811011332, 0.5113716811829782, 0.5172853707881201, 0.11618540695894006, 0.5082017127118796, 0.46945330988620215, 0.47786146646723127, 0.5805647535540294, 0.005667165083023852, 0.24565044222739718, 0.16199040176610643, 0.24675806401224365, 0.46487710797677173, 0.7286734627055681, 0.4773853368635405, 0.535344967165829, -0.15732386075963772, 0.3773496219872355, -0.20508743235206253, 0.042941574114900447, 0.4458982948228805, 0.7683274192946762, 0.25302543714639036, 0.16115735965907452, 0.2595667799558723], [0.26556111403243354, 1.0, -0.02834351764099958, -0.06330789423068071, 0.04756358864347274, 0.05736390737556759, 0.10930872952218001, 0.11731809945695082, 0.19454889023183083, 0.31768544435712565, 0.1932009326520282, 0.08924276411572829, 0.34243430854128754, 0.03922313290997904, 0.5498987090908557, 0.4306033504393678, 0.2846553119502045, 0.10113340836303816, 0.10924033549210495, 0.1117140641373011, 0.02550353257376043, -0.14290850326280294, -0.07224520086645356, 0.2799770163003614, 0.3335825644454937, -0.1467824164911283, -0.24306533522163007, 0.05244015589825189, -0.12953861854732351], [0.5578405695943052, -0.02834351764099958, 1.0, 0.6977577894927305, -0.4660229821247247, 0.9020829879850837, 0.20224107536504718, -0.3914110539061699, 0.42802085791822314, 0.13233798370473826, 0.36477788920575177, 0.2949736328816042, -0.260753518179558, 0.19536751697729365, -0.1512528213832355, 0.08847831571177402, 0.4428808245131304, 0.5139410876897408, 0.37002085194096335, 0.49769362963300073, -0.2034580390154338, 0.11942062805578259, -0.0896828774720054, -0.2905549204933982, 0.372206025801018, 0.6264114000760534, 0.45171669138825543, 0.3277184026137753, 0.33014597960647746], [0.6369560648662046, -0.06330789423068071, 0.6977577894927305, 1.0, -0.25495544507995893, 0.5944732381175393, 0.4092321764675011, -0.2365236728090198, 0.3370990234979428, 0.2834885434873955, 0.34530508840865753, 0.458512621775907, -0.2617946777844424, -0.11760401766070147, -0.08274038676805406, 0.03388932439424956, 0.36820332730935723, 0.6206896719937667, 0.30535030147327974, 0.507686454391191, -0.10142075557324812, 0.19155434575226374, -0.17668826109248745, -0.19911070062012848, 0.31956031417507924, 0.7079414487889183, 0.33910699826385315, 0.3275928207409626, 0.2530848847184674], [-0.24291959811011332, 0.04756358864347274, -0.4660229821247247, -0.25495544507995893, 1.0, -0.45078851428504263, -0.3705424029059821, -0.10733230724528134, -0.35292630426815774, -0.22858393925741155, -0.6903394338787491, -0.45483300586939635, 0.07146738663990572, -0.08523826501812767, -0.09830939435286018, -0.022118940181177084, -0.1749126848807331, -0.27764268015204785, -0.21687080211716253, -0.11417663621491064, 0.11512761513799948, 0.20764017308053492, -0.019996272970486256, -0.23902624561193825, -0.23434512484104497, -0.15912052968737483, -0.0634426651801571, -0.2930426033009724, 0.06566293717001961], [0.5113716811829782, 0.05736390737556759, 0.9020829879850837, 0.5944732381175393, -0.45078851428504263, 1.0, 0.25834204642726516, -0.28794329634930277, 0.477839025481153, 0.05842393123039589, 0.3740651638814667, 0.27921283025573124, -0.20096174935045383, 0.12588595156778584, -0.06968552629435465, 0.26296048779657255, 0.5091956774740307, 0.6125271048330452, 0.3983000904644113, 0.5860719617398695, -0.17562569062397826, 0.024915169428006236, 0.025624031455652167, -0.11374518268153287, 0.4609800224175644, 0.49966697603458565, 0.5173056132152233, 0.37473887499142483, 0.39939762714654703], [0.5172853707881201, 0.10930872952218001, 0.20224107536504718, 0.4092321764675011, -0.3705424029059821, 0.25834204642726516, 1.0, 0.39358026624174924, 0.6136769465555093, 0.3606893749865431, 0.7271046000497845, 0.6471303932079817, 0.20939421992620272, 0.2160911703120864, 0.2140268771018459, 0.37602572381676186, 0.3301091723512754, 0.7603629281126512, 0.6598117999990587, 0.3616634432343978, -0.1154247131449238, 0.2078820675814478, -0.04664520900158411, 0.2709481347384193, 0.4661206410552146, 0.4176863503357294, -0.03680165158061013, 0.6290417459018209, 0.00543825150339331], [0.11618540695894006, 0.11731809945695082, -0.3914110539061699, -0.2365236728090198, -0.10733230724528134, -0.28794329634930277, 0.39358026624174924, 1.0, -0.016582886765021718, -0.01565002591166726, 0.24806373349037772, 0.04821549833750385, 0.5742305593412186, 0.07561051836699943, 0.7339596929088452, 0.542676403294381, -0.5005264009630399, 0.0656267306830285, 0.38807662663142006, -0.36581186067646926, -0.4985431303219639, -0.03655980763863464, 0.1288234419962597, 0.06333313396539084, -0.07964858080549847, -0.3459415790136001, -0.13703952338993347, 0.20459395803858133, 0.0038004103279808527], [0.5082017127118796, 0.19454889023183083, 0.42802085791822314, 0.3370990234979428, -0.35292630426815774, 0.477839025481153, 0.6136769465555093, -0.016582886765021718, 1.0, 0.5412098137377945, 0.5575679205685469, 0.7888624516701325, -0.06460825714420051, 0.5486907411499291, 0.11581866423763362, 0.057696462262456095, 0.6564405746672745, 0.5136328109450046, 0.22494438081594642, 0.24883383942708004, 0.2311920402607245, 0.32338612754775325, -0.030386981282166384, 0.338600193039613, 0.2432514214030811, 0.5068772062290823, 0.25934918293009335, 0.39887942330023135, 0.04009974100674581], [0.46945330988620215, 0.31768544435712565, 0.13233798370473826, 0.2834885434873955, -0.22858393925741155, 0.05842393123039589, 0.3606893749865431, -0.01565002591166726, 0.5412098137377945, 1.0, 0.42294969817734457, 0.6694381913979911, -0.011877612285260382, -0.09902412338553965, 0.2235610578297624, -0.14041332737528153, 0.5358908436098546, 0.21611877603296492, 0.16316866150328702, 0.11012315538518101, 0.3314976734741313, 0.4718760044384816, 0.19092308443365286, 0.4693799258064911, 0.4221379834726743, 0.3608551123780086, -0.07812369887115446, 0.05046214028570286, -0.08593288750683381], [0.47786146646723127, 0.1932009326520282, 0.36477788920575177, 0.34530508840865753, -0.6903394338787491, 0.3740651638814667, 0.7271046000497845, 0.24806373349037772, 0.5575679205685469, 0.42294969817734457, 1.0, 0.5303332245239352, 0.13667924070331394, 0.13592870337124593, 0.2146139593232546, 0.3800011594644831, 0.3114179539842786, 0.6359474350188551, 0.4407926827935253, 0.32445213318168886, -0.04843244663830619, 0.1088415264619484, 0.0017218131307628875, 0.41840708898158085, 0.5418770463515092, 0.30668167527469703, -0.2335151925743132, 0.43731942570036153, -0.2851335372198326], [0.5805647535540294, 0.08924276411572829, 0.2949736328816042, 0.458512621775907, -0.45483300586939635, 0.27921283025573124, 0.6471303932079817, 0.04821549833750385, 0.7888624516701325, 0.6694381913979911, 0.5303332245239352, 1.0, -0.16797765470685055, 0.22809698427469963, 0.021033355339676398, -0.15629048834966988, 0.5868965662373961, 0.5149035001960998, 0.11540268844743197, 0.3084743628559105, 0.294067706874487, 0.3420203605195859, -0.22744213957598908, 0.4605439555055072, 0.15320202140588998, 0.6091033495888036, 0.08154785584693909, 0.2428053278753332, -0.09556134535699141], [0.005667165083023852, 0.34243430854128754, -0.260753518179558, -0.2617946777844424, 0.07146738663990572, -0.20096174935045383, 0.20939421992620272, 0.5742305593412186, -0.06460825714420051, -0.011877612285260382, 0.13667924070331394, -0.16797765470685055, 1.0, 0.08153632056459935, 0.6380554772191995, 0.4728836953072864, -0.2061627921303489, -0.048078961556456065, 0.48523963538173837, -0.19886012763062977, -0.16003765245901833, 0.13309704886968926, 0.04021187263003714, -0.12389580289638516, 0.07139674282849004, -0.2907923123255176, -0.3556891887922253, 0.3641815562136647, -0.05753434748335933], [0.24565044222739718, 0.03922313290997904, 0.19536751697729365, -0.11760401766070147, -0.08523826501812767, 0.12588595156778584, 0.2160911703120864, 0.07561051836699943, 0.5486907411499291, -0.09902412338553965, 0.13592870337124593, 0.22809698427469963, 0.08153632056459935, 1.0, -0.010652121647773433, 0.04337199025100743, 0.12134467690262211, 0.09345871098468701, 0.09018241710057007, -0.0672523582574323, -0.06266505748316928, 0.12306852151646379, -0.22278763229156429, -0.11490034681526219, -0.17435891387498703, 0.23257268237714293, 0.23723357177341806, 0.17801618230840419, 0.039329406690790894], [0.16199040176610643, 0.5498987090908557, -0.1512528213832355, -0.08274038676805406, -0.09830939435286018, -0.06968552629435465, 0.2140268771018459, 0.7339596929088452, 0.11581866423763362, 0.2235610578297624, 0.2146139593232546, 0.021033355339676398, 0.6380554772191995, -0.010652121647773433, 1.0, 0.5794787170403787, -0.21476593846833933, -0.062395525463780924, 0.35097958836347176, -0.3681568297272332, -0.4266587118025875, -0.09177113317266584, 0.1487164823225716, -0.006240264025844683, 0.06559991266151514, -0.35539364941091034, -0.0908637821870065, 0.25731450816688195, 0.05712199483506155], [0.24675806401224365, 0.4306033504393678, 0.08847831571177402, 0.03388932439424956, -0.022118940181177084, 0.26296048779657255, 0.37602572381676186, 0.542676403294381, 0.057696462262456095, -0.14041332737528153, 0.3800011594644831, -0.15629048834966988, 0.4728836953072864, 0.04337199025100743, 0.5794787170403787, 1.0, -0.15849807226715953, 0.37604168486951667, 0.5835925359087907, 0.231128075977537, -0.5750807143393895, -0.1515941150441015, 0.14948526864002448, 0.051039317918088925, 0.4239774135191211, -0.21351793935121427, -0.13820382578940746, 0.42084104055432603, -0.016850138736495986], [0.46487710797677173, 0.2846553119502045, 0.4428808245131304, 0.36820332730935723, -0.1749126848807331, 0.5091956774740307, 0.3301091723512754, -0.5005264009630399, 0.6564405746672745, 0.5358908436098546, 0.3114179539842786, 0.5868965662373961, -0.2061627921303489, 0.12134467690262211, -0.21476593846833933, -0.15849807226715953, 1.0, 0.5164250403619949, 0.12752484522056315, 0.6588372835509888, 0.552084313132888, 0.36414453098657634, -0.08185686907909422, 0.32735410313238444, 0.5364424640429846, 0.6534822994187561, 0.15758446671686113, 0.170239522578539, 0.06741409626900467], [0.7286734627055681, 0.10113340836303816, 0.5139410876897408, 0.6206896719937667, -0.27764268015204785, 0.6125271048330452, 0.7603629281126512, 0.0656267306830285, 0.5136328109450046, 0.21611877603296492, 0.6359474350188551, 0.5149035001960998, -0.048078961556456065, 0.09345871098468701, -0.062395525463780924, 0.37604168486951667, 0.5164250403619949, 1.0, 0.5885880470848474, 0.7453238505847565, -0.032144738294773406, 0.2917334436357996, -0.050878710558724734, 0.14861409643391216, 0.6291510289830422, 0.6599986724580912, 0.21372429004022728, 0.4260845049343241, 0.21900951998601564], [0.4773853368635405, 0.10924033549210495, 0.37002085194096335, 0.30535030147327974, -0.21687080211716253, 0.3983000904644113, 0.6598117999990587, 0.38807662663142006, 0.22494438081594642, 0.16316866150328702, 0.4407926827935253, 0.11540268844743197, 0.48523963538173837, 0.09018241710057007, 0.35097958836347176, 0.5835925359087907, 0.12752484522056315, 0.5885880470848474, 1.0, 0.3396580341753433, -0.4573337519123161, 0.21171529437666328, 0.2606965647087607, -0.19572445385752626, 0.6357559093551426, 0.24429182448973344, 0.12370496369665593, 0.5722720092605885, 0.34237330280692474], [0.535344967165829, 0.1117140641373011, 0.49769362963300073, 0.507686454391191, -0.11417663621491064, 0.5860719617398695, 0.3616634432343978, -0.36581186067646926, 0.24883383942708004, 0.11012315538518101, 0.32445213318168886, 0.3084743628559105, -0.19886012763062977, -0.0672523582574323, -0.3681568297272332, 0.231128075977537, 0.6588372835509888, 0.7453238505847565, 0.3396580341753433, 1.0, 0.19033361035008406, 0.20393540149144423, -0.1029980611369969, 0.16621347781692106, 0.6307557218016174, 0.6255186895279937, 0.036029817779739876, 0.19734565081499492, 0.008096027712780358], [-0.15732386075963772, 0.02550353257376043, -0.2034580390154338, -0.10142075557324812, 0.11512761513799948, -0.17562569062397826, -0.1154247131449238, -0.4985431303219639, 0.2311920402607245, 0.3314976734741313, -0.04843244663830619, 0.294067706874487, -0.16003765245901833, -0.06266505748316928, -0.4266587118025875, -0.5750807143393895, 0.552084313132888, -0.032144738294773406, -0.4573337519123161, 0.19033361035008406, 1.0, 0.39696959784333513, 0.053453312070052925, 0.3669265435426207, -0.005395373658818054, 0.1737490264801274, -0.14424653755832612, -0.14136505218194914, -0.2432186095606179], [0.3773496219872355, -0.14290850326280294, 0.11942062805578259, 0.19155434575226374, 0.20764017308053492, 0.024915169428006236, 0.2078820675814478, -0.03655980763863464, 0.32338612754775325, 0.4718760044384816, 0.1088415264619484, 0.3420203605195859, 0.13309704886968926, 0.12306852151646379, -0.09177113317266584, -0.1515941150441015, 0.36414453098657634, 0.2917334436357996, 0.21171529437666328, 0.20393540149144423, 0.39696959784333513, 1.0, 0.13763067250395525, -0.11798792966242595, 0.2531823071970282, 0.5169378861764864, 0.10888682807285922, 0.22592132328092218, 0.15662213418338045], [-0.20508743235206253, -0.07224520086645356, -0.0896828774720054, -0.17668826109248745, -0.019996272970486256, 0.025624031455652167, -0.04664520900158411, 0.1288234419962597, -0.030386981282166384, 0.19092308443365286, 0.0017218131307628875, -0.22744213957598908, 0.04021187263003714, -0.22278763229156429, 0.1487164823225716, 0.14948526864002448, -0.08185686907909422, -0.050878710558724734, 0.2606965647087607, -0.1029980611369969, 0.053453312070052925, 0.13763067250395525, 1.0, 0.015098122463263605, 0.3489623582745524, -0.37127425052824675, 0.28268671618477903, 0.11702844398732005, 0.3139318025674392], [0.042941574114900447, 0.2799770163003614, -0.2905549204933982, -0.19911070062012848, -0.23902624561193825, -0.11374518268153287, 0.2709481347384193, 0.06333313396539084, 0.338600193039613, 0.4693799258064911, 0.41840708898158085, 0.4605439555055072, -0.12389580289638516, -0.11490034681526219, -0.006240264025844683, 0.051039317918088925, 0.32735410313238444, 0.14861409643391216, -0.19572445385752626, 0.16621347781692106, 0.3669265435426207, -0.11798792966242595, 0.015098122463263605, 1.0, 0.22342131847191052, -0.07441799635402259, -0.39130157123701986, -0.19779549722233497, -0.5025338688753709], [0.4458982948228805, 0.3335825644454937, 0.372206025801018, 0.31956031417507924, -0.23434512484104497, 0.4609800224175644, 0.4661206410552146, -0.07964858080549847, 0.2432514214030811, 0.4221379834726743, 0.5418770463515092, 0.15320202140588998, 0.07139674282849004, -0.17435891387498703, 0.06559991266151514, 0.4239774135191211, 0.5364424640429846, 0.6291510289830422, 0.6357559093551426, 0.6307557218016174, -0.005395373658818054, 0.2531823071970282, 0.3489623582745524, 0.22342131847191052, 1.0, 0.2986471953406368, 0.026384912447500138, 0.328215548811962, 0.12717135569278024], [0.7683274192946762, -0.1467824164911283, 0.6264114000760534, 0.7079414487889183, -0.15912052968737483, 0.49966697603458565, 0.4176863503357294, -0.3459415790136001, 0.5068772062290823, 0.3608551123780086, 0.30668167527469703, 0.6091033495888036, -0.2907923123255176, 0.23257268237714293, -0.35539364941091034, -0.21351793935121427, 0.6534822994187561, 0.6599986724580912, 0.24429182448973344, 0.6255186895279937, 0.1737490264801274, 0.5169378861764864, -0.37127425052824675, -0.07441799635402259, 0.2986471953406368, 1.0, 0.277573748547718, 0.17144383554360945, 0.2170391286990566], [0.25302543714639036, -0.24306533522163007, 0.45171669138825543, 0.33910699826385315, -0.0634426651801571, 0.5173056132152233, -0.03680165158061013, -0.13703952338993347, 0.25934918293009335, -0.07812369887115446, -0.2335151925743132, 0.08154785584693909, -0.3556891887922253, 0.23723357177341806, -0.0908637821870065, -0.13820382578940746, 0.15758446671686113, 0.21372429004022728, 0.12370496369665593, 0.036029817779739876, -0.14424653755832612, 0.10888682807285922, 0.28268671618477903, -0.39130157123701986, 0.026384912447500138, 0.277573748547718, 1.0, 0.10831304939156423, 0.8552102707316794], [0.16115735965907452, 0.05244015589825189, 0.3277184026137753, 0.3275928207409626, -0.2930426033009724, 0.37473887499142483, 0.6290417459018209, 0.20459395803858133, 0.39887942330023135, 0.05046214028570286, 0.43731942570036153, 0.2428053278753332, 0.3641815562136647, 0.17801618230840419, 0.25731450816688195, 0.42084104055432603, 0.170239522578539, 0.4260845049343241, 0.5722720092605885, 0.19734565081499492, -0.14136505218194914, 0.22592132328092218, 0.11702844398732005, -0.19779549722233497, 0.328215548811962, 0.17144383554360945, 0.10831304939156423, 1.0, 0.2341466526775048], [0.2595667799558723, -0.12953861854732351, 0.33014597960647746, 0.2530848847184674, 0.06566293717001961, 0.39939762714654703, 0.00543825150339331, 0.0038004103279808527, 0.04009974100674581, -0.08593288750683381, -0.2851335372198326, -0.09556134535699141, -0.05753434748335933, 0.039329406690790894, 0.05712199483506155, -0.016850138736495986, 0.06741409626900467, 0.21900951998601564, 0.34237330280692474, 0.008096027712780358, -0.2432186095606179, 0.15662213418338045, 0.3139318025674392, -0.5025338688753709, 0.12717135569278024, 0.2170391286990566, 0.8552102707316794, 0.2341466526775048, 1.0]]}, {"name": 1, "matrix": [[0.89, 0.2575942806114605, 0.5857325980740204, 0.5732604583795842, -0.255065578015619, 0.48580309712382924, 0.44486541887778325, 0.11269984475017185, 0.5031196955847609, 0.40842437960099587, 0.5208689984492821, 0.6153986387672712, 0.0054404784797028975, 0.2554764599164931, 0.15065107364247898, 0.2689662897733456, 0.41838939717909457, 0.7140999934514567, 0.5394454306558008, 0.4871639201209044, -0.16361681519002325, 0.3433881560083843, -0.20508743235206253, 0.0382180009622614, 0.4860291413569398, 0.6607615805934215, 0.22013213031735962, 0.15148791807953005, 0.23101443416072634], [0.2947728365760013, 1.09, -0.027209776935359593, -0.06773944682682836, 0.049941768075646376, 0.06424757626063571, 0.12133268976961983, 0.11145219448410328, 0.21594926815733226, 0.3240391532442682, 0.22024906322331214, 0.09995189580961569, 0.34585865162670043, 0.035300819618981134, 0.5389007349090386, 0.4736636854833046, 0.2960415244282127, 0.10720141286482046, 0.10924033549210495, 0.10277693900631701, 0.02703374452818606, -0.14433758829543097, -0.07946972095309891, 0.2519793146703253, 0.29021683106757956, -0.1482502406560396, -0.22605076175611596, 0.05348895901621693, -0.13731093566016292], [0.5132133240267608, -0.024375425171259638, 1.07, 0.6419371663333121, -0.41942068391225223, 1.0103329465432938, 0.1941514323504453, -0.442294490913972, 0.3937791892847653, 0.13101460386769087, 0.34289121585340665, 0.27727521490870793, -0.2737911940885359, 0.21881161901456891, -0.15276534959706786, 0.0902478820260095, 0.5048841399449686, 0.5550563747049201, 0.39222210305742117, 0.4529012029660307, -0.20752719979574247, 0.13016848458080302, -0.09685750766976584, -0.28764937128846424, 0.3796501463170384, 0.6389396280775745, 0.4065450222494299, 0.3735989789797038, 0.33014597960647746], [0.687912550055501, -0.057610183749919455, 0.7256681010724397, 0.87, -0.2702527717847565, 0.5409706466869607, 0.4419707505849012, -0.2530803299056512, 0.3000181309131691, 0.30049785609663926, 0.35221119017683067, 0.41266135959831635, -0.2932100391185755, -0.10584361589463133, -0.08108557903269298, 0.03388932439424956, 0.39765959349410585, 0.5462069113545147, 0.26260125926702055, 0.5432245061985744, -0.1085202084633755, 0.21837195415758065, -0.17668826109248745, -0.17521741654571307, 0.28121307647406973, 0.7221002777646967, 0.3458891382291302, 0.3013853950816856, 0.26826997780157547], [-0.2623531659589224, 0.04946613218921165, -0.4007797646272632, -0.22691034612116345, 0.85, -0.40570966285653837, -0.3964803711094009, -0.09874572266565884, -0.34586777818279457, -0.19886802715394805, -0.759373377266624, -0.4912196463389481, 0.07289673437270383, -0.08950017826903406, -0.1022417701269746, -0.019907046163059376, -0.15567228954385248, -0.2943012409611707, -0.19735242992661792, -0.12331076711210351, 0.1105225105324795, 0.21594578000375633, -0.01879649659225708, -0.22946519578746072, -0.21794096610217184, -0.1813974038436073, -0.06471151848376025, -0.3106251594990308, 0.06566293717001961], [0.582963716548595, 0.0499065994167438, 0.9471871373843379, 0.6776994914539947, -0.41923331828508964, 1.14, 0.21959073946317537, -0.32825535783820514, 0.4157199521686031, 0.06309784572882757, 0.4039903769919841, 0.2931734717685178, -0.21301945431148106, 0.13595682769320871, -0.06620124997963692, 0.2866269316982641, 0.5244715477982517, 0.6002765627363843, 0.42219809589227597, 0.5860719617398695, -0.17738194753021805, 0.02641007959368661, 0.026648992713878255, -0.10009576075974892, 0.45637022219338874, 0.5446370038776984, 0.5690361745367457, 0.4122127624905673, 0.43534341358973627], [0.4500382725856645, 0.11040181681740181, 0.19617384310409575, 0.42150914176152615, -0.37795325096410176, 0.2841762510699917, 1.05, 0.37390125292966175, 0.6689078717455051, 0.32462043748788877, 0.6907493700472952, 0.634187785343822, 0.230333641918823, 0.23121755223393248, 0.21188660833082743, 0.31962186524424757, 0.3466146309688392, 0.7527592988315246, 0.7257929799989646, 0.39421315312549365, -0.11427046601347456, 0.23074909501540708, -0.04011487974136233, 0.2872050228227245, 0.45213702182355814, 0.3800945788055137, -0.03753768461222233, 0.6416225808198573, 0.004840043838020046], [0.11269984475017185, 0.13256945238635442, -0.41489571714054013, -0.23415843608092962, -0.09337910730339477, -0.32825535783820514, 0.4290024902035067, 1.12, -0.016582886765021718, -0.015024024875200569, 0.22325736014133996, 0.040983173586878266, 0.6086843929016917, 0.08543988575470934, 0.7192804990506683, 0.5915172795908754, -0.4504737608667359, 0.059064057614725655, 0.38419586036510583, -0.32191443739529296, -0.5434120120509407, -0.04021578840249811, 0.10949992569682074, 0.061433139946429106, -0.08602046726993835, -0.3874545684952322, -0.12333557105094013, 0.19027238097588065, 0.004180451360778938], [0.46754557569492927, 0.1809304679156027, 0.46654273513086325, 0.34047001373292224, -0.3352799890547498, 0.4682822449715299, 0.6504975633488399, -0.01591957129442085, 1.05, 0.595330795111574, 0.5965976750083452, 0.8914145703872496, -0.06977691771573656, 0.5925860004419234, 0.11929322416476264, 0.061735214620828024, 0.6301829516805835, 0.5341781233828048, 0.24069048747306268, 0.2538105162156216, 0.2496874034815825, 0.2781120696910678, -0.029475371843701394, 0.3047401737356517, 0.23352136454695785, 0.572771243038863, 0.24119474012498682, 0.3629802752032105, 0.04531270733762276], [0.5117041077759604, 0.28909375436498436, 0.1442484022381647, 0.31183739783613507, -0.2057255453316704, 0.0625136064165236, 0.31740664998815793, -0.015963026429900606, 0.5087372249135268, 1.01, 0.38488422534138356, 0.7162988647958505, -0.013540478005196834, -0.11189725942565978, 0.21238300493827428, -0.1460298604702928, 0.5144552098654604, 0.19234571066933878, 0.14032504889282682, 0.10241453450821834, 0.34475758041309656, 0.45771972430532715, 0.18328616105630674, 0.40366673619358234, 0.45590902215048823, 0.3608551123780086, -0.08593606875826991, 0.052985247299988006, -0.09366684738244886], [0.4444111638145251, 0.16615280208074426, 0.40125567812632695, 0.3038684777996186, -0.6074987018132992, 0.36658386060383735, 0.7416466920507802, 0.2778313815092231, 0.5464165621571759, 0.46101517101330564, 0.89, 0.49320989880725974, 0.15034716477364535, 0.14816228667465808, 0.24036763444204517, 0.4256012986002211, 0.29584705628506464, 0.5469147941162154, 0.3746737803744965, 0.2822733558680693, -0.046979473239157, 0.09795737381575356, 0.001807903787301032, 0.3891185927528702, 0.46601425986229794, 0.2698798742417334, -0.20315821753965246, 0.48979775678440496, -0.3050928848252209], [0.6560381715160531, 0.08567305355109915, 0.32447099616976466, 0.44934236934038885, -0.4730263261041722, 0.24291516232248617, 0.6147738735475826, 0.049661963287628966, 0.8440828232870418, 0.7296876286238103, 0.5621532179953713, 0.99, -0.152859665783234, 0.19844437631898867, 0.022926357320247275, -0.1750453469516303, 0.604503463224518, 0.4943073601882558, 0.12117282286980358, 0.293050644713115, 0.28524567566825243, 0.38648300738713204, -0.20924676840990997, 0.4375167577302318, 0.13175373840906537, 0.6700136845476841, 0.0905181199901024, 0.2282370082028132, -0.09651695881056133], [0.006063866638835522, 0.31161522077257164, -0.28422133481571826, -0.2513228906730647, 0.07218206050630478, -0.2049809843374629, 0.18217297133579635, 0.585715170528043, -0.06848475257285255, -0.010214746565323929, 0.1421464103314465, -0.16461810161271354, 0.86, 0.08968995262105929, 0.6699582510801595, 0.5012567170257236, -0.18760814083861752, -0.04423264463193958, 0.4367156718435645, -0.20084872890693606, -0.18244292380328087, 0.13708996033577994, 0.03418009173553157, -0.13009059304120443, 0.06282913368907124, -0.32277946668132457, -0.38770121578352557, 0.3241215850301616, -0.050054882310522616], [0.27512849529468486, 0.041968752213677574, 0.17778444044933722, -0.10937173642445237, -0.09461447417012173, 0.12588595156778584, 0.1879993181715152, 0.07107388726497946, 0.47736094480043834, -0.10595581202252743, 0.11961725896669642, 0.24862571285942262, 0.08235168377024535, 0.92, -0.011717333812550777, 0.044673149958537654, 0.12255812367164834, 0.0906549496551464, 0.10280795549464987, -0.06590731109228365, -0.057025202309684046, 0.11937646587096987, -0.22724338493739557, -0.10226130866558335, -0.14820507679373898, 0.24420131649600008, 0.26807393610396235, 0.17267569683915204, 0.036183054155527625], [0.17332972988973389, 0.57189465745449, -0.16335304709389437, -0.0752937519589292, -0.09830939435286018, -0.07595722366084658, 0.23756983358304898, 0.7853368714124644, 0.127400530661397, 0.2503883847693339, 0.20602940095032443, 0.02061268823288287, 0.6635776963079675, -0.011184727730162105, 0.93, 0.6432213759148204, -0.2233565760070729, -0.0605236596998675, 0.34746979247983706, -0.3350227150517822, -0.4010591890944322, -0.08259401985539926, 0.13979349338321728, -0.006427471946620023, 0.06691191091474545, -0.3376239669403648, -0.08904650654326636, 0.23415620243186258, 0.05597955493836032], [0.2689662897733456, 0.46935765197891094, 0.09201744834024499, 0.03456711088213455, -0.02034942496668292, 0.27084930243046973, 0.3346628941969181, 0.5860905155579316, 0.057696462262456095, -0.15726292666031533, 0.3838011710591279, -0.1656679176506501, 0.4634260214011407, 0.04293827034849736, 0.5736839298699749, 0.94, -0.16008305298983114, 0.3421979332312602, 0.6361158641405819, 0.24730704129596462, -0.5980839429129651, -0.13491876238925035, 0.13752644714882253, 0.045424992947099146, 0.381579672167209, -0.21351793935121427, -0.14926013185256007, 0.3829653469044367, -0.017018640123860947], [0.44628202365770087, 0.2846553119502045, 0.5048841399449686, 0.4197517931326672, -0.16791617748550378, 0.5601152452214339, 0.29049607166912234, -0.5305579850208223, 0.6761337919072927, 0.5680442942264459, 0.3020754153647502, 0.598634497562144, -0.2288406992646873, 0.11770433659554345, -0.2276518947764397, -0.16642297588051752, 1.07, 0.4647825363257954, 0.13262583902938568, 0.6720140292220086, 0.5244800974762436, 0.33137152319778446, -0.08513114384225799, 0.3666365955082706, 0.5149847654812651, 0.7057608833722566, 0.14812939871384945, 0.16002515122382666, 0.0620209685674843], [0.6485193818079557, 0.09000873344310396, 0.47282580067456154, 0.6393103621535797, -0.23599627812924068, 0.5941512916880538, 0.8287955916427898, 0.0570952556942348, 0.5855414044773052, 0.23556946587593178, 0.6041500632679123, 0.5509467452098268, -0.05336764732766624, 0.08972036254529953, -0.05553201766276502, 0.3948437691129925, 0.5267535411692348, 1.11, 0.6356750908516352, 0.8347627126549273, -0.028930264465296066, 0.2625600992722197, -0.04935234924196299, 0.1501002373982513, 0.5851104569542293, 0.6929986060809957, 0.22654774744264092, 0.37921520939154846, 0.2431005671844774], [0.5442192840244361, 0.12453398246099963, 0.3626204349021441, 0.29313628941434855, -0.23422046628653556, 0.43813009951085247, 0.7191948619989741, 0.4230035230282479, 0.22494438081594642, 0.14358842212289258, 0.4496085364493958, 0.11424866156295765, 0.4124536900744776, 0.09739701046861568, 0.35448938424710646, 0.630279938781494, 0.13390108748159132, 0.5885880470848474, 0.87, 0.3464511948588502, -0.41617371424020766, 0.22230105909549647, 0.25548263341458544, -0.1996389429346768, 0.553107641138974, 0.27849267991829607, 0.14102365861418775, 0.5264902485197415, 0.3868818321718249], [0.46575012143427125, 0.11953404862691219, 0.49271669333667073, 0.46199467349598383, -0.09705014078267404, 0.656400597148654, 0.35081353993736586, -0.4170255211711749, 0.28118223855260044, 0.12113547092369913, 0.3114740478544213, 0.31772859374158785, -0.19488292507801716, -0.07330507050060121, -0.41601721759177346, 0.20570398762000794, 0.6588372835509888, 0.8124029971373846, 0.29550248973254867, 1.11, 0.21127030748859332, 0.18150250732738538, -0.09887813869151703, 0.1595649387042442, 0.6938312939817792, 0.6255186895279937, 0.03242683600176589, 0.1894518247823951, 0.008905630484058394], [-0.16047033797483048, 0.02601360322523564, -0.21566552135635983, -0.10446337824044556, 0.12433782434903944, -0.1984570304050954, -0.11080772461912684, -0.4985431303219639, 0.25893508509201146, 0.3547025106173205, -0.05424434023490294, 0.3293558316994255, -0.15683689940983794, -0.06579831035732775, -0.41812553756653575, -0.5923331357695711, 0.5465634700015591, -0.0292517118482438, -0.507640464622671, 0.2055602991780908, 1.01, 0.3572726380590016, 0.049711580225149224, 0.40728846333230906, -0.005341419922229873, 0.1737490264801274, -0.1341492799292433, -0.15267425635650508, -0.21403237641334374], [0.41131108796608673, -0.12433039783863856, 0.10628435896964651, 0.17239891117703737, 0.22425138692697774, 0.02342025926232586, 0.18293621947167407, -0.03180703264561213, 0.35895860157800613, 0.40109460377270933, 0.09360371275727562, 0.29755771365203976, 0.11579443251662966, 0.1329140032377809, -0.10370138048511239, -0.16372164424762964, 0.31316429664845563, 0.2713121025812937, 0.2011295296578301, 0.21413217156601647, 0.4088786857786352, 1.1, 0.12249129852852017, -0.12624708473879578, 0.2278640764773254, 0.5117685073147216, 0.10344248666921625, 0.21236604388406685, 0.1378274780813748], [-0.22149442694022756, -0.0671880368058018, -0.08250824727424497, -0.16255320020508846, -0.019196422051666804, 0.027161473342991297, -0.04617875691156827, 0.11980580105652153, -0.03403341903602635, 0.1813769302119702, 0.0018595581812239186, -0.24336308934630832, 0.04141822880893826, -0.24283851919780508, 0.1383063285599916, 0.14948526864002448, -0.08758684991463081, -0.055457794509009964, 0.27633835859128636, -0.11741778969617646, 0.048107980863047635, 0.15277004647939033, 0.95, 0.015400084912528877, 0.3454727346918069, -0.35642328050711686, 0.27420611469923567, 0.11468787510757365, 0.3076531665160904], [0.0476651472675395, 0.319173798582412, -0.3021771173131341, -0.22499509170074516, -0.23902624561193825, -0.12511970094968616, 0.28991450417010867, 0.05383316387058221, 0.35553020269159363, 0.39897293693551744, 0.41422301809176504, 0.4651493950605623, -0.1387632992439514, -0.12983739190124627, -0.005553834983001768, 0.0474665656638227, 0.3600895134456229, 0.15455866029126866, -0.1996389429346768, 0.18117269082044396, 0.3926114015906042, -0.11444829177255317, 0.014192235115467787, 1.07, 0.2189528921024723, -0.08185979598942486, -0.3560844298256881, -0.17999390247232483, -0.5326859010078931], [0.4102264312370501, 0.3135676105787641, 0.34615160399494677, 0.3035822984663253, -0.2601230885735599, 0.4517604219692131, 0.508071498750184, -0.08044506661355345, 0.2675765635433892, 0.4179166036379475, 0.5906459805231451, 0.1700542437605379, 0.07853641711133905, -0.19005121612373588, 0.06035191964859393, 0.4239774135191211, 0.4774337929982563, 0.6794831113016856, 0.7247617366648625, 0.6686010651097145, -0.005827003551523499, 0.28862783020461213, 0.3350038639435703, 0.2144844657330341, 1.02, 0.2568365879929476, 0.023482572078275123, 0.3643192591812779, 0.14116020481898608], [0.6761281289793151, -0.13650764733674933, 0.6013549440730113, 0.771656179179921, -0.17503258265611232, 0.5096603155552774, 0.38427144230887106, -0.3078880053221041, 0.5119459782913731, 0.3861149702444692, 0.2944144082637091, 0.6030123160929156, -0.314055697311559, 0.2000125068443429, -0.3020846019992738, -0.2284641951057993, 0.581599246482693, 0.5741988450385394, 0.25162057922442543, 0.5692220074704744, 0.18591145833373635, 0.4445665821117783, -0.3267213404648571, -0.07069709653632146, 0.29267425143382403, 1.03, 0.308106860887967, 0.14915613692294022, 0.22572069384701887], [0.2555556915178543, -0.23577337516498115, 0.4923711936131985, 0.3865819780207926, -0.06598037178736339, 0.45005588349724424, -0.03937776719125284, -0.1425211043255308, 0.272316642076598, -0.07343627693888519, -0.24519095220302886, 0.07013115602836761, -0.3592460806801475, 0.23723357177341806, -0.07814285268082559, -0.1368217875315134, 0.14182602004517503, 0.2372339619446523, 0.11751971551182312, 0.03891220320211907, -0.16444105281649177, 0.1143311694765022, 0.2855135833466268, -0.4421707754978324, 0.026384912447500138, 0.3136583358589213, 0.91, 0.09423235297066088, 0.8808665788536298], [0.14020690290339483, 0.047196140308426705, 0.30477811443081104, 0.2882816822520471, -0.31648601156505024, 0.38223365249125335, 0.6667842506559303, 0.21891553510128203, 0.43876736563025454, 0.053994490105702064, 0.454812202728376, 0.23794922131782653, 0.3933160807107579, 0.1530939167852276, 0.22900991226852493, 0.4713419654208452, 0.17364431303010977, 0.4473887301810403, 0.5150448083345297, 0.19339873779869501, -0.13146949852921272, 0.2055884041856392, 0.11000673734808085, -0.2235089118612385, 0.3577549482050386, 0.19373153416427866, 0.10289739692198602, 1.08, 0.2528783848917052], [0.25437544435675485, -0.14637863895847555, 0.30373430123795925, 0.2151221520106973, 0.06172316093981843, 0.4153735322324089, 0.005275103958291511, 0.003914422637820278, 0.040901735826880725, -0.09366684738244886, -0.24521484200905602, -0.0869608242748622, -0.062137095282028085, 0.033823289754080166, 0.04969613550650355, -0.015333626250211348, 0.058650263754034065, 0.210249139186575, 0.359491967947271, 0.009148511315441803, -0.26997265661228587, 0.1346950353977072, 0.3296283926958112, -0.48745785280910975, 0.11826936079428563, 0.22355030256002828, 0.7696892436585115, 0.2294637196239547, 0.95]]}, {"name": 2, "matrix": [[0.9, 0.3113801063858245, 0.5421793817225221, 0.7132686874089891, -0.09623454919276411, 0.5679336314904218, 0.6438092348189642, 0.08278763581356281, 0.6077780535176113, 0.46215200499546405, 0.43197330324416805, 0.6201626839837929, 0.009246916979020208, 0.1889728950632157, 0.25274496193001583, 0.297675284219418, 0.546466520254008, 0.8556363329521374, 0.479025157062408, 0.5849900436572939, -0.07096699268554858, 0.37153175240535996, -0.07602434924578919, 0.11263029783250443, 0.4449761497102419, 0.7328274673415248, 0.3256111663854289, 0.22729171199709872, 0.37696478802264], [0.36270649754832307, 0.95, 0.07789569140177971, 0.020238890154684927, 0.13888639970459163, 0.12954702249867314, 0.19501970112861952, 0.10426780631579688, 0.2847488802531316, 0.3785303562610406, 0.24234313509123065, 0.1786611480824343, 0.3217917973646736, 0.047909921628438865, 0.5890383937011113, 0.38448374939556884, 0.32195228901561707, 0.19859287856903923, 0.21359353793661348, 0.18718405703827037, 0.0840505099927456, -0.12656448834127162, 0.02885143534330954, 0.2992344417514458, 0.3876978506914105, -0.026133882007629936, -0.10195343030440662, 0.147781001716732, -0.013276500478678944], [0.577927472825106, 0.0678907402125603, 1.04, 0.7945875556761584, -0.2749178691156517, 0.8693582527683783, 0.25918179620700016, -0.3546291129350225, 0.4263368126798744, 0.1643777168256877, 0.3242478667255928, 0.3521595499763067, -0.18770286281455306, 0.23604029675156613, -0.035195554282775064, 0.12587563926398912, 0.4620174228697497, 0.6310118934020666, 0.4394772606182927, 0.5628409047350269, -0.1190752604938239, 0.1516783149141798, -0.007731528370476096, -0.17843496821691046, 0.3745593328465938, 0.6980220569774019, 0.45203603551158517, 0.41060819050336655, 0.3297911038991359], [0.7394436851120711, 0.02064775662245634, 0.6456023889868786, 0.93, -0.14462254935686225, 0.5428853087879607, 0.5114703051316835, -0.2930008070828774, 0.3991154950540115, 0.2953395706147162, 0.32642173514042994, 0.5448127277026741, -0.23384115872637476, -0.12608696937928074, 0.034888694837868994, 0.09003103187081263, 0.4853536890945026, 0.5709959799024147, 0.32010055519230335, 0.5610031528140316, 0.01690834771569965, 0.1456176358918131, -0.09666059244059907, -0.09759762966061762, 0.3303580306435613, 0.6887180123318277, 0.38208380197790004, 0.3990037456729063, 0.3416614221476449], [-0.0984216980380542, 0.1578919070325884, -0.28131130793229475, -0.12279273058601511, 0.88, -0.3378604442536401, -0.25184057277376404, -0.10493192200039989, -0.20549555824277585, -0.09864020864606539, -0.568659756573502, -0.26376520006290327, 0.06594356984987347, -0.08717078721383353, 0.01415139424016092, 0.007497545007473184, -0.06119684547143386, -0.13680936301967314, -0.10074499433327855, -0.009929836080294298, 0.16590261814426888, 0.1509308919035148, 0.0964689820924379, -0.09281653044335866, -0.10325609670546748, -0.03928467289022445, 0.040407915468697424, -0.158146105502891, 0.16294838126014802], [0.507863728159704, 0.12420487724099591, 0.8335084279119503, 0.5875935106881458, -0.31021731699652405, 0.89, 0.3576570290415077, -0.31550216206171994, 0.444807898713858, 0.12371988298394251, 0.2813584110100961, 0.35281880772157176, -0.1720897596273906, 0.10712598305370977, 0.04167769132046934, 0.2763173890177856, 0.5666240930101527, 0.6122434515864036, 0.3916473891099171, 0.6960082802275689, -0.05054970853684366, 0.0248782649466269, 0.08207158165102028, -0.011268488305000757, 0.5752260828088994, 0.5314070015563572, 0.5834686056508323, 0.39197224190766267, 0.47504453883239683], [0.5754401125373043, 0.19300918874585024, 0.27572531511382997, 0.388169428001724, -0.21870365530353195, 0.32839418121083885, 1.06, 0.32759855200124904, 0.5582116834469244, 0.41914111104021196, 0.6707559512256082, 0.6036493520530801, 0.19948256862550723, 0.1902925138379532, 0.32875806997864404, 0.35668228205048846, 0.3334921681564259, 0.8200961567638355, 0.596035642782603, 0.4415542993859409, -0.01953143333435979, 0.14754126854213892, 0.04992992756772661, 0.36207361306366437, 0.4326441156021454, 0.4512855587435789, 0.07571066213124199, 0.7265308352859443, 0.10437078989535202], [0.09658557511582329, 0.11743847658726596, -0.37184411841730514, -0.2663643700753431, -0.11283002365634395, -0.3367378845081819, 0.28905754588345506, 0.95, -0.03541501159264687, -0.06240222850958736, 0.3231030322069924, 0.03587973321714151, 0.560581740518519, 0.14986190445859243, 0.5819847242593418, 0.3757398661286779, -0.5156572095385721, 0.023368227787437124, 0.27891317376033375, -0.35138737020031874, -0.5263956923528129, 0.013040031808952008, 0.09057684005262939, 0.01838482201346075, -0.13409192017857818, -0.3518489031305686, -0.13948485632961993, 0.12119893405879736, -0.01256714577578844], [0.5027982079100238, 0.2874868502555656, 0.4958482495298539, 0.37608960110858775, -0.19933069149549257, 0.47037157105373495, 0.5841750175607349, -0.03126730753224678, 1.03, 0.6546752092940271, 0.4525414312166691, 0.8048913398276031, -0.05519630734867094, 0.4583515543474792, 0.18478682821754353, 0.06463102679716777, 0.7436320940406693, 0.6188472157883917, 0.2992073648421793, 0.3368326244898538, 0.24119875417066486, 0.27011074418046865, 0.07550321917399574, 0.44518489089626284, 0.2899233765934453, 0.5463308547864224, 0.3869734251366168, 0.49884123227647553, 0.12768964675883274], [0.5083672054950105, 0.32707962822555936, 0.19725326019082523, 0.2920940808277413, -0.12523981547197066, 0.10412069360034765, 0.3814184110465929, -0.06060216422565695, 0.4996205544612312, 0.91, 0.42701467510354757, 0.5798944