{"stateborders": [9, 20, 29, 39, 51, 61], "nodes": [{"name": "DANLaIPS"}, {"name": "DANLFEF"}, {"name": "DANLpIPS"}, {"name": "DANRaIPS"}, {"name": "DANRFEF"}, {"name": "DANRpIPS"}, {"name": "DMNLAG"}, {"name": "DMNLHC"}, {"name": "DMNLlattemp"}, {"name": "DMNmPFC"}, {"name": "DMNPCC"}, {"name": "DMNRAG"}, {"name": "DMNRHC"}, {"name": "DMNRlattemp"}, {"name": "FPTCLdlPFC"}, {"name": "FPTCLfrontal"}, {"name": "FPTCLIPL"}, {"name": "FPTCLIPS"}, {"name": "FPTCRdlPFC"}, {"name": "FPTCRfrontal"}, {"name": "FPTCRIPL"}, {"name": "FPTCRIPS"}, {"name": "SALACC"}, {"name": "SALLFIC"}, {"name": "SALRFIC"}, {"name": "SENLSM"}, {"name": "SENLV1"}, {"name": "SENRSM"}, {"name": "SENRV1"}], "times": [{"name": 0, "matrix": [[1.0, 0.5038048813309232, 0.5491361406453374, 0.5994912357094929, 0.41581318931876843, 0.04703314350137722, 0.6256201338793975, 0.3554196597333765, 0.7174871505430502, 0.09324105683297118, 0.2145251290080893, 0.6533165159456491, 0.4799291621326641, 0.5116799651005893, 0.7141672760378058, 0.6657162150719316, 0.7138205640629952, 0.7162352053671077, 0.7537802258909518, 0.06853058984011795, 0.34680360227190377, 0.12437683897909636, 0.29248073264432234, -0.1733004944348809, 0.4974272855988002, 0.702745691962837, -0.04019929074108357, 0.81548921631845, 0.22681204818614295], [0.5038048813309232, 1.0, -0.228999688171455, 0.8572291792351527, 0.9332423149817111, 0.013118870655851517, -0.23251428662645, 0.36955861245371574, 0.37126565633712216, -0.18760791601729446, -0.48720201233437843, -0.053280522949277924, 0.39494741536417866, 0.7680283363767192, -0.07898128598326457, 0.3742643577873392, 0.3169454029736425, -0.17316613499435873, 0.29678396456402106, 0.8298030190630022, 0.7062947531436311, -0.13300700368504922, 0.1644681944676634, -0.15659130070406238, 0.47453970661835654, 0.8532658616164897, 0.4855770610233634, 0.60566491506927, 0.7573325831449962], [0.5491361406453374, -0.228999688171455, 1.0, -0.2706978317607346, -0.38866490255354014, 0.5985332761596277, 0.7551049404425083, 0.4051389882811083, 0.11024923946290117, 0.08628518489762226, 0.9019778785404523, 0.9418651053831522, 0.32618446867238576, -0.4122088323751001, 0.8091062256288782, 0.1184363415177345, 0.16795609932824154, 0.7539195259493271, 0.8017011967892679, -0.6302425088471044, -0.5387950512168307, 0.7541893002816646, -0.3512886774489933, 0.38700229853989404, -0.3384462802980074, -0.1692889875992727, -0.2578862783526124, 0.2538365400734334, -0.46231106320412235], [0.5994912357094929, 0.8572291792351527, -0.2706978317607346, 1.0, 0.9480228390975632, -0.33986684427637737, 0.05872663090302414, -0.06700466506690238, 0.7376017387381855, 0.22097875105421172, -0.5894860088092342, -0.03378622261796971, 0.0706200093137762, 0.8778083506152757, 0.14831779520270644, 0.7476558941211053, 0.7002351531163751, 0.11636523210078167, 0.2678596701349637, 0.7131968924391748, 0.9356656542568034, -0.4681129115447329, 0.6297739040787854, -0.44426574642875005, 0.7952038282796917, 0.9748587951480467, 0.11311040481109029, 0.8214988130472595, 0.5701127585850432], [0.41581318931876843, 0.9332423149817111, -0.38866490255354014, 0.9480228390975632, 1.0, -0.190570294354035, -0.17489048415456152, 0.020135828035737775, 0.5262225675306854, 0.11468424300448363, -0.6444884957329885, -0.15888628784955955, 0.09328844386776701, 0.8000782593053777, -0.05747893948926228, 0.5550039231612902, 0.4754492642201739, -0.14148115046826668, 0.20438437768137774, 0.8508554670628581, 0.8875111717867306, -0.3786186439278341, 0.43994631118774946, -0.2779625309364266, 0.6182900429110415, 0.9038204321744516, 0.2904164204771355, 0.6928196598917348, 0.6516391048481769], [0.04703314350137722, 0.013118870655851517, 0.5985332761596277, -0.33986684427637737, -0.190570294354035, 1.0, 0.035672391541180924, 0.5621601303280203, -0.4990631185221815, -0.18855468241795745, 0.6830646252561209, 0.48813337384176475, 0.36403298171019594, -0.5899603349909536, 0.18035039449937657, -0.39292539396379617, -0.4563534118434999, -0.011429791408668243, 0.589347385523187, -0.12420160811444916, -0.5850492174200707, 0.9556212481686053, -0.8090800761813186, 0.8557583690170559, -0.79545359239402, -0.30899203672422143, 0.3201864730346645, -0.029105754777664996, -0.13919035386351603], [0.6256201338793975, -0.23251428662645, 0.7551049404425083, 0.05872663090302414, -0.17489048415456152, 0.035672391541180924, 1.0, -0.15530032172869984, 0.6407227109040486, 0.5869964092629321, 0.5467445314618448, 0.8487294632679687, -0.12662210749543876, -0.1044942118169351, 0.9745540688160067, 0.6407515905002431, 0.6924019151643144, 0.9823670078181868, 0.6808413834592261, -0.6170150387344556, -0.07590995940367846, 0.17904674287007002, 0.29922218507212145, -0.0955668383085487, 0.19524029600400075, 0.10747178527376494, -0.6870730513074987, 0.5368212354834672, -0.5778502553678321], [0.3554196597333765, 0.36955861245371574, 0.4051389882811083, -0.06700466506690238, 0.020135828035737775, 0.5621601303280203, -0.15530032172869984, 1.0, -0.3041183224425566, -0.7670529756912382, 0.3757354285814697, 0.2941661158624565, 0.9150226258337549, 0.045738396593866144, -0.03465220919437566, -0.39778429376538144, -0.3448722305243058, -0.08123740957552385, 0.35845592641159885, 0.10449971067418957, -0.33196516059983094, 0.6378033824903475, -0.6706646749141539, 0.37716949856158044, -0.3029676776503869, 0.06323757385722255, 0.6289591780085629, -0.07647730056276038, 0.43515350582424234], [0.7174871505430502, 0.37126565633712216, 0.11024923946290117, 0.7376017387381855, 0.5262225675306854, -0.4990631185221815, 0.6407227109040486, -0.3041183224425566, 1.0, 0.5543586122590999, -0.23651972233128832, 0.35565620714367246, -0.15297204220365027, 0.6479657873301017, 0.6320131817703983, 0.9632214875844534, 0.9888496813166883, 0.6738927437914025, 0.39341366435187386, 0.08102588401075278, 0.6955846409846197, -0.4741489396149645, 0.8113645222003978, -0.5983319404199159, 0.8444739431043304, 0.7457110627219916, -0.47279074623393275, 0.8187981120704102, 0.015337333626103544], [0.09324105683297118, -0.18760791601729446, 0.08628518489762226, 0.22097875105421172, 0.11468424300448363, -0.18855468241795745, 0.5869964092629321, -0.7670529756912382, 0.5543586122590999, 1.0, 0.019182303121421267, 0.25582469766411897, -0.7052048594829727, -0.10727800093823667, 0.5300473343465737, 0.6543145648491415, 0.5924970155831643, 0.48554672650094755, 0.28467142206955226, -0.21198023798549684, 0.30466100020165826, -0.25654528404608035, 0.5791677359758508, -0.06052867529992358, 0.23478496903580018, 0.13453408776050657, -0.6368131849546543, 0.49678914950493747, -0.49693685051260617], [0.2145251290080893, -0.48720201233437843, 0.9019778785404523, -0.5894860088092342, -0.6444884957329885, 0.6830646252561209, 0.5467445314618448, 0.3757354285814697, -0.23651972233128832, 0.019182303121421267, 1.0, 0.7349536708251768, 0.30853482663912807, -0.7032356913880423, 0.5603434851168505, -0.24015263139364001, -0.1904245594082671, 0.5211027874394258, 0.5858695902089265, -0.7160173230048457, -0.7813002071326093, 0.8329101836716417, -0.5460308911274746, 0.645133875749748, -0.6363780998172177, -0.4832782253782361, -0.11142087959888011, -0.07988478990483189, -0.4970417640093985], [0.6533165159456491, -0.053280522949277924, 0.9418651053831522, -0.03378622261796971, -0.15888628784955955, 0.48813337384176475, 0.8487294632679687, 0.2941661158624565, 0.35565620714367246, 0.25582469766411897, 0.7349536708251768, 1.0, 0.18333254308445274, -0.23201620055592814, 0.9143620637649464, 0.3822936263694439, 0.4114027474060532, 0.8285338888817956, 0.884111781742939, -0.5382404394324363, -0.3080637702955451, 0.6112775690477421, -0.17067901273833294, 0.21353565164544175, -0.12977550107662475, 0.030776315372919347, -0.3962034645045713, 0.45881051593035393, -0.4709704681854452], [0.4799291621326641, 0.39494741536417866, 0.32618446867238576, 0.0706200093137762, 0.09328844386776701, 0.36403298171019594, -0.12662210749543876, 0.9150226258337549, -0.15297204220365027, -0.7052048594829727, 0.30853482663912807, 0.18333254308445274, 1.0, 0.21665080810150517, -0.030789585071403943, -0.294960179988453, -0.2171668531304575, -0.007317268230802294, 0.31014965727500315, 0.20432360890731155, -0.15151991518226487, 0.445680128517242, -0.4168269621380147, 0.29963811020235537, -0.09987786226363506, 0.24510296066131979, 0.6893738555226038, 0.048536169816662825, 0.5998524967696877], [0.5116799651005893, 0.7680283363767192, -0.4122088323751001, 0.8778083506152757, 0.8000782593053777, -0.5899603349909536, -0.1044942118169351, 0.045738396593866144, 0.6479657873301017, -0.10727800093823667, -0.7032356913880423, -0.23201620055592814, 0.21665080810150517, 1.0, -0.06510032176557237, 0.5639834151487841, 0.5840804336388064, 0.0032286123208705576, -0.05081007477686851, 0.6670215221732041, 0.8700363044445291, -0.6344925639222574, 0.6271130554764074, -0.684967334270555, 0.8944787260978115, 0.8930627606932484, 0.1658748794321203, 0.5401621506998262, 0.6799517341352965], [0.7141672760378058, -0.07898128598326457, 0.8091062256288782, 0.14831779520270644, -0.05747893948926228, 0.18035039449937657, 0.9745540688160067, -0.03465220919437566, 0.6320131817703983, 0.5300473343465737, 0.5603434851168505, 0.9143620637649464, -0.030789585071403943, -0.06510032176557237, 1.0, 0.6579797137328927, 0.6884804367185009, 0.9648498713139566, 0.8094626309585241, -0.4989781437584592, -0.04521880632597592, 0.29074863925007716, 0.22388701925376345, -0.023293734773679617, 0.16145895650604639, 0.19968505215697974, -0.5968622832710996, 0.6387667123180524, -0.502151622676306], [0.6657162150719316, 0.3742643577873392, 0.1184363415177345, 0.7476558941211053, 0.5550039231612902, -0.39292539396379617, 0.6407515905002431, -0.39778429376538144, 0.9632214875844534, 0.6543145648491415, -0.24015263139364001, 0.3822936263694439, -0.294960179988453, 0.5639834151487841, 0.6579797137328927, 1.0, 0.9834122970604764, 0.6515884260893022, 0.44778639075390164, 0.10865344615848622, 0.6957379515510075, -0.413997653552308, 0.7806727317403185, -0.5398534675820943, 0.7683662854256389, 0.7125176685807325, -0.5234472329122877, 0.8731182536133849, -0.0725275987179371], [0.7138205640629952, 0.3169454029736425, 0.16795609932824154, 0.7002351531163751, 0.4754492642201739, -0.4563534118434999, 0.6924019151643144, -0.3448722305243058, 0.9888496813166883, 0.5924970155831643, -0.1904245594082671, 0.4114027474060532, -0.2171668531304575, 0.5840804336388064, 0.6884804367185009, 0.9834122970604764, 1.0, 0.7200106517156954, 0.4258363556112865, 0.021520326715716222, 0.64840743995454, -0.4288488159732214, 0.7927940311495854, -0.5945417260521247, 0.8057709851206268, 0.6937788335274787, -0.543924935140895, 0.8290123901323934, -0.07556462991843511], [0.7162352053671077, -0.17316613499435873, 0.7539195259493271, 0.11636523210078167, -0.14148115046826668, -0.011429791408668243, 0.9823670078181868, -0.08123740957552385, 0.6738927437914025, 0.48554672650094755, 0.5211027874394258, 0.8285338888817956, -0.007317268230802294, 0.0032286123208705576, 0.9648498713139566, 0.6515884260893022, 0.7200106517156954, 1.0, 0.6696968322405299, -0.5577375975705828, -0.0308492348373566, 0.1472030760067925, 0.3381579148272387, -0.16231394601000382, 0.2746094889557405, 0.1915001173647049, -0.6286102642209639, 0.5699003504053233, -0.4749969301484656], [0.7537802258909518, 0.29678396456402106, 0.8017011967892679, 0.2678596701349637, 0.20438437768137774, 0.589347385523187, 0.6808413834592261, 0.35845592641159885, 0.39341366435187386, 0.28467142206955226, 0.5858695902089265, 0.884111781742939, 0.31014965727500315, -0.05081007477686851, 0.8094626309585241, 0.44778639075390164, 0.4258363556112865, 0.6696968322405299, 1.0, -0.14110866704078412, -0.038126110344511174, 0.6027740849707257, -0.12555109656406505, 0.37034244310533193, -0.06937082571520355, 0.32705370526043176, -0.08401740607299009, 0.6987077513268881, -0.13380432708435835], [0.06853058984011795, 0.8298030190630022, -0.6302425088471044, 0.7131968924391748, 0.8508554670628581, -0.12420160811444916, -0.6170150387344556, 0.10449971067418957, 0.08102588401075278, -0.21198023798549684, -0.7160173230048457, -0.5382404394324363, 0.20432360890731155, 0.6670215221732041, -0.4989781437584592, 0.10865344615848622, 0.021520326715716222, -0.5577375975705828, -0.14110866704078412, 1.0, 0.7235398594325335, -0.3474944007602958, 0.21581440109447672, -0.11821987419482045, 0.3673690200455563, 0.6797198828806839, 0.6032809259000192, 0.3236151162083604, 0.8209680569146354], [0.34680360227190377, 0.7062947531436311, -0.5387950512168307, 0.9356656542568034, 0.8875111717867306, -0.5850492174200707, -0.07590995940367846, -0.33196516059983094, 0.6955846409846197, 0.30466100020165826, -0.7813002071326093, -0.3080637702955451, -0.15151991518226487, 0.8700363044445291, -0.04521880632597592, 0.6957379515510075, 0.64840743995454, -0.0308492348373566, -0.038126110344511174, 0.7235398594325335, 1.0, -0.7298172901807993, 0.7856165204974679, -0.5691854054035891, 0.8563129006679122, 0.8825879049078718, 0.03604174775645022, 0.6583312296837567, 0.5324634983740959], [0.12437683897909636, -0.13300700368504922, 0.7541893002816646, -0.4681129115447329, -0.3786186439278341, 0.9556212481686053, 0.17904674287007002, 0.6378033824903475, -0.4741489396149645, -0.25654528404608035, 0.8329101836716417, 0.6112775690477421, 0.445680128517242, -0.6344925639222574, 0.29074863925007716, -0.413997653552308, -0.4288488159732214, 0.1472030760067925, 0.6027740849707257, -0.3474944007602958, -0.7298172901807993, 1.0, -0.8381413241367339, 0.7954697463072631, -0.7895462204200668, -0.4036399536459662, 0.23152658446357513, -0.10380423172670081, -0.23204763138644646], [0.29248073264432234, 0.1644681944676634, -0.3512886774489933, 0.6297739040787854, 0.43994631118774946, -0.8090800761813186, 0.29922218507212145, -0.6706646749141539, 0.8113645222003978, 0.5791677359758508, -0.5460308911274746, -0.17067901273833294, -0.4168269621380147, 0.6271130554764074, 0.22388701925376345, 0.7806727317403185, 0.7927940311495854, 0.3381579148272387, -0.12555109656406505, 0.21581440109447672, 0.7856165204974679, -0.8381413241367339, 1.0, -0.715285043017168, 0.8729253117279567, 0.6028967933355265, -0.44795297237467147, 0.5428451859452965, 0.06244259661190808], [-0.1733004944348809, -0.15659130070406238, 0.38700229853989404, -0.44426574642875005, -0.2779625309364266, 0.8557583690170559, -0.0955668383085487, 0.37716949856158044, -0.5983319404199159, -0.06052867529992358, 0.645133875749748, 0.21353565164544175, 0.29963811020235537, -0.684967334270555, -0.023293734773679617, -0.5398534675820943, -0.5945417260521247, -0.16231394601000382, 0.37034244310533193, -0.11821987419482045, -0.5691854054035891, 0.7954697463072631, -0.715285043017168, 1.0, -0.8365519621944152, -0.4044172689081635, 0.45187797637731886, -0.1805681108344061, -0.05467761702707429], [0.4974272855988002, 0.47453970661835654, -0.3384462802980074, 0.7952038282796917, 0.6182900429110415, -0.79545359239402, 0.19524029600400075, -0.3029676776503869, 0.8444739431043304, 0.23478496903580018, -0.6363780998172177, -0.12977550107662475, -0.09987786226363506, 0.8944787260978115, 0.16145895650604639, 0.7683662854256389, 0.8057709851206268, 0.2746094889557405, -0.06937082571520355, 0.3673690200455563, 0.8563129006679122, -0.7895462204200668, 0.8729253117279567, -0.8365519621944152, 1.0, 0.7883031543916293, -0.22193873494287245, 0.5785906256289475, 0.35258783266355587], [0.702745691962837, 0.8532658616164897, -0.1692889875992727, 0.9748587951480467, 0.9038204321744516, -0.30899203672422143, 0.10747178527376494, 0.06323757385722255, 0.7457110627219916, 0.13453408776050657, -0.4832782253782361, 0.030776315372919347, 0.24510296066131979, 0.8930627606932484, 0.19968505215697974, 0.7125176685807325, 0.6937788335274787, 0.1915001173647049, 0.32705370526043176, 0.6797198828806839, 0.8825879049078718, -0.4036399536459662, 0.6028967933355265, -0.4044172689081635, 0.7883031543916293, 1.0, 0.16716260032767238, 0.8283817266482072, 0.6169891334561096], [-0.04019929074108357, 0.4855770610233634, -0.2578862783526124, 0.11311040481109029, 0.2904164204771355, 0.3201864730346645, -0.6870730513074987, 0.6289591780085629, -0.47279074623393275, -0.6368131849546543, -0.11142087959888011, -0.3962034645045713, 0.6893738555226038, 0.1658748794321203, -0.5968622832710996, -0.5234472329122877, -0.543924935140895, -0.6286102642209639, -0.08401740607299009, 0.6032809259000192, 0.03604174775645022, 0.23152658446357513, -0.44795297237467147, 0.45187797637731886, -0.22193873494287245, 0.16716260032767238, 1.0, -0.14847039075325746, 0.8309163761634529], [0.81548921631845, 0.60566491506927, 0.2538365400734334, 0.8214988130472595, 0.6928196598917348, -0.029105754777664996, 0.5368212354834672, -0.07647730056276038, 0.8187981120704102, 0.49678914950493747, -0.07988478990483189, 0.45881051593035393, 0.048536169816662825, 0.5401621506998262, 0.6387667123180524, 0.8731182536133849, 0.8290123901323934, 0.5699003504053233, 0.6987077513268881, 0.3236151162083604, 0.6583312296837567, -0.10380423172670081, 0.5428451859452965, -0.1805681108344061, 0.5785906256289475, 0.8283817266482072, -0.14847039075325746, 1.0, 0.1808934131749855], [0.22681204818614295, 0.7573325831449962, -0.46231106320412235, 0.5701127585850432, 0.6516391048481769, -0.13919035386351603, -0.5778502553678321, 0.43515350582424234, 0.015337333626103544, -0.49693685051260617, -0.4970417640093985, -0.4709704681854452, 0.5998524967696877, 0.6799517341352965, -0.502151622676306, -0.0725275987179371, -0.07556462991843511, -0.4749969301484656, -0.13380432708435835, 0.8209680569146354, 0.5324634983740959, -0.23204763138644646, 0.06244259661190808, -0.05467761702707429, 0.35258783266355587, 0.6169891334561096, 0.8309163761634529, 0.1808934131749855, 1.0]]}, {"name": 1, "matrix": [[1.05, 0.48869073489099546, 0.5601188634582442, 0.5395421121385436, 0.4241294531051438, 0.04750347493639099, 0.6443887378957794, 0.3447570699413752, 0.6457384354887452, 0.09137623569631176, 0.20165362126760392, 0.6075843598294537, 0.441534829162051, 0.4963295661475716, 0.6284672029132692, 0.7522593230312826, 0.763788003547405, 0.744884613581792, 0.799007039444409, 0.0740130370273274, 0.30171913397655625, 0.12810814414846924, 0.2720070813592198, -0.1854315290453226, 0.5471700141586803, 0.6113887520076682, -0.0450232056300136, 0.8888832457871105, 0.21773956625869723], [0.5592234182773248, 1.11, -0.228999688171455, 0.8658014710275043, 0.9892368538806138, 0.013118870655851517, -0.2487902866903015, 0.3141248205856584, 0.419530191660948, -0.18760791601729446, -0.5310501934444726, -0.045821249736379015, 0.4107453119787458, 0.7680283363767192, -0.07503222168410133, 0.38923493209883275, 0.29475922476548755, -0.1489228760951485, 0.31162316279222213, 0.8463990794442623, 0.6497911728921406, -0.12635665350079675, 0.1447320111315438, -0.16911860476038737, 0.4318311330227045, 0.7850045926871705, 0.5487020789564006, 0.6904580031789678, 0.7800525606393461], [0.5546275020517908, -0.2473196632251714, 0.9, -0.2652838751255199, -0.3381384652215799, 0.6224746072060129, 0.6493902487805572, 0.39298481863267504, 0.12237665580382032, 0.09318799968943205, 0.8568789846134296, 0.885353199060163, 0.3653266049130721, -0.4328192739938551, 0.9223810972169211, 0.10303961712042901, 0.1427626844290053, 0.8368506738037531, 0.6814460172708777, -0.5483109826969809, -0.474139645070811, 0.8296082303098312, -0.3969562055173624, 0.3792622525690961, -0.3824442967367483, -0.15405297871533816, -0.250149690002034, 0.2360679822682931, -0.4391955100439162], [0.6534454469233474, 0.9000906381969104, -0.27340481007834194, 0.85, 1.080746036571222, -0.38744820247507017, 0.06048842983011487, -0.06633461841623335, 0.7007216518012762, 0.22097875105421172, -0.65432946977825, -0.0347998092965088, 0.06850140903436291, 0.9304768516521923, 0.12755330387432753, 0.829898042474427, 0.6442163408670651, 0.12800175531085986, 0.2303593163160688, 0.677537047817216, 0.8888823715439632, -0.41193936215936494, 0.6045829479156339, -0.3998391717858751, 0.7792997517140978, 0.877372915633242, 0.10293046837809217, 0.7229189554815884, 0.6214229068576971], [0.4490782444642699, 0.8119208140340887, -0.34202511424711535, 1.0523053513982954, 0.95, -0.21534443262005953, -0.1626481502637422, 0.020135828035737775, 0.5998937269849813, 0.11583108543452847, -0.6444884957329885, -0.1382310704291168, 0.0998186349385107, 0.8000782593053777, -0.06322683343818852, 0.4995035308451612, 0.49922172743118265, -0.13723671595421866, 0.21869128411907418, 0.9699752324516582, 0.8431356131973939, -0.3369705930957724, 0.400351143180852, -0.2946402827926122, 0.6986677484894769, 0.8947822278527071, 0.24975812161033653, 0.7621016258809084, 0.6320899317027315], [0.04797380637140476, 0.014824323841112213, 0.5207239502588761, -0.3466641811619049, -0.1943817002411157, 1.13, 0.03317532413329826, 0.4834577120820974, -0.563941323930065, -0.17912694829705958, 0.7445404415291719, 0.5027773750570177, 0.38223463079570574, -0.5545627148914963, 0.18576090633435788, -0.40471315578271005, -0.42440867301445495, -0.009943918525541372, 0.6659625456412013, -0.1366217689258941, -0.6260026626394757, 0.9556212481686053, -0.8333524784667582, 0.932776622228591, -0.7636354486982592, -0.3337113996621592, 0.27536036680981146, -0.025030949108791896, -0.1405822574021512], [0.6256201338793975, -0.26506628675415295, 0.6644923475894073, 0.051092168885631006, -0.16614595994683343, 0.03495894371035731, 1.07, -0.13666428312125586, 0.5510215313774818, 0.5459066606145269, 0.5467445314618448, 0.9590642934928045, -0.1418167603948914, -0.10867398028961252, 1.0330273129449672, 0.6407515905002431, 0.6924019151643144, 0.9136013172709138, 0.755733935639741, -0.6416956402838339, -0.07287356102753133, 0.17904674287007002, 0.27528441026635175, -0.08601015447769383, 0.16790665456344064, 0.10424763171555199, -0.7420388954120987, 0.5260848107737978, -0.5547362451531188], [0.32698608695470643, 0.4212968181972359, 0.4578070567576523, -0.06097424521088116, 0.0217466942785968, 0.5958897381477015, -0.15374731851141285, 0.99, -0.3041183224425566, -0.682677148365202, 0.4057942628679873, 0.31475774397282846, 0.8235203632503795, 0.04299409279823417, -0.029800899907163066, -0.4335848802042658, -0.32073117438760446, -0.0739260427137267, 0.3871324005245268, 0.09091474828654493, -0.33528481220582923, 0.6569374839650579, -0.7041979086598616, 0.346995938676654, -0.3029676776503869, 0.05817856794864475, 0.5471944848674497, -0.0787716195796432, 0.39598969030006054], [0.7103122790376197, 0.3378517472667812, 0.1212741634091913, 0.663841564864367, 0.5314847932059923, -0.4990631185221815, 0.5702432127046033, -0.3041183224425566, 0.9, 0.5820765428720549, -0.22705893343803676, 0.32364714850074194, -0.13767483798328525, 0.6220471558368976, 0.6509735772235103, 1.0499114214670542, 1.0481806621956895, 0.6267202517260043, 0.3855453910648364, 0.07697458981021514, 0.7373197194436969, -0.5310468123687603, 0.8519327483104178, -0.5564487045905218, 0.7431370699318108, 0.8351963902486307, -0.4207837641482001, 0.8269860931911143, 0.01380360026349319], [0.10256516251626831, -0.17072320357573798, 0.08973659229352715, 0.24528641367017504, 0.12385898244484232, -0.18289804194541873, 0.6280861579113374, -0.7977350947188877, 0.5820765428720549, 0.88, 0.01879865705899284, 0.2711741795239661, -0.77572534543127, -0.11156912097576614, 0.5883525411246968, 0.6346851279036673, 0.5036224632456896, 0.44670298838087175, 0.310291850055812, -0.23953766892361142, 0.3168474402097246, -0.29246162381253155, 0.5791677359758508, -0.051449374004935045, 0.2160021715129362, 0.13049806512769138, -0.6304450531051078, 0.4620139090395919, -0.4919674820074801], [0.2123798777180084, -0.45309787147097197, 0.8749185421842387, -0.5835911487211418, -0.6702680355623081, 0.7786936727919778, 0.5795492033495555, 0.42833838858287543, -0.2530761028944785, 0.01803136493413599, 1.07, 0.6394096936179038, 0.2869373887743891, -0.780591617440727, 0.5827572245215246, -0.25696331559119484, -0.18280757703193642, 0.49504764806745455, 0.6151630697193728, -0.7088571497747972, -0.7813002071326093, 0.7412900634677612, -0.5951736713289474, 0.6515852145072455, -0.6427418808153899, -0.4156192738252831, -0.1103066708028913, -0.07269515881339703, -0.47716009344902255], [0.5683853688727147, -0.0538133281787707, 0.8665158969525, -0.029394013677633647, -0.1763637795130111, 0.4197947015039177, 0.7893184008392109, 0.31475774397282846, 0.3272037105721787, 0.26605768557068377, 0.7202545974086733, 1.07, 0.1741659159302301, -0.2621783066281988, 0.8137822367508023, 0.40905418021530504, 0.3990606649838716, 0.936243294436429, 0.8752706639255097, -0.5651524614040581, -0.314225045701456, 0.5746009149048775, -0.19457407452169953, 0.20499422557962407, -0.1232867260227935, 0.029237499604273378, -0.3684692219892513, 0.4542224107710504, -0.43800253541246403], [0.4271369542980711, 0.3594021479814026, 0.31966077929893805, 0.06214560819612305, 0.09235555942908934, 0.41135726933252137, -0.12029100212066682, 0.7960696844753667, -0.14379371967143123, -0.6135282277501862, 0.2961934335735629, 0.1998324719620535, 0.99, 0.18415318688627938, -0.03140537677283202, -0.29201057818856846, -0.1911068307548026, -0.00621967799618195, 0.29154067783850296, 0.23292891415433514, -0.1333375253603931, 0.5080753465096558, -0.4084904228952544, 0.3176163968144967, -0.08789251879199884, 0.2549070790877726, 0.7100550711882819, 0.043682552834996544, 0.6298451216081721], [0.5321471637046129, 0.8141100365593223, -0.4039646557275981, 0.8778083506152757, 0.864084520049808, -0.6666551785397775, -0.0919549063989029, 0.04070717296854087, 0.5831692085970915, -0.1222969210695898, -0.6258797653353577, -0.1972137704725389, 0.1928192192103396, 0.88, -0.06965734428916244, 0.637301259118126, 0.6132844553207467, 0.0032286123208705576, -0.05690728375009274, 0.5669682938472235, 0.8352348522667479, -0.685251969036038, 0.5832151415930589, -0.6164706008434995, 1.001816173229549, 0.9555771539417759, 0.16421613063779908, 0.5833751227558124, 0.6187560780631198], [0.7998673491623426, -0.07503222168410133, 0.7201045408097017, 0.14238508339459818, -0.0603528864637254, 0.2037959457842955, 1.0427728536331273, -0.038463952205756984, 0.6509735772235103, 0.49294402094231354, 0.543533180563345, 0.8320694780261013, -0.02709483486283547, -0.0657513249832281, 1.03, 0.6448201194582348, 0.6265171974138358, 0.9552013726008171, 0.7932733783393536, -0.48899858088329, -0.04567099438923568, 0.32273098956758567, 0.2149315384836129, -0.025157233555573987, 0.15338600868074406, 0.17372599537657238, -0.6386426431000766, 0.5429517054703445, -0.5573883011706997], [0.7189735122776861, 0.3518084963200988, 0.12317379517844387, 0.6429840689441506, 0.5716540408561289, -0.35363285456741655, 0.6279365586902382, -0.39778429376538144, 0.8957959834535417, 0.69357343874009, -0.2737739997887496, 0.3631789450509717, -0.3185569943875292, 0.6091020883606869, 0.631660525183577, 0.91, 0.8359004525014049, 0.7232631529591256, 0.4253970712162065, 0.10322077385056191, 0.7444396081595781, -0.4553974189075388, 0.8197063683273345, -0.469672516796422, 0.7606826225713825, 0.6483910784084667, -0.5967298455200079, 0.8993118012217864, -0.06890121878204024], [0.7852026204692948, 0.3296232190925882, 0.17803346528793604, 0.7562539653656851, 0.40413187458714783, -0.4517898777250649, 0.7408700492258165, -0.36901328666100724, 1.0481806621956895, 0.562872164804006, -0.19613729619051512, 0.3990606649838716, -0.20196517341132547, 0.6016028466479706, 0.729789262921611, 0.8850710673544288, 0.87, 0.784811610370108, 0.43435308272351225, 0.0210899201814019, 0.64840743995454, -0.48459916204974013, 0.8958572551990314, -0.5529238052284761, 0.8944057934838958, 0.6382765268452805, -0.4949716909782145, 0.7295309033165062, -0.07783156881598817], [0.6732610930450812, -0.1783611190441895, 0.7765371117278069, 0.12334714602682859, -0.14148115046826668, -0.010058216439628054, 0.9725433377400049, -0.08611165415005528, 0.6065034694122623, 0.5292459318860329, 0.5315248431882144, 0.8202485499929776, -0.0062928506784899725, 0.003131753951244441, 0.9552013726008171, 0.6841678473937673, 0.7560111843014803, 0.87, 0.763454388754204, -0.5019638378135246, -0.027147326656873808, 0.15456322980713214, 0.31110528164105966, -0.16231394601000382, 0.2773555838452979, 0.21639513262211652, -0.6788990853586411, 0.5129103153647909, -0.42749723713361903], [0.8442338529978661, 0.2878804456271004, 0.7215310771103411, 0.2303593163160688, 0.1900774712436813, 0.5775604378127233, 0.7693507633089254, 0.36920960420394683, 0.40521607428243006, 0.27043785096607464, 0.6151630697193728, 0.8752706639255097, 0.294642174411253, -0.053858679263480626, 0.8256518835776946, 0.41644134340112854, 0.4130612649429479, 0.6897877372077458, 0.93, -0.14534192705200766, -0.0358385437238405, 0.584690862421604, -0.12052905270150244, 0.40737668741586514, -0.07075824222950762, 0.3303242423130361, -0.0915789726195592, 0.6428111312207371, -0.13380432708435835], [0.07332773112892621, 0.7136305963941819, -0.5357061325200387, 0.677537047817216, 0.8423469123922295, -0.13041168852017163, -0.6725463922205567, 0.11181469042138285, 0.08345666053107537, -0.1950218189466571, -0.6372554174743127, -0.5059460130664901, 0.23088567806526203, 0.7604045352774526, -0.48899858088329, 0.11191304954324081, 0.02453317245591649, -0.6135113573276412, -0.13828649369996843, 0.9, 0.7524814538098349, -0.30927001667666326, 0.21581440109447672, -0.12176647042066507, 0.378390090646923, 0.6933142805382976, 0.6455105907130206, 0.36892123247753084, 0.7388712512231719], [0.36067574636277994, 0.6497911728921406, -0.4633637440464744, 0.832742432288555, 0.7810098311723229, -0.5674977408974685, -0.08350095534404632, -0.3452437670238242, 0.7234080266240045, 0.313800830207708, -0.8672432299171964, -0.286499306374857, -0.17273270330778195, 0.9918413870667631, -0.03934036150359905, 0.7444396081595781, 0.7067641095504487, -0.028998280747115204, -0.0419387213789623, 0.6511858734892801, 1.02, -0.7079227714753753, 0.8956028333671133, -0.5464179891874456, 0.8220603846411957, 0.7501997191716909, 0.03892508757696624, 0.5727481698248683, 0.6070083881464693], [0.13930205965658793, -0.1210363733533948, 0.6636865842478649, -0.5196053318146535, -0.4089081354420609, 0.9556212481686053, 0.1683039382978658, 0.6250473148405405, -0.4314755350496177, -0.25397983120561957, 0.8912138965286567, 0.6296158961191743, 0.4902481413689662, -0.5710433075300316, 0.3081935576050818, -0.467817348514108, -0.48888765020947234, 0.12659464536584156, 0.6871624568666272, -0.3196948486994722, -0.6860282527699513, 0.85, -0.7291829519989586, 0.8829714184010621, -0.7026961361738595, -0.3592395587449099, 0.2593097745992042, -0.08823359696769568, -0.24597048926963327], [0.26030785205344686, 0.17433628613572322, -0.3758788848704228, 0.560498774630119, 0.44434577429962696, -0.7038996662777471, 0.2962299632214002, -0.5901849139244555, 0.8519327483104178, 0.5849594133356093, -0.4750468752809029, -0.15873148184664965, -0.3626394570600728, 0.6835532304692841, 0.232842500023914, 0.7962861863751248, 0.8958572551990314, 0.314486860789332, -0.14312825008303415, 0.21365625708353195, 0.7699041900875185, -0.863285563860836, 0.93, -0.6222979874249361, 0.8729253117279567, 0.6812733764691449, -0.5061868587833787, 0.5428451859452965, 0.054325059052360035], [-0.1733004944348809, -0.16911860476038737, 0.35604211465670255, -0.40872448671445005, -0.25850515377087674, 0.8557583690170559, -0.08505448609460835, 0.41488644841773853, -0.6521818150577083, -0.05205466075793428, 0.7031959245672254, 0.22421243422771384, 0.33559468342663806, -0.7123660276413772, -0.024691358860100394, -0.57224467563702, -0.600487143312646, -0.13796685410850323, 0.418486960709025, -0.11585547671092404, -0.626103945943948, 0.7477415615288272, -0.7009793421568247, 0.86, -0.9285726780358009, -0.41250561428632676, 0.4292840775584529, -0.20043060302619078, -0.052490512345991315], [0.42778746561496817, 0.5077574860816415, -0.31813950348012693, 0.8906282876732549, 0.6924848480603666, -0.8113626642419004, 0.1757162664036007, -0.3332644454154256, 0.9035871191216336, 0.2441763677972322, -0.5918316328300125, -0.13756203114122223, -0.08789251879199884, 0.7960860662270522, 0.17114649389640918, 0.8067845996969208, 0.7413093063109767, 0.29657824807219973, -0.06520857617229132, 0.3820637808473786, 0.8991285457013078, -0.8053371448284682, 0.7507157680860428, -0.8449174818163594, 1.1, 0.7173558704963827, -0.1908673120508703, 0.6595933132170001, 0.4019501292364537], [0.6535534935254385, 0.9385924477781387, -0.1692889875992727, 1.082093262614332, 0.84055300192224, -0.3368013200294014, 0.10854650312650259, 0.06513470107293923, 0.6487686245681327, 0.13991545127092683, -0.4397831850941949, 0.03200736798783612, 0.2745153159406782, 0.8037564846239236, 0.19369450059227034, 0.6911421385233105, 0.6382765268452805, 0.17043510445458737, 0.277995649471367, 0.6865170817094907, 0.8472843887115569, -0.34309396059907127, 0.6511285368023686, -0.3963289235300002, 0.6779407127768012, 0.89, 0.15880447031128875, 0.811814092115243, 0.6354988074597929], [-0.03778733329661855, 0.5244232259052325, -0.26304400391966465, 0.11084819671486848, 0.3020330772962209, 0.3554069850684777, -0.584012093611374, 0.6604071369089911, -0.5153419133949867, -0.5412912072114562, -0.0980503740470145, -0.35262108340906845, 0.6755863784121516, 0.1691923770207627, -0.6087995289365216, -0.4763369819501818, -0.5983174286549846, -0.5468909298722385, -0.07477549140496118, 0.5791496888640184, 0.031356320548111695, 0.19679759679403885, -0.5017073290596321, 0.5106221133063703, -0.19308669940029902, 0.14543146228507497, 1.12, -0.14847039075325746, 0.8142980486401838], [0.8888832457871105, 0.5450984235623431, 0.2284528860660901, 0.9118636824824581, 0.6443222836993133, -0.029105754777664996, 0.5690305096124753, -0.07571252755713277, 0.7942341687082979, 0.516660715485135, -0.08787326889531509, 0.4312818849745327, 0.052419063401995855, 0.5779735012488141, 0.670705047933955, 0.8207311583965817, 0.8124321423297455, 0.5357063293810038, 0.7336431388932325, 0.310670511560026, 0.6188313559027312, -0.11833682416843891, 0.5319882822263906, -0.18598515415943828, 0.6133060631666843, 0.8532331784476535, -0.1410468712155946, 0.9, 0.17727554491148578], [0.2063989638493901, 0.6437326956732468, -0.434572399411875, 0.6271240344435476, 0.7298357974299582, -0.13919035386351603, -0.647192286011972, 0.40034122535830297, 0.014110346936015261, -0.4720900079869758, -0.4224854994079887, -0.4050346026394829, 0.6838318463174439, 0.6799517341352965, -0.5172161713565951, -0.06890121878204024, -0.07027510582414466, -0.42749723713361903, -0.11507172129254818, 0.7552906123614646, 0.5697359432602827, -0.21812477350325965, 0.06494030047638441, -0.05467761702707429, 0.34906195433692033, 0.6848579381362817, 0.7395155747854731, 0.19717382036073422, 0.99]]}, {"name": 2, "matrix": [[1.09, 0.5020141594173669, 0.5661648350356875, 0.6388991904605931, 0.4956508620781354, 0.13951085726343568, 0.5498533631879048, 0.3881081490399629, 0.6919335415053454, 0.1505641264131117, 0.29341313455348, 0.6941798349854923, 0.556535636977177, 0.48978808673224744, 0.7169809335665829, 0.606183323467115, 0.6485389921802437, 0.82858357874372, 0.7039371611001889, 0.14373053828279833, 0.38039424806248956, 0.14415587983746986, 0.31709557705193264, -0.1954227615075465, 0.4369602536283908, 0.7396676196485784, 0.03889236853138105, 0.6062043368933765, 0.27474479343040487], [0.5187479647312792, 0.95, -0.07558655779044161, 0.822158410456069, 0.7967848971248271, 0.08795700437058433, -0.0826108251645986, 0.35985579463392514, 0.36394891657726813, -0.07421704566875365, -0.31145745056038887, 0.030944272640119348, 0.4326609026830671, 0.714829945105094, 0.044593261119041806, 0.32962417773265956, 0.42907158099840453, -0.037332380526614306, 0.29383273320220876, 0.802157597133567, 0.7948466003370724, -0.063890893388909, 0.2735610470703315, -0.1942176890154402, 0.41256810108367814, 0.8358865517502283, 0.5671016301169337, 0.4028636270798717, 0.7064775870477136], [0.6428329897801036, -0.09070386934852993, 1.06, -0.14374901235849805, -0.2196649557717047, 0.5653708155633851, 0.7054333503219664, 0.3593664133592626, 0.1984705987976318, 0.18555741273354537, 0.9671254676980211, 1.034980031282187, 0.3173665328899826, -0.2857275295943162, 0.9234990760780852, 0.09109087986526025, 0.22574589374833065, 0.7186181857183005, 0.6935865919369638, -0.4286401476635791, -0.35650355889093766, 0.833686345491275, -0.19570138238085497, 0.31944195998913427, -0.28235646537603926, -0.03345683714361881, -0.1725781233277548, 0.19814337859424122, -0.27666823918933453], [0.6711668263424412, 0.8567756066857982, -0.13996614361222182, 0.88, 0.8526047362734119, -0.1961752309693615, 0.16003180649596305, -0.018848835921847645, 0.6982446627558663, 0.22639298679148145, -0.4243554318275208, 0.03385626396207997, 0.13814677955325533, 0.9342038082283551, 0.26408287972280675, 0.617967808369721, 0.6655461410476857, 0.20586498447628146, 0.310762253443662, 0.6264079182706894, 0.9850442527031348, -0.3301606203189841, 0.6432503457386752, -0.42868962840798147, 0.6517980219520805, 1.014758725481381, 0.15860561628212347, 0.653949153402897, 0.616518844676797], [0.4484460180706939, 1.0405073362453625, -0.19725016436642873, 0.8151276050086466, 1.06, -0.0787324644056288, -0.03159904032357076, 0.04292199415886506, 0.6297140427263573, 0.2271685923010917, -0.4413306930226178, -0.04905282928483628, 0.15420769188101874, 0.8899011119284012, 0.05454646046043002, 0.48139260215579754, 0.4861844092928122, -0.0034222544270521077, 0.2803473924597138, 0.9044602918339152, 0.9187997592175614, -0.2745481959801962, 0.5503793537654365, -0.28717684390551657, 0.6584341962794844, 0.8760369056766426, 0.3597118551759251, 0.5647087580222315, 0.7757247077172179], [0.12809633257824546, 0.07770958638566189, 0.6595992848239493, -0.20224250615398096, -0.08738438357108251, 0.85, 0.11525492493414616, 0.3936997173779408, -0.3843222607964805, -0.10418218132729384, 0.5979856654748781, 0.49340932102050994, 0.37935733084245277, -0.3909388801357516, 0.2588610929327586, -0.3351584699672928, -0.248230651793708, 0.09629209858478095, 0.5908797561180963, -0.023560537327189584, -0.37713688000504647, 0.8028828522576723, -0.6950970777381907, 0.7461019721965527, -0.6000216435563783, -0.19266166762955655, 0.3853735952219457, 0.003377977217531336, -0.034991741791424884], [0.6265770882838915, -0.10788001874435818, 0.8449696174186192, 0.1528875294202504, -0.039238368753445, 0.12832507106069882, 0.99, -0.15212435458926096, 0.5739460258734432, 0.6298129620463553, 0.5412186345818, 0.9334119913296736, -0.06872172773270446, 0.013216586028188508, 0.9433952451080964, 0.5256088560621681, 0.8143158663567127, 1.0111254643236336, 0.6672975285917834, -0.45091570659290836, 0.05136230520706686, 0.26557510007856505, 0.3827286059503672, -0.08198077363547784, 0.2028460494885384, 0.23124791680361312, -0.5697099847758568, 0.44417545303597267, -0.34514551921377695], [0.34929733413596653, 0.4112637652959145, 0.3593664133592626, -0.023615208223924062, 0.04253179421196629, 0.45779036904411724, -0.13422737169640672, 0.98, -0.2785806217594573, -0.7885688116331845, 0.29989872080669844, 0.24125454215350725, 0.7659901872012651, 0.07355089208456692, -0.006582319057878062, -0.3103518289655789, -0.3295176872946123, -0.0750422829979137, 0.2569602421793086, 0.1410694937292881, -0.25195657237361113, 0.5894638772970828, -0.6235633257826129, 0.20567704758204683, -0.27104323861209834, 0.09499076454351213, 0.5471870475145929, -0.1573276022702804, 0.3753029672350879], [0.671175535260185, 0.4727152594624287, 0.2022153270768324, 0.6056203707576391, 0.5219251525299538, -0.3614912354026301, 0.5806983320601896, -0.2925096528474302, 0.94, 0.6428910644864304, -0.10074389300591471, 0.4830548185088353, -0.09048379434244506, 0.6732711588004455, 0.6926854392167667, 0.8189812386026746, 0.9244962870153145, 0.7589186461717967, 0.48346269520633517, 0.11822131360430273, 0.8031791714631638, -0.40586390675963635, 0.7636832791127077, -0.42831102683476935, 0.7774644794420387, 0.6861057387974018, -0.311708973