{"times": [{"name": 0, "matrix": [[1.0, 0.586106329225609, 0.5095674143249015, 0.3706103609296174, -0.055158300501882813, 0.22024800502413758, 0.32197645118813534, 0.22235373567279418, -0.0349102321412742, 0.08607381166404993, 0.1712331479536981, 0.3895952860450867, -0.05336855446364891, 0.022256989178770836, -0.1165910569653924, 0.021384530469238987, 0.24816351164835254, 0.19439443869462522, 0.21412564736172418, -0.40787039381939344, -0.056949093674403296, 0.0037887994920824905, 0.1826128793743877, -0.2700170442923135, -0.568910625047922, 0.5211727349984149, 0.31035021294056225, -0.13162268860056037, 0.007657319601852954], [0.586106329225609, 1.0, 0.18538511372331962, 0.09132647171599201, -0.2717992723948849, -0.0076458806632064315, 0.39820958268655726, 0.15112554407570775, 0.06173226388781136, 0.08571398088216677, 0.13196462047225316, 0.4567149606611072, -0.4382362380809718, -0.21042103999244743, -0.019573835414767843, 0.05446627503009406, 0.14992399660694886, 0.17651020130014694, 0.22988942019206743, -0.2692418704634782, -0.020994375897401007, -0.08478540371575573, 0.15889146904801107, -0.24824423649949579, -0.2785425111241619, 0.43404021942608056, 0.43145514885676334, 0.07504983719888998, 0.0007724515963913244], [0.5095674143249015, 0.18538511372331962, 1.0, 0.29886548355567655, 0.0774103890698242, 0.3568063363312576, -0.10876118522493897, -0.3104030735228041, -0.12293250818467236, -0.03117140048140839, -0.1383638777977662, -0.0688800928428338, -0.24922652877523505, 0.02081363193040647, 0.0032401211926925046, 0.0591777112225721, -0.19643863505364142, -0.18034845312966896, -0.2486242768493774, 0.013570595564540879, -0.06397673768800838, -0.23871881538674694, 0.053389046871910574, -0.21721573506935196, 0.011389475043794794, 0.24215213765017296, 0.0850840565572837, -0.22986556888163132, -0.07186918655150322], [0.3706103609296174, 0.09132647171599201, 0.29886548355567655, 1.0, -0.22957184306085482, 0.12638824134183316, 0.28711448799649186, 0.09238406103851306, 0.08926698662707437, 0.09464385401576901, 0.17524023022279153, 0.07387786304280385, 0.10230446630721238, 0.06522711880127817, -0.34930138171795155, -0.03550763067897489, 0.19878158353951006, 0.21978446094697018, 0.33803272659933886, -0.4539167649588682, 0.5198738202950084, 0.5328234768701047, 0.29142314383712153, -0.37275256355977415, -0.287813457780664, 0.5009833334181243, 0.10101996518835803, 0.22731555149227609, 0.1372960056884149], [-0.055158300501882813, -0.2717992723948849, 0.0774103890698242, -0.22957184306085482, 1.0, -0.1586633468488864, -0.26574382500916877, -0.07637640887489607, -0.6927997665997077, -0.5516744108269597, -0.412294048790965, -0.2701134055342021, 0.169889389547746, 0.471603302180181, 0.14781209753393731, -0.46147302437950233, -0.2577863540170256, -0.238973758427799, -0.41734460223035463, 0.03954177652955836, 0.06433535198433195, -0.050071663414855125, -0.2664738391187073, -0.11923800053112898, 0.19645621634097288, 0.0249110988813925, 0.3105833877515215, -0.3392656691561617, 0.4997930227203241], [0.22024800502413758, -0.0076458806632064315, 0.3568063363312576, 0.12638824134183316, -0.1586633468488864, 1.0, 0.2775725355216005, 0.2001100054785426, 0.24211842785934864, 0.20260036166889064, 0.16424256501563342, 0.36807859947518234, -0.05238254685248126, 0.14804154495018712, 0.3563356130099423, 0.18242471940524582, 0.22977220341500246, 0.5004811346616277, 0.07280386134682769, -0.4116424480295471, -0.07750966879704367, 0.19097585637822181, -0.1517456459476024, 0.22775392878200876, -0.038028963406641976, -0.04964829020146014, -0.1183419186306051, -0.02035186410181052, -0.39227442982297583], [0.32197645118813534, 0.39820958268655726, -0.10876118522493897, 0.28711448799649186, -0.26574382500916877, 0.2775725355216005, 1.0, 0.3686314049092128, -0.10078265694461554, 0.2941658989572478, 0.591071671414399, 0.7492618698947933, -0.22822421150402616, 0.06740264406476708, 0.16248990909800734, 0.0545901349266056, 0.7183698494136089, 0.7321924298496255, 0.6863121103483903, -0.6316135989397769, -0.08699702719241, 0.3803527903870085, -0.14530742007725084, -0.4312596824855624, -0.6100188076916473, 0.39631503567393267, 0.39815327897839076, 0.17364778648946036, -0.04633561042570306], [0.22235373567279418, 0.15112554407570775, -0.3104030735228041, 0.09238406103851306, -0.07637640887489607, 0.2001100054785426, 0.3686314049092128, 1.0, 0.45017143004358856, 0.38213241953368576, 0.4810165864870809, 0.4045211691300313, 0.5905611041334142, 0.48389280035159327, 0.3268090164594132, 0.19987944523310194, 0.7341778284186117, 0.2720297466551109, 0.3040733980780522, -0.6763861306396869, 0.2924613706532231, 0.5003632207410644, 0.0712034468321808, 0.4254536068856676, -0.012071117830667204, -0.25519296143993253, -0.12456649096133048, 0.08140770716991781, -0.3108125575992717], [-0.0349102321412742, 0.06173226388781136, -0.12293250818467236, 0.08926698662707437, -0.6927997665997077, 0.24211842785934864, -0.10078265694461554, 0.45017143004358856, 1.0, 0.609041441634776, 0.34528558694413675, 0.035211245328967467, 0.3517481739656775, -0.042166873751274946, 0.07132062177724945, 0.47406747579260067, 0.2515095099562293, 0.08144006631731936, 0.1625079428573496, -0.15338212177586477, 0.2445462917012127, 0.20864525282079485, 0.2677870015563834, 0.6477554174840617, 0.22828358772365495, -0.3879295324986184, -0.6173796856530794, 0.32531165800490724, -0.6248374581558289], [0.08607381166404993, 0.08571398088216677, -0.03117140048140839, 0.09464385401576901, -0.5516744108269597, 0.20260036166889064, 0.2941658989572478, 0.38213241953368576, 0.609041441634776, 1.0, 0.6080786879994624, 0.09529046545698765, 0.18711396673081906, 0.24996036903076735, 0.2365887117183905, 0.6401534613695856, 0.36075589739015124, 0.21441642242079842, 0.3239735813224141, -0.19871271448240868, 0.07744341839511144, 0.4575225874355475, -0.03802217558820847, 0.3659691795108071, -0.03901027675317855, -0.3700527529342883, -0.42057365635496335, 0.4245921668570482, -0.7735465206857122], [0.1712331479536981, 0.13196462047225316, -0.1383638777977662, 0.17524023022279153, -0.412294048790965, 0.16424256501563342, 0.591071671414399, 0.4810165864870809, 0.34528558694413675, 0.6080786879994624, 1.0, 0.3980763932829748, 0.18972834459203317, 0.1004061015869888, -0.09284471744036725, 0.28729091980897886, 0.4697751175387503, 0.4333606987693793, 0.4176826636914436, -0.6183088401678027, 0.09541217971430785, 0.4440231035626276, -0.0315877651263521, 0.1249109612203203, -0.29372322861298694, 0.1078471888533999, -0.016654327944237823, 0.4377056097898661, -0.2603165986539507], [0.3895952860450867, 0.4567149606611072, -0.0688800928428338, 0.07387786304280385, -0.2701134055342021, 0.36807859947518234, 0.7492618698947933, 0.4045211691300313, 0.035211245328967467, 0.09529046545698765, 0.3980763932829748, 1.0, -0.2434623143692834, -0.0411671282906981, 0.2597166208508838, 0.03631040693101857, 0.6639328201098632, 0.5217962291702832, 0.5102982546496846, -0.6447961553797698, -0.08746570354598307, 0.07905279818375707, -0.029848899487312206, -0.1801982595694074, -0.47795804101744116, 0.31712762322455235, 0.3792005434271521, 0.04198256664907037, 0.04038972127121355], [-0.05336855446364891, -0.4382362380809718, -0.24922652877523505, 0.10230446630721238, 0.169889389547746, -0.05238254685248126, -0.22822421150402616, 0.5905611041334142, 0.3517481739656775, 0.18711396673081906, 0.18972834459203317, -0.2434623143692834, 1.0, 0.48042900068943656, 0.062462507528783226, -0.08933325374704018, 0.2439025763515606, -0.09403880352475102, 0.018831915924190968, -0.2536081720633704, 0.4140084083306349, 0.41519596112715357, 0.15450098880889868, 0.5622388426621753, 0.22170638205930782, -0.32375885737388577, -0.21170988712587932, 0.17488392895053906, -0.06803601173615308], [0.022256989178770836, -0.21042103999244743, 0.02081363193040647, 0.06522711880127817, 0.471603302180181, 0.14804154495018712, 0.06740264406476708, 0.48389280035159327, -0.042166873751274946, 0.24996036903076735, 0.1004061015869888, -0.0411671282906981, 0.48042900068943656, 1.0, 0.5825877665340093, 0.23136205553316844, 0.26736238833006937, 0.14530387986825677, -0.06418541954597423, -0.3829325679414985, 0.270421788298966, 0.5674462726423298, -0.04164867848635061, 0.26035925371417795, 0.15429086835783665, -0.3096281538765279, -0.19693753343584094, 0.05977387609994926, -0.24037632576367016], [-0.1165910569653924, -0.019573835414767843, 0.0032401211926925046, -0.34930138171795155, 0.14781209753393731, 0.3563356130099423, 0.16248990909800734, 0.3268090164594132, 0.07132062177724945, 0.2365887117183905, -0.09284471744036725, 0.2597166208508838, 0.062462507528783226, 0.5825877665340093, 1.0, 0.3165764542924819, 0.39576323146927933, 0.28483696646806633, 0.07129576935375277, -0.0413055998275023, -0.09796426762634816, 0.05615850630875415, -0.37803560495375654, 0.3487955607828224, 0.18498807491043148, -0.5096549331374698, -0.18984410030429566, -0.14216623965954867, -0.44004818863899514], [0.021384530469238987, 0.05446627503009406, 0.0591777112225721, -0.03550763067897489, -0.46147302437950233, 0.18242471940524582, 0.0545901349266056, 0.19987944523310194, 0.47406747579260067, 0.6401534613695856, 0.28729091980897886, 0.03631040693101857, -0.08933325374704018, 0.23136205553316844, 0.3165764542924819, 1.0, 0.16375693100099564, 0.13092819035841885, -0.008815571759905208, 0.014607092576336004, -0.1020765953033997, 0.268306009094597, -0.028302710723869556, 0.34479733940950796, 0.15211881199652388, -0.41082336188012913, -0.6785062617337967, 0.13368703634696144, -0.8057159770232107], [0.24816351164835254, 0.14992399660694886, -0.19643863505364142, 0.19878158353951006, -0.2577863540170256, 0.22977220341500246, 0.7183698494136089, 0.7341778284186117, 0.2515095099562293, 0.36075589739015124, 0.4697751175387503, 0.6639328201098632, 0.2439025763515606, 0.26736238833006937, 0.39576323146927933, 0.16375693100099564, 1.0, 0.5430909111624602, 0.6774017396184466, -0.6040432619767331, 0.09426546687938431, 0.3314516629412541, -0.08086159223315863, 0.02250289452176008, -0.31804083465526783, -0.025689197904100253, 0.02461585216032117, 0.12179387037170183, -0.27478312105946495], [0.19439443869462522, 0.17651020130014694, -0.18034845312966896, 0.21978446094697018, -0.238973758427799, 0.5004811346616277, 0.7321924298496255, 0.2720297466551109, 0.08144006631731936, 0.21441642242079842, 0.4333606987693793, 0.5217962291702832, -0.09403880352475102, 0.14530387986825677, 0.28483696646806633, 0.13092819035841885, 0.5430909111624602, 1.0, 0.6736257505947106, -0.5160117393941549, 0.009901895203342474, 0.40260510518324055, -0.275029653776753, -0.10935551411127618, -0.4586931496533869, 0.30050907982161335, 0.09179968852268863, 0.3080174124171919, -0.1654629655860611], [0.21412564736172418, 0.22988942019206743, -0.2486242768493774, 0.33803272659933886, -0.41734460223035463, 0.07280386134682769, 0.6863121103483903, 0.3040733980780522, 0.1625079428573496, 0.3239735813224141, 0.4176826636914436, 0.5102982546496846, 0.018831915924190968, -0.06418541954597423, 0.07129576935375277, -0.008815571759905208, 0.6774017396184466, 0.6736257505947106, 1.0, -0.3905334870274347, 0.19836388387946596, 0.24167525702522388, -0.15784332263708645, -0.19629683840443027, -0.46270653671215345, 0.21547602646694408, 0.19974708817505726, 0.3078425146834853, -0.06897657303305069], [-0.40787039381939344, -0.2692418704634782, 0.013570595564540879, -0.4539167649588682, 0.03954177652955836, -0.4116424480295471, -0.6316135989397769, -0.6763861306396869, -0.15338212177586477, -0.19871271448240868, -0.6183088401678027, -0.6447961553797698, -0.2536081720633704, -0.3829325679414985, -0.0413055998275023, 0.014607092576336004, -0.6040432619767331, -0.5160117393941549, -0.3905334870274347, 1.0, -0.38777167812424884, -0.6169014744919966, -0.1321930240498728, -0.0021943603717877926, 0.27504643053494493, -0.3519365035246654, -0.25900926061439933, -0.32673445088392367, -0.04576985635551121], [-0.056949093674403296, -0.020994375897401007, -0.06397673768800838, 0.5198738202950084, 0.06433535198433195, -0.07750966879704367, -0.08699702719241, 0.2924613706532231, 0.2445462917012127, 0.07744341839511144, 0.09541217971430785, -0.08746570354598307, 0.4140084083306349, 0.270421788298966, -0.09796426762634816, -0.1020765953033997, 0.09426546687938431, 0.009901895203342474, 0.19836388387946596, -0.38777167812424884, 1.0, 0.4810212136423085, 0.1216591657110916, 0.2461686499581904, 0.4160200527011261, 0.05564113361863005, 0.03158920806740426, 0.4775183928461836, 0.17158982820588478], [0.0037887994920824905, -0.08478540371575573, -0.23871881538674694, 0.5328234768701047, -0.050071663414855125, 0.19097585637822181, 0.3803527903870085, 0.5003632207410644, 0.20864525282079485, 0.4575225874355475, 0.4440231035626276, 0.07905279818375707, 0.41519596112715357, 0.5674462726423298, 0.05615850630875415, 0.268306009094597, 0.3314516629412541, 0.40260510518324055, 0.24167525702522388, -0.6169014744919966, 0.4810212136423085, 1.0, 0.03602465821565961, 0.10598447808473971, -0.038723513550198756, 0.059573923118070755, -0.09209080696429768, 0.5028441571565802, -0.18331787092022528], [0.1826128793743877, 0.15889146904801107, 0.053389046871910574, 0.29142314383712153, -0.2664738391187073, -0.1517456459476024, -0.14530742007725084, 0.0712034468321808, 0.2677870015563834, -0.03802217558820847, -0.0315877651263521, -0.029848899487312206, 0.15450098880889868, -0.04164867848635061, -0.37803560495375654, -0.028302710723869556, -0.08086159223315863, -0.275029653776753, -0.15784332263708645, -0.1321930240498728, 0.1216591657110916, 0.03602465821565961, 1.0, -0.07573424903059406, -0.07365311166385317, 0.14460575359039055, -0.08604814142886699, 0.07957085886754428, 0.03263768934148858], [-0.2700170442923135, -0.24824423649949579, -0.21721573506935196, -0.37275256355977415, -0.11923800053112898, 0.22775392878200876, -0.4312596824855624, 0.4254536068856676, 0.6477554174840617, 0.3659691795108071, 0.1249109612203203, -0.1801982595694074, 0.5622388426621753, 0.26035925371417795, 0.3487955607828224, 0.34479733940950796, 0.02250289452176008, -0.10935551411127618, -0.19629683840443027, -0.0021943603717877926, 0.2461686499581904, 0.10598447808473971, -0.07573424903059406, 1.0, 0.5985177765651635, -0.6892020973270842, -0.5426579593398163, 0.266402042071001, -0.5191447281394379], [-0.568910625047922, -0.2785425111241619, 0.011389475043794794, -0.287813457780664, 0.19645621634097288, -0.038028963406641976, -0.6100188076916473, -0.012071117830667204, 0.22828358772365495, -0.03901027675317855, -0.29372322861298694, -0.47795804101744116, 0.22170638205930782, 0.15429086835783665, 0.18498807491043148, 0.15211881199652388, -0.31804083465526783, -0.4586931496533869, -0.46270653671215345, 0.27504643053494493, 0.4160200527011261, -0.038723513550198756, -0.07365311166385317, 0.5985177765651635, 1.0, -0.5766517046808532, -0.33230288772281963, 0.1078482312875875, -0.17083987463708167], [0.5211727349984149, 0.43404021942608056, 0.24215213765017296, 0.5009833334181243, 0.0249110988813925, -0.04964829020146014, 0.39631503567393267, -0.25519296143993253, -0.3879295324986184, -0.3700527529342883, 0.1078471888533999, 0.31712762322455235, -0.32375885737388577, -0.3096281538765279, -0.5096549331374698, -0.41082336188012913, -0.025689197904100253, 0.30050907982161335, 0.21547602646694408, -0.3519365035246654, 0.05564113361863005, 0.059573923118070755, 0.14460575359039055, -0.6892020973270842, -0.5766517046808532, 1.0, 0.6697865982935098, 0.17621602764508798, 0.6242361648689706], [0.31035021294056225, 0.43145514885676334, 0.0850840565572837, 0.10101996518835803, 0.3105833877515215, -0.1183419186306051, 0.39815327897839076, -0.12456649096133048, -0.6173796856530794, -0.42057365635496335, -0.016654327944237823, 0.3792005434271521, -0.21170988712587932, -0.19693753343584094, -0.18984410030429566, -0.6785062617337967, 0.02461585216032117, 0.09179968852268863, 0.19974708817505726, -0.25900926061439933, 0.03158920806740426, -0.09209080696429768, -0.08604814142886699, -0.5426579593398163, -0.33230288772281963, 0.6697865982935098, 1.0, 0.011247370411742662, 0.7212516693257061], [-0.13162268860056037, 0.07504983719888998, -0.22986556888163132, 0.22731555149227609, -0.3392656691561617, -0.02035186410181052, 0.17364778648946036, 0.08140770716991781, 0.32531165800490724, 0.4245921668570482, 0.4377056097898661, 0.04198256664907037, 0.17488392895053906, 0.05977387609994926, -0.14216623965954867, 0.13368703634696144, 0.12179387037170183, 0.3080174124171919, 0.3078425146834853, -0.32673445088392367, 0.4775183928461836, 0.5028441571565802, 0.07957085886754428, 0.266402042071001, 0.1078482312875875, 0.17621602764508798, 0.011247370411742662, 1.0, -0.13544925987513112], [0.007657319601852954, 0.0007724515963913244, -0.07186918655150322, 0.1372960056884149, 0.4997930227203241, -0.39227442982297583, -0.04633561042570306, -0.3108125575992717, -0.6248374581558289, -0.7735465206857122, -0.2603165986539507, 0.04038972127121355, -0.06803601173615308, -0.24037632576367016, -0.44004818863899514, -0.8057159770232107, -0.27478312105946495, -0.1654629655860611, -0.06897657303305069, -0.04576985635551121, 0.17158982820588478, -0.18331787092022528, 0.03263768934148858, -0.5191447281394379, -0.17083987463708167, 0.6242361648689706, 0.7212516693257061, -0.13544925987513112, 1.0]]}, {"name": 1, "matrix": [[1.08, 0.521634633010792, 0.45861067289241136, 0.3669042573203212, -0.05129721946675102, 0.19602072447148244, 0.32519621570001667, 0.21568312360261035, -0.03630664142692517, 0.09123824036389293, 0.16952081647416112, 0.42076290892869367, -0.05977278099928678, 0.020031290260893755, -0.1259183415226238, 0.01817685089885314, 0.2134206200175832, 0.17301105043821646, 0.22697318620342763, -0.44865743320133283, -0.051823675243707, 0.0042813434260532135, 0.1917435233431071, -0.280817726064006, -0.5120195625431299, 0.5003258255984783, 0.33517822997580726, -0.11319551219648191, 0.007427600013797365], [0.5274956963030482, 0.92, 0.1946543694094856, 0.08310708926155273, -0.26364529422303834, -0.008028174696366753, 0.3384781452835737, 0.15868182127949315, 0.0679054902765925, 0.09257109935274012, 0.13196462047225316, 0.39277486616855223, -0.3900302518920649, -0.22725472319184326, -0.020944003893801594, 0.04684099652588089, 0.1454262767087404, 0.18004040532614987, 0.2505794680093535, -0.3015508949190956, -0.022044094692271057, -0.0813939875671255, 0.1509468955956105, -0.2656213330544605, -0.2896842115691284, 0.4427210238146022, 0.4271405973681957, 0.07880232905883448, 0.0006797574048243655], [0.4331323021761663, 0.21133902964458434, 0.85, 0.3048427932267901, 0.07353986961633298, 0.3068534492448815, -0.10332312596369202, -0.27625873543529567, -0.13399643392129287, -0.03272997050547881, -0.15220026557754285, -0.07645690305554553, -0.23925746762422564, 0.021438040888318664, 0.0030133127092040295, 0.050301054539186284, -0.21411811220846916, -0.1713310304731855, -0.21630312085895834, 0.011670712185505156, -0.062057435557368125, -0.23871881538674694, 0.045380689841123985, -0.22373220712143252, 0.012300633047298379, 0.21793692388515568, 0.0757248103359825, -0.20917766768228452, -0.07258787841701825], [0.33354932483665567, 0.08949994228167217, 0.3227747222401307, 0.89, -0.2089103771853779, 0.11501329962106818, 0.2928567777564217, 0.08591717676581714, 0.09997902502232331, 0.10221536233703053, 0.1734878279205636, 0.07461664167323188, 0.11253491293793362, 0.06848847474134208, -0.32834329881487445, -0.03621778329255439, 0.19281813603332476, 0.20439954868068227, 0.34141305386533227, -0.43576009436051344, 0.5458675113097589, 0.5168387725640016, 0.29433737527549275, -0.33547730720379676, -0.2820571886250507, 0.45589483341049314, 0.10506076379589235, 0.21140346288781678, 0.12356640511957342], [-0.051848802471769845, -0.2391833597074987, 0.08592553186750487, -0.2089103771853779, 1.1, -0.1539034464434198, -0.27903101625962723, -0.06644747572115958, -0.6858717689337106, -0.6123585960179253, -0.43703169171842293, -0.29982588014296435, 0.14950266280201646, 0.5234796654200009, 0.12859652485452547, -0.5030055965736576, -0.2809871258785579, -0.26048139668630094, -0.46742595449799723, 0.03598301664189811, 0.05918852382558539, -0.04806879687826092, -0.2771327926834556, -0.10731420047801608, 0.17484603254346587, 0.02441287690376465, 0.2950542183639454, -0.3596216093055314, 0.47980130181151115], [0.2290579252251031, -0.008639845149423267, 0.30328538588156895, 0.12765212375525148, -0.16500988072284184, 1.12, 0.24148810590379244, 0.1921056052594009, 0.2760150077596574, 0.17221030741855703, 0.1724546932664151, 0.3901633154436933, -0.05971610341182863, 0.1539632067481946, 0.30644862718855037, 0.20796418012198023, 0.2504517017223527, 0.5405196254345579, 0.07207582273335941, -0.4116424480295471, -0.07905986217298455, 0.18524658068687516, -0.14112345073127025, 0.19586837875252752, -0.0422121493813726, -0.052130704711533145, -0.11479166107168694, -0.018113159050611363, -0.41973363991058416], [0.2833392770455591, 0.43006634930148185, -0.09244700744119812, 0.3244393714360358, -0.2365120042581602, 0.29700261300811254, 1.11, 0.35757246276193644, -0.0856652584029232, 0.25886599108237807, 0.591071671414399, 0.6368725894105742, -0.23050645361906644, 0.062010432539585714, 0.1576152118250671, 0.06223275381633038, 0.7758394373666977, 0.717548581252633, 0.7206277158658099, -0.6947749588337546, -0.08699702719241, 0.4297986531373195, -0.12932360386875325, -0.3838211174121505, -0.6100188076916473, 0.3725361335334967, 0.37426408223968727, 0.16322891930009273, -0.044482186008674936], [0.23791849716988978, 0.1692606093647927, -0.3507554730807686, 0.10347014836313463, -0.07332135251990023, 0.2201210060263969, 0.35757246276193644, 1.0, 0.49969028734838333, 0.36684712275233833, 0.45696575716272686, 0.3478882054518269, 0.6259947703814192, 0.5419599363937845, 0.3398813771177897, 0.18189029516212277, 0.6754436021451228, 0.27475004412166204, 0.2888697281741496, -0.6019836562693214, 0.32463212142507764, 0.5003632207410644, 0.07903582598372069, 0.47225350364309104, -0.012674673722200566, -0.25519296143993253, -0.13577747514785024, 0.0781513988831211, -0.28594755299132996], [-0.03176831124855952, 0.06358423180444571, -0.10818060720251167, 0.09462300582469883, -0.6789437712677134, 0.20822184795903984, -0.11186874920852326, 0.49518857304794744, 0.94, 0.5603181263039939, 0.29349274890251625, 0.03908448231515389, 0.34471321048636394, -0.039636861326198446, 0.07559985908388442, 0.40769802918163656, 0.22887365406016866, 0.07736806300145338, 0.14788222800018813, -0.14571301568707154, 0.21520073669706719, 0.20029944270796304, 0.29188783169645793, 0.6995758508827867, 0.2396977671098377, -0.42284319042349405, -0.5494679202312407, 0.3220585414248582, -0.6123407089927123], [0.08349159731412843, 0.08571398088216677, -0.033976826524735146, 0.08139371445356135, -0.4854734815277245, 0.2127303797523352, 0.30593253491553773, 0.3974177163150332, 0.5542277118876462, 1.06, 0.6445634092794302, 0.08576141891128888, 0.19834080473466822, 0.2574591801016904, 0.2626134700074135, 0.5569335113915395, 0.36436345636405276, 0.2337139004386703, 0.28833648737694856, -0.20666122306170503, 0.07744341839511144, 0.5032748461791023, -0.034219958029387626, 0.3915870220765636, -0.03627955738045605, -0.347849587758231, -0.4373966026091619, 0.4033625585141958, -0.6575145425828554], [0.1712331479536981, 0.12932532806280808, -0.12314385124001193, 0.1945166555472986, -0.44527757269424223, 0.14617588286391375, 0.579250237986111, 0.5387385768655306, 0.36945557803022633, 0.6080786879994624, 1.0, 0.3542879900218476, 0.18783106114611284, 0.11446295580916722, -0.08077490417311951, 0.26718055542235036, 0.49796162459107535, 0.4940311965970924, 0.421859490328358, -0.6554073705778709, 0.08968744893144938, 0.4173817173488699, -0.030956009823825056, 0.11117075548608507, -0.2555392088932986, 0.1024548294107299, -0.016321241385353066, 0.4377056097898661, -0.25771343266741115], [0.3428438517196763, 0.38820771656194114, -0.07645690305554553, 0.08348198523836833, -0.24040093092543988, 0.34967466950142323, 0.8092028194863767, 0.41665680420393225, 0.037676032501995194, 0.10291370269354666, 0.3980763932829748, 1.06, -0.2678085458062118, -0.03663874417872131, 0.28828544914448107, 0.03957834355481025, 0.6041788662999755, 0.4435267947947407, 0.5766370277541435, -0.5480767320728043, -0.0769698191204651, 0.08458649405662007, -0.03372925642066279, -0.1801982595694074, -0.48273762142761556, 0.34884038554700764, 0.38678455429569514, 0.036524832984691225, 0.04362089897291063], [-0.05443592555292189, -0.4470009628425912, -0.2591955899262445, 0.10025837698106813, 0.17328717733870092, -0.056573150600679765, -0.2533288747694691, 0.6319003814227533, 0.31305587482945296, 0.20956764273851738, 0.1745500770246705, -0.27267779209359744, 0.86, 0.4756247106825422, 0.06933338335694939, -0.0946932489718626, 0.2585367309326542, -0.08463492317227593, 0.020150150038884335, -0.22571127313639966, 0.356047231164346, 0.45256359762859744, 0.14986595914463172, 0.6128403385017711, 0.2350087649828663, -0.2913829716364972, -0.21170988712587932, 0.15389785747647436, -0.06599493138406848], [0.023814978421284796, -0.19569156719297612, 0.019564814014582082, 0.060661220485188704, 0.4244429719621629, 0.1287961441066628, 0.05864030033634736, 0.43550352031643397, -0.04385354870132595, 0.22996353950830598, 0.10743452869807803, -0.04157879957360508, 0.47082042067564783, 0.87, 0.6641500538487706, 0.2359892966438318, 0.23795252561376173, 0.14094476347220905, -0.06354356535051449, -0.3522979625061786, 0.25419648100102804, 0.6412142880858327, -0.03956624456203307, 0.26035925371417795, 0.1512050509906799, -0.2631839307950487, -0.22057003744814188, 0.06575126370994419, -0.22354998296021325], [-0.1212546992440081, -0.016833498456700343, 0.002786504225715554, -0.3982035751584647, 0.15076833948461607, 0.302885271058451, 0.18361359728074828, 0.297396204978066, 0.06989420934170446, 0.22002750189810316, -0.10491453070761499, 0.24153645739132196, 0.06433638275464672, 0.5301548675459485, 1.1, 0.2690899861486096, 0.34035637906358024, 0.2592016394859404, 0.06986985396667772, -0.035935871849927005, -0.09306605424503075, 0.06345911212889219, -0.3553534686565311, 0.3348437383515095, 0.1757386711649099, -0.5096549331374698, -0.19553942331342453, -0.1379012524697622, -0.38284192411592577], [0.022239911688008547, 0.04629633377557995, 0.054443494324766334, -0.030536562383918404, -0.4107109916977571, 0.18060047221119335, 0.050222924132477156, 0.21387100639941908, 0.5214742233718608, 0.576138115232627, 0.2786721922147095, 0.0355841987923982, -0.07593326568498415, 0.23136205553316844, 0.3482340997217301, 1.02, 0.1424685299708662, 0.14663957320142912, -0.008639260324707103, 0.015191376279389443, -0.11636731864587564, 0.2548907086398671, -0.030283900474540427, 0.3551412595917932, 0.13842811891683673, -0.38617396016732136, -0.5767303224737271, 0.14170825852777913, -0.7412586988613539], [0.24071860629890196, 0.16641563623371325, -0.2219756576106148, 0.20076939937490515, -0.22427412799481228, 0.20909270510765224, 0.7399209448960172, 0.7782284981237284, 0.25402460505579155, 0.4004390461030679, 0.5073571269418503, 0.5909002098977783, 0.23658549906101378, 0.2807305077465728, 0.38389033452520094, 0.16375693100099564, 1.03, 0.4724890927113404, 0.596113530864233, -0.6282049924558024, 0.09992139489214737, 0.37122586249420464, -0.07358404893217435, 0.020477634014801672, -0.29895838457595175, -0.02877190165259229, 0.02289274250909869, 0.12910150259400396, -0.2528004713747078], [0.20217021624241024, 0.18357060935215283, -0.16411709234799876, 0.20000385946174287, -0.2150763825850191, 0.5205003800480928, 0.6736170354616555, 0.2339455821233954, 0.07655366233828019, 0.19726310862713456, 0.4723631616586235, 0.5948477012541228, -0.09027725138376098, 0.13222653068011367, 0.29907881479146964, 0.14271172749067657, 0.5485218202740848, 1.12, 0.7477245831601289, -0.5882533829093365, 0.010396989963509597, 0.39455300307957575, -0.25577757801238027, -0.09295218699458475, -0.4632800811499208, 0.2884887166287488, 0.07986572901473911, 0.3480596760314268, -0.18200926214466723], [0.21412564736172418, 0.20919937237478137, -0.231220577469921, 0.35155403566331245, -0.40899771018574754, 0.07862817025457391, 0.6382702626240031, 0.3192770679819549, 0.17225841942879058, 0.2915762231901727, 0.4051521837807003, 0.49498930701019406, 0.018455277605707147, -0.05712502339591707, 0.07913830398266558, -0.00969712893589573, 0.7383678961841069, 0.76793335567797, 1.1, -0.34366946858414255, 0.21820027226741256, 0.2610092775872418, -0.15784332263708645, -0.17274121779589863, -0.407181752306695, 0.24564267017231622, 0.18176985023930212, 0.292450388949311, -0.06138914999941511], [-0.4160278016957813, -0.26116461434957383, 0.015334772987931192, -0.49476927380516633, 0.03835552323367161, -0.4404574193916154, -0.6316135989397769, -0.7643163276228461, -0.134976267162761, -0.19871271448240868, -0.680139724184583, -0.554524693626602, -0.24599992690146927, -0.37910324226208353, -0.035935871849927005, 0.014753163502099364, -0.6402858576953371, -0.5624527959396289, -0.35929080806523994, 1.09, -0.4149156955929463, -0.6477465482165965, -0.12690530308787787, -0.0023699092015308162, 0.30805200219913836, -0.36249459863040534, -0.2771399088574073, -0.37247727400767294, -0.048516047736841886], [-0.05296265711719507, -0.018055163271764867, -0.06141766818048804, 0.48868139107730785, 0.06497870550417527, -0.08138515223689585, -0.0800372650170172, 0.30708443918588424, 0.26410999503730975, 0.07279681329140475, 0.097320423308594, -0.08746570354598307, 0.4057282401640222, 0.30557662077783154, -0.09992355297887513, -0.11636731864587564, 0.10463466823611658, 0.011090122627743572, 0.20233116155705527, -0.4071602620304613, 0.93, 0.44253951655092383, 0.12044257405398069, 0.28063226095233706, 0.36193744584997967, 0.048964197584394444, 0.027798503099315752, 0.5443709678446492, 0.14928315053911975], [0.00409190345144909, -0.08054613352996794, -0.25542913246381926, 0.5861058245571152, -0.05507882975634064, 0.18333682212309294, 0.4297986531373195, 0.4903559563262431, 0.1982129901797551, 0.49869962030474685, 0.4573437966695064, 0.07984332616559464, 0.43595575918351126, 0.5504228844630599, 0.055596921245666606, 0.2951366100040567, 0.32482262968242903, 0.40663115623507295, 0.22717474160371043, -0.555211327042797, 0.5483641835522316, 0.96, 0.037465644544286, 0.11658292589321369, -0.03794904327919478, 0.0548080092686251, -0.09485353117322662, 0.5129010402997117, -0.19248376446623655], [0.1826128793743877, 0.16365821311945142, 0.05018570405959594, 0.2855946809603791, -0.2691385775098944, -0.1578154717855065, -0.14530742007725084, 0.06835530895889357, 0.2972435717275856, -0.04144417139114724, -0.030008376870034492, -0.02596854255396162, 0.17149609757787754, -0.039149757777169565, -0.4082784533500571, -0.027736656509392166, -0.08328744000015338, -0.2585278745501478, -0.13890212392063608, -0.12029565188538424, 0.10706006582576061, 0.0367451513799728, 0.97, -0.06437411167600494, -0.0626051449142752, 0.12291489055183195, -0.07916429011455764, 0.08354940181092149, 0.029047543513924835], [-0.2916184078356986, -0.2780335448794353, -0.2476259379790612, -0.35784246101738315, -0.13593132060548704, 0.2186437716307284, -0.4140092951861399, 0.47225350364309104, 0.6412778633092211, 0.37328856310102326, 0.10617431703727226, -0.18920817254787778, 0.5566164542355535, 0.2681700313256033, 0.39762693929241755, 0.3585892329858883, 0.024078097138283284, -0.10060707298237409, -0.20218574355656319, -0.0019968679383268913, 0.21909009846278946, 0.10280494374219751, -0.06664613914692277, 0.93, 0.5865474210338602, -0.6409579505141882, -0.5806440164936035, 0.23443379702248088, -0.5191447281394379], [-0.5916670500498389, -0.3091821873478197, 0.011161685542918898, -0.2532758428469843, 0.20234990283120208, -0.0327049085297121, -0.6344195599993132, -0.012553962543893894, 0.22828358772365495, -0.041350893358369264, -0.3084093900436363, -0.4397213977360459, 0.24831114790642478, 0.17280577256077706, 0.1775885519140142, 0.14603405951666293, -0.3403036930811366, -0.4816278071360563, -0.41180881767381655, 0.31080246650448773, 0.43266085480917116, -0.04259586490521863, -0.06628780049746785, 0.640414020924725, 1.11, -0.5824182217276618, -0.2824574545643967, 0.10461278434895988, -0.1827986658616774], [0.5211727349984149, 0.4427210238146022, 0.22277996663815913, 0.5210226667548493, 0.025658431847834277, -0.04716587569138713, 0.38046243424697535, -0.26540067989752986, -0.4383603717234387, -0.33304747764085946, 0.10676871696486591, 0.33298400438577996, -0.3205212688001469, -0.266280212333814, -0.5759100744453408, -0.4436892308305395, -0.028258117694510282, 0.30952435221626173, 0.2327141085842996, -0.3273009482779388, 0.05953601297193416, 0.05242505234390227, 0.13882152344677492, -0.6616340134340007, -0.5362860853531936, 0.86, 0.7635567220546011, 0.1991241112389494, 0.6554479731124192], [0.3382817321052129, 0.46597156076530444, 0.09103994051629356, 0.09899956588459087, 0.2857367167313998, -0.12662585293474746, 0.3782456150294712, -0.11335550677481074, -0.6976390447879797, -0.4584252854269101, -0.01881939057698874, 0.39816057059850973, -0.2222953814821733, -0.1693662787548232, -0.20882851033472524, -0.5767303224737271, 0.028062071462766132, 0.10097965737495751, 0.1977496172933067, -0.25382907540211136, 0.03601169719684086, -0.08103991012858196, -0.08174573435742363, -0.4721124246256402, -0.37550226312678614, 0.7032759282081854, 1.11, 0.010122633370568396, 0.7068266359391919], [-0.1118792853104763, 0.07880232905883448, -0.24595615870334553, 0.25686657318627193, -0.32908769908147684, -0.017909640409593256, 0.17017483075967116, 0.07245285938122685, 0.35458970722534894, 0.42034624518847774, 0.42457444149617013, 0.03946361265012615, 0.19936767900361452, 0.05917613733894977, -0.15353953883231256, 0.13502390671043105, 0.12179387037170183, 0.3110975865413638, 0.270901412921467, -0.3626752404811553, 0.44886728927541253, 0.5179294818712775, 0.08832365334297416, 0.2903782258573911, 0.12186850135497386, 0.15859442488057918, 0.011134896707625236, 1.13, -0.12732230428262326], [0.008193331973982662, 0.0007801761123552377, -0.07977479707216859, 0.14004192580218322, 0.4748033715843079, -0.372660708331827, -0.045408898217189, -0.32946131105522797, -0.5748504615033626, -0.7426046598582836, -0.2603165986539507, 0.04523648782375918, -0.05783060997573011, -0.21633869318730314, -0.46645107995733487, -0.7976588172529786, -0.29127010832303285, -0.15884444696261865, -0.07863329325767777, -0.048058349173286774, 0.18874881102647328, -0.19615012188464107, 0.02774203594026529, -0.4776131498882829, -0.1520474884270027, 0.5618125483820735, 0.8078018696447908, -0.1327402746776285, 0.97]]}, {"name": 2, "matrix": [[1.11, 0.7096686128577102, 0.6436955262728113, 0.4838210803467376, 0.27445422261752944, 0.3940609476999947, 0.4920312865443248, 0.2909665074409675, 0.16104307240505344, 0.2719750323804598, 0.4142991232948834, 0.3493207059672439, 0.23843566733758104, 0.24764925176441105, 0.28214546540658425, 0.04114036890605176, 0.40466370745607944, 0.42038329591363305, 0.2634765520599775, -0.014295566637506339, 0.20412317276232697, 0.1320530936589505, 0.36416613395192254, -0.34271545777292495, -0.28978911403491414, 0.5813511877700289, 0.36801443749365986, -0.1742140480246924, 0.21496849361282477], [0.6323779718534052, 0.98, 0.4502435693804339, 0.38323581737367646, 0.1339047873713042, 0.1804917008309363, 0.4994400086889176, 0.23070515732957028, 0.3107499840682581, 0.3318254669717438, 0.4300967401810303, 0.47862356521836036, -0.03566502485747779, 0.16401688387844107, 0.28844340223170584, -0.04012363415789523, 0.376548571929681, 0.4135179838924008, 0.3505584134790305, 0.0697217415630752, 0.299515187327095, 0.08130824525419654, 0.33096628629343544, -0.24294044842497162, -0.055091361933717546, 0.676141777537649, 0.5301088799848283, -0.11399536902943451, 0.2586733906217644], [0.5490344194679861, 0.475490872336346, 0.9, 0.5292401152531853, 0.3860174028146048, 0.4958073920347342, 0.22347357357276998, -0.1761358158528531, 0.14888730191188201, 0.21749342858354842, 0.21555814335116838, 0.1809311544941839, 0.026029131939354667, 0.279668364626926, 0.3443581661555056, -0.01661769083966264, 0.1779511263594984, 0.21985927234205702, 0.08865476753940259, 0.30051824861205045, 0.25680093135175336, 0.08812562676043253, 0.31809015513756445, -0.2530921130351878, 0.14014114085258209, 0.4522987953318642, 0.2064740853825537, -0.2743679319143389, 0.19805724381489462], [0.6261213980957782, 0.3316463804195277, 0.5440786231574802, 0.91, 0.11603558101304179, 0.31769002759442416, 0.43540896392861206, 0.14414344451367828, 0.2074306874966252, 0.21002120213304679, 0.33182531403028376, 0.19686439171008668, 0.3235927469612637, 0.3461439846510535, 0.10367098597504623, 0.0034486490728175014, 0.4848739853032421, 0.41017117163405703, 0.45451114482502586, -0.027557451051843016, 0.6093883640760264, 0.5462772656173309, 0.46204522215330934, -0.39226325386741906, -0.026534821003852783, 0.6683075532303214, 0.2618774930715891, 0.06543469175916841, 0.36458151797056193], [0.23920322154738802, 0.1465905040696383, 0.40405559920781065, 0.14537791184392593, 0.98, 0.1135791417404613, 0.1286351131729496, 0.006398199086608161, -0.17866156596139873, -0.07887363938718323, 0.03896901993376445, 0.06927339556210985, 0.35633538271085796, 0.5747065497325916, 0.3868569602616545, -0.3951932073235684, 0.131830715584945, 0.14567379756891097, -0.03341126166973836, 0.26055369720091415, 0.3437844282333235, 0.13493511881228717, 0.08896133164805556, -0.14235093572920832, 0.30523327114602644, 0.3240724612848763, 0.43012253850242244, -0.3654980853136307, 0.5833562859859699], [0.38280206347999485, 0.18241182530786115, 0.5164660333695148, 0.34810715789601804, 0.11249743562864738, 1.04, 0.4144781560213921, 0.04629667853504355, 0.3142924619519544, 0.29357643400682687, 0.36708600160859645, 0.381665519317616, 0.05915864021739953, 0.319111829855771, 0.5171764507153481, 0.1880147919599536, 0.390926508005079, 0.5229298185014518, 0.3305621166334178, -0.05207330277685929, 0.20619592268780587, 0.4580207380514783, 0.1317083949151654, 0.12997152691483602, 0.17053811041801253, 0.14890614207759484, 0.11298902260872071, 0.07066202135727635, -0.028679515044553086], [0.5104249794992528, 0.5762769331025972, 0.20485077577503916, 0.43540896392861206, 0.14661636555196406, 0.3893582677776714, 1.14, 0.2188273946082903, 0.23363874866531692, 0.47053679512789226, 0.6208523265970365, 0.6881213805980195, -0.029355506467586934, 0.2990820462791388, 0.37549908551646444, -0.10099053116164969, 0.7297341401404174, 0.8381513312367236, 0.6826651913406901, -0.22542487976394154, 0.2728005583903346, 0.5164338405575285, 0.18226101946521794, -0.3099769380243944, -0.24685229886198543, 0.5599170575946303, 0.4018657471839227, 0.0022612243383063058, 0.2802703197265482], [0.2234207110707429, 0.2437639398199233, -0.17787973482169323, 0.1425418506857485, 0.00590602992609984, 0.04672141870508982, 0.20620273722704277, 1.03, 0.3015315139045463, 0.15197039436293236, 0.31323337881346075, 0.2195234989554021, 0.6551434680065972, 0.4730106296122088, 0.27705526129276015, 0.13152319511184143, 0.5248754697469318, 0.1948101344151445, 0.1057648660767744, -0.4088898056147424, 0.1826499643353751, 0.24885301015247663, -0.018950373721035023, 0.054206739400734304, -0.0979610735877322, -0.06694924549120633, -0.14868477469997524, -0.19730004948162538, -0.2582790865984918], [0.13444880356752167, 0.3107499840682581, 0.14728636318164673, 0.21458346982409504, -0.19281297712665804, 0.30806884884399494, 0.23363874866531692, 0.3015315139045463, 0.95, 0.6790076745827867, 0.5681561021819257, 0.3494474698150175, 0.33950008722064384, 0.21382398089173354, 0.24169799674417536, 0.07431656497042298, 0.4180047373433605, 0.3284019181814058, 0.3557383775803386, 0.02794546495672305, 0.39622137684163894, 0.2812523501338161, 0.3809655776902204, 0.5353329294739699, 0.2645965210283264, -0.009503886381867836, -0.2415800457653692, 0.05780227290142621, -0.1311617519598906