{"times": [{"name": 0, "matrix": [[1.0, 0.5038048813309232, 0.5491361406453374, 0.5994912357094929, 0.41581318931876843, 0.04703314350137722, 0.6256201338793975, 0.3554196597333765, 0.7174871505430502, 0.09324105683297118, 0.2145251290080893, 0.6533165159456491, 0.4799291621326641, 0.5116799651005893, 0.7141672760378058, 0.6657162150719316, 0.7138205640629952, 0.7162352053671077, 0.7537802258909518, 0.06853058984011795, 0.34680360227190377, 0.12437683897909636, 0.29248073264432234, -0.1733004944348809, 0.4974272855988002, 0.702745691962837, -0.04019929074108357, 0.81548921631845, 0.22681204818614295], [0.5038048813309232, 1.0, -0.228999688171455, 0.8572291792351527, 0.9332423149817111, 0.013118870655851517, -0.23251428662645, 0.36955861245371574, 0.37126565633712216, -0.18760791601729446, -0.48720201233437843, -0.053280522949277924, 0.39494741536417866, 0.7680283363767192, -0.07898128598326457, 0.3742643577873392, 0.3169454029736425, -0.17316613499435873, 0.29678396456402106, 0.8298030190630022, 0.7062947531436311, -0.13300700368504922, 0.1644681944676634, -0.15659130070406238, 0.47453970661835654, 0.8532658616164897, 0.4855770610233634, 0.60566491506927, 0.7573325831449962], [0.5491361406453374, -0.228999688171455, 1.0, -0.2706978317607346, -0.38866490255354014, 0.5985332761596277, 0.7551049404425083, 0.4051389882811083, 0.11024923946290117, 0.08628518489762226, 0.9019778785404523, 0.9418651053831522, 0.32618446867238576, -0.4122088323751001, 0.8091062256288782, 0.1184363415177345, 0.16795609932824154, 0.7539195259493271, 0.8017011967892679, -0.6302425088471044, -0.5387950512168307, 0.7541893002816646, -0.3512886774489933, 0.38700229853989404, -0.3384462802980074, -0.1692889875992727, -0.2578862783526124, 0.2538365400734334, -0.46231106320412235], [0.5994912357094929, 0.8572291792351527, -0.2706978317607346, 1.0, 0.9480228390975632, -0.33986684427637737, 0.05872663090302414, -0.06700466506690238, 0.7376017387381855, 0.22097875105421172, -0.5894860088092342, -0.03378622261796971, 0.0706200093137762, 0.8778083506152757, 0.14831779520270644, 0.7476558941211053, 0.7002351531163751, 0.11636523210078167, 0.2678596701349637, 0.7131968924391748, 0.9356656542568034, -0.4681129115447329, 0.6297739040787854, -0.44426574642875005, 0.7952038282796917, 0.9748587951480467, 0.11311040481109029, 0.8214988130472595, 0.5701127585850432], [0.41581318931876843, 0.9332423149817111, -0.38866490255354014, 0.9480228390975632, 1.0, -0.190570294354035, -0.17489048415456152, 0.020135828035737775, 0.5262225675306854, 0.11468424300448363, -0.6444884957329885, -0.15888628784955955, 0.09328844386776701, 0.8000782593053777, -0.05747893948926228, 0.5550039231612902, 0.4754492642201739, -0.14148115046826668, 0.20438437768137774, 0.8508554670628581, 0.8875111717867306, -0.3786186439278341, 0.43994631118774946, -0.2779625309364266, 0.6182900429110415, 0.9038204321744516, 0.2904164204771355, 0.6928196598917348, 0.6516391048481769], [0.04703314350137722, 0.013118870655851517, 0.5985332761596277, -0.33986684427637737, -0.190570294354035, 1.0, 0.035672391541180924, 0.5621601303280203, -0.4990631185221815, -0.18855468241795745, 0.6830646252561209, 0.48813337384176475, 0.36403298171019594, -0.5899603349909536, 0.18035039449937657, -0.39292539396379617, -0.4563534118434999, -0.011429791408668243, 0.589347385523187, -0.12420160811444916, -0.5850492174200707, 0.9556212481686053, -0.8090800761813186, 0.8557583690170559, -0.79545359239402, -0.30899203672422143, 0.3201864730346645, -0.029105754777664996, -0.13919035386351603], [0.6256201338793975, -0.23251428662645, 0.7551049404425083, 0.05872663090302414, -0.17489048415456152, 0.035672391541180924, 1.0, -0.15530032172869984, 0.6407227109040486, 0.5869964092629321, 0.5467445314618448, 0.8487294632679687, -0.12662210749543876, -0.1044942118169351, 0.9745540688160067, 0.6407515905002431, 0.6924019151643144, 0.9823670078181868, 0.6808413834592261, -0.6170150387344556, -0.07590995940367846, 0.17904674287007002, 0.29922218507212145, -0.0955668383085487, 0.19524029600400075, 0.10747178527376494, -0.6870730513074987, 0.5368212354834672, -0.5778502553678321], [0.3554196597333765, 0.36955861245371574, 0.4051389882811083, -0.06700466506690238, 0.020135828035737775, 0.5621601303280203, -0.15530032172869984, 1.0, -0.3041183224425566, -0.7670529756912382, 0.3757354285814697, 0.2941661158624565, 0.9150226258337549, 0.045738396593866144, -0.03465220919437566, -0.39778429376538144, -0.3448722305243058, -0.08123740957552385, 0.35845592641159885, 0.10449971067418957, -0.33196516059983094, 0.6378033824903475, -0.6706646749141539, 0.37716949856158044, -0.3029676776503869, 0.06323757385722255, 0.6289591780085629, -0.07647730056276038, 0.43515350582424234], [0.7174871505430502, 0.37126565633712216, 0.11024923946290117, 0.7376017387381855, 0.5262225675306854, -0.4990631185221815, 0.6407227109040486, -0.3041183224425566, 1.0, 0.5543586122590999, -0.23651972233128832, 0.35565620714367246, -0.15297204220365027, 0.6479657873301017, 0.6320131817703983, 0.9632214875844534, 0.9888496813166883, 0.6738927437914025, 0.39341366435187386, 0.08102588401075278, 0.6955846409846197, -0.4741489396149645, 0.8113645222003978, -0.5983319404199159, 0.8444739431043304, 0.7457110627219916, -0.47279074623393275, 0.8187981120704102, 0.015337333626103544], [0.09324105683297118, -0.18760791601729446, 0.08628518489762226, 0.22097875105421172, 0.11468424300448363, -0.18855468241795745, 0.5869964092629321, -0.7670529756912382, 0.5543586122590999, 1.0, 0.019182303121421267, 0.25582469766411897, -0.7052048594829727, -0.10727800093823667, 0.5300473343465737, 0.6543145648491415, 0.5924970155831643, 0.48554672650094755, 0.28467142206955226, -0.21198023798549684, 0.30466100020165826, -0.25654528404608035, 0.5791677359758508, -0.06052867529992358, 0.23478496903580018, 0.13453408776050657, -0.6368131849546543, 0.49678914950493747, -0.49693685051260617], [0.2145251290080893, -0.48720201233437843, 0.9019778785404523, -0.5894860088092342, -0.6444884957329885, 0.6830646252561209, 0.5467445314618448, 0.3757354285814697, -0.23651972233128832, 0.019182303121421267, 1.0, 0.7349536708251768, 0.30853482663912807, -0.7032356913880423, 0.5603434851168505, -0.24015263139364001, -0.1904245594082671, 0.5211027874394258, 0.5858695902089265, -0.7160173230048457, -0.7813002071326093, 0.8329101836716417, -0.5460308911274746, 0.645133875749748, -0.6363780998172177, -0.4832782253782361, -0.11142087959888011, -0.07988478990483189, -0.4970417640093985], [0.6533165159456491, -0.053280522949277924, 0.9418651053831522, -0.03378622261796971, -0.15888628784955955, 0.48813337384176475, 0.8487294632679687, 0.2941661158624565, 0.35565620714367246, 0.25582469766411897, 0.7349536708251768, 1.0, 0.18333254308445274, -0.23201620055592814, 0.9143620637649464, 0.3822936263694439, 0.4114027474060532, 0.8285338888817956, 0.884111781742939, -0.5382404394324363, -0.3080637702955451, 0.6112775690477421, -0.17067901273833294, 0.21353565164544175, -0.12977550107662475, 0.030776315372919347, -0.3962034645045713, 0.45881051593035393, -0.4709704681854452], [0.4799291621326641, 0.39494741536417866, 0.32618446867238576, 0.0706200093137762, 0.09328844386776701, 0.36403298171019594, -0.12662210749543876, 0.9150226258337549, -0.15297204220365027, -0.7052048594829727, 0.30853482663912807, 0.18333254308445274, 1.0, 0.21665080810150517, -0.030789585071403943, -0.294960179988453, -0.2171668531304575, -0.007317268230802294, 0.31014965727500315, 0.20432360890731155, -0.15151991518226487, 0.445680128517242, -0.4168269621380147, 0.29963811020235537, -0.09987786226363506, 0.24510296066131979, 0.6893738555226038, 0.048536169816662825, 0.5998524967696877], [0.5116799651005893, 0.7680283363767192, -0.4122088323751001, 0.8778083506152757, 0.8000782593053777, -0.5899603349909536, -0.1044942118169351, 0.045738396593866144, 0.6479657873301017, -0.10727800093823667, -0.7032356913880423, -0.23201620055592814, 0.21665080810150517, 1.0, -0.06510032176557237, 0.5639834151487841, 0.5840804336388064, 0.0032286123208705576, -0.05081007477686851, 0.6670215221732041, 0.8700363044445291, -0.6344925639222574, 0.6271130554764074, -0.684967334270555, 0.8944787260978115, 0.8930627606932484, 0.1658748794321203, 0.5401621506998262, 0.6799517341352965], [0.7141672760378058, -0.07898128598326457, 0.8091062256288782, 0.14831779520270644, -0.05747893948926228, 0.18035039449937657, 0.9745540688160067, -0.03465220919437566, 0.6320131817703983, 0.5300473343465737, 0.5603434851168505, 0.9143620637649464, -0.030789585071403943, -0.06510032176557237, 1.0, 0.6579797137328927, 0.6884804367185009, 0.9648498713139566, 0.8094626309585241, -0.4989781437584592, -0.04521880632597592, 0.29074863925007716, 0.22388701925376345, -0.023293734773679617, 0.16145895650604639, 0.19968505215697974, -0.5968622832710996, 0.6387667123180524, -0.502151622676306], [0.6657162150719316, 0.3742643577873392, 0.1184363415177345, 0.7476558941211053, 0.5550039231612902, -0.39292539396379617, 0.6407515905002431, -0.39778429376538144, 0.9632214875844534, 0.6543145648491415, -0.24015263139364001, 0.3822936263694439, -0.294960179988453, 0.5639834151487841, 0.6579797137328927, 1.0, 0.9834122970604764, 0.6515884260893022, 0.44778639075390164, 0.10865344615848622, 0.6957379515510075, -0.413997653552308, 0.7806727317403185, -0.5398534675820943, 0.7683662854256389, 0.7125176685807325, -0.5234472329122877, 0.8731182536133849, -0.0725275987179371], [0.7138205640629952, 0.3169454029736425, 0.16795609932824154, 0.7002351531163751, 0.4754492642201739, -0.4563534118434999, 0.6924019151643144, -0.3448722305243058, 0.9888496813166883, 0.5924970155831643, -0.1904245594082671, 0.4114027474060532, -0.2171668531304575, 0.5840804336388064, 0.6884804367185009, 0.9834122970604764, 1.0, 0.7200106517156954, 0.4258363556112865, 0.021520326715716222, 0.64840743995454, -0.4288488159732214, 0.7927940311495854, -0.5945417260521247, 0.8057709851206268, 0.6937788335274787, -0.543924935140895, 0.8290123901323934, -0.07556462991843511], [0.7162352053671077, -0.17316613499435873, 0.7539195259493271, 0.11636523210078167, -0.14148115046826668, -0.011429791408668243, 0.9823670078181868, -0.08123740957552385, 0.6738927437914025, 0.48554672650094755, 0.5211027874394258, 0.8285338888817956, -0.007317268230802294, 0.0032286123208705576, 0.9648498713139566, 0.6515884260893022, 0.7200106517156954, 1.0, 0.6696968322405299, -0.5577375975705828, -0.0308492348373566, 0.1472030760067925, 0.3381579148272387, -0.16231394601000382, 0.2746094889557405, 0.1915001173647049, -0.6286102642209639, 0.5699003504053233, -0.4749969301484656], [0.7537802258909518, 0.29678396456402106, 0.8017011967892679, 0.2678596701349637, 0.20438437768137774, 0.589347385523187, 0.6808413834592261, 0.35845592641159885, 0.39341366435187386, 0.28467142206955226, 0.5858695902089265, 0.884111781742939, 0.31014965727500315, -0.05081007477686851, 0.8094626309585241, 0.44778639075390164, 0.4258363556112865, 0.6696968322405299, 1.0, -0.14110866704078412, -0.038126110344511174, 0.6027740849707257, -0.12555109656406505, 0.37034244310533193, -0.06937082571520355, 0.32705370526043176, -0.08401740607299009, 0.6987077513268881, -0.13380432708435835], [0.06853058984011795, 0.8298030190630022, -0.6302425088471044, 0.7131968924391748, 0.8508554670628581, -0.12420160811444916, -0.6170150387344556, 0.10449971067418957, 0.08102588401075278, -0.21198023798549684, -0.7160173230048457, -0.5382404394324363, 0.20432360890731155, 0.6670215221732041, -0.4989781437584592, 0.10865344615848622, 0.021520326715716222, -0.5577375975705828, -0.14110866704078412, 1.0, 0.7235398594325335, -0.3474944007602958, 0.21581440109447672, -0.11821987419482045, 0.3673690200455563, 0.6797198828806839, 0.6032809259000192, 0.3236151162083604, 0.8209680569146354], [0.34680360227190377, 0.7062947531436311, -0.5387950512168307, 0.9356656542568034, 0.8875111717867306, -0.5850492174200707, -0.07590995940367846, -0.33196516059983094, 0.6955846409846197, 0.30466100020165826, -0.7813002071326093, -0.3080637702955451, -0.15151991518226487, 0.8700363044445291, -0.04521880632597592, 0.6957379515510075, 0.64840743995454, -0.0308492348373566, -0.038126110344511174, 0.7235398594325335, 1.0, -0.7298172901807993, 0.7856165204974679, -0.5691854054035891, 0.8563129006679122, 0.8825879049078718, 0.03604174775645022, 0.6583312296837567, 0.5324634983740959], [0.12437683897909636, -0.13300700368504922, 0.7541893002816646, -0.4681129115447329, -0.3786186439278341, 0.9556212481686053, 0.17904674287007002, 0.6378033824903475, -0.4741489396149645, -0.25654528404608035, 0.8329101836716417, 0.6112775690477421, 0.445680128517242, -0.6344925639222574, 0.29074863925007716, -0.413997653552308, -0.4288488159732214, 0.1472030760067925, 0.6027740849707257, -0.3474944007602958, -0.7298172901807993, 1.0, -0.8381413241367339, 0.7954697463072631, -0.7895462204200668, -0.4036399536459662, 0.23152658446357513, -0.10380423172670081, -0.23204763138644646], [0.29248073264432234, 0.1644681944676634, -0.3512886774489933, 0.6297739040787854, 0.43994631118774946, -0.8090800761813186, 0.29922218507212145, -0.6706646749141539, 0.8113645222003978, 0.5791677359758508, -0.5460308911274746, -0.17067901273833294, -0.4168269621380147, 0.6271130554764074, 0.22388701925376345, 0.7806727317403185, 0.7927940311495854, 0.3381579148272387, -0.12555109656406505, 0.21581440109447672, 0.7856165204974679, -0.8381413241367339, 1.0, -0.715285043017168, 0.8729253117279567, 0.6028967933355265, -0.44795297237467147, 0.5428451859452965, 0.06244259661190808], [-0.1733004944348809, -0.15659130070406238, 0.38700229853989404, -0.44426574642875005, -0.2779625309364266, 0.8557583690170559, -0.0955668383085487, 0.37716949856158044, -0.5983319404199159, -0.06052867529992358, 0.645133875749748, 0.21353565164544175, 0.29963811020235537, -0.684967334270555, -0.023293734773679617, -0.5398534675820943, -0.5945417260521247, -0.16231394601000382, 0.37034244310533193, -0.11821987419482045, -0.5691854054035891, 0.7954697463072631, -0.715285043017168, 1.0, -0.8365519621944152, -0.4044172689081635, 0.45187797637731886, -0.1805681108344061, -0.05467761702707429], [0.4974272855988002, 0.47453970661835654, -0.3384462802980074, 0.7952038282796917, 0.6182900429110415, -0.79545359239402, 0.19524029600400075, -0.3029676776503869, 0.8444739431043304, 0.23478496903580018, -0.6363780998172177, -0.12977550107662475, -0.09987786226363506, 0.8944787260978115, 0.16145895650604639, 0.7683662854256389, 0.8057709851206268, 0.2746094889557405, -0.06937082571520355, 0.3673690200455563, 0.8563129006679122, -0.7895462204200668, 0.8729253117279567, -0.8365519621944152, 1.0, 0.7883031543916293, -0.22193873494287245, 0.5785906256289475, 0.35258783266355587], [0.702745691962837, 0.8532658616164897, -0.1692889875992727, 0.9748587951480467, 0.9038204321744516, -0.30899203672422143, 0.10747178527376494, 0.06323757385722255, 0.7457110627219916, 0.13453408776050657, -0.4832782253782361, 0.030776315372919347, 0.24510296066131979, 0.8930627606932484, 0.19968505215697974, 0.7125176685807325, 0.6937788335274787, 0.1915001173647049, 0.32705370526043176, 0.6797198828806839, 0.8825879049078718, -0.4036399536459662, 0.6028967933355265, -0.4044172689081635, 0.7883031543916293, 1.0, 0.16716260032767238, 0.8283817266482072, 0.6169891334561096], [-0.04019929074108357, 0.4855770610233634, -0.2578862783526124, 0.11311040481109029, 0.2904164204771355, 0.3201864730346645, -0.6870730513074987, 0.6289591780085629, -0.47279074623393275, -0.6368131849546543, -0.11142087959888011, -0.3962034645045713, 0.6893738555226038, 0.1658748794321203, -0.5968622832710996, -0.5234472329122877, -0.543924935140895, -0.6286102642209639, -0.08401740607299009, 0.6032809259000192, 0.03604174775645022, 0.23152658446357513, -0.44795297237467147, 0.45187797637731886, -0.22193873494287245, 0.16716260032767238, 1.0, -0.14847039075325746, 0.8309163761634529], [0.81548921631845, 0.60566491506927, 0.2538365400734334, 0.8214988130472595, 0.6928196598917348, -0.029105754777664996, 0.5368212354834672, -0.07647730056276038, 0.8187981120704102, 0.49678914950493747, -0.07988478990483189, 0.45881051593035393, 0.048536169816662825, 0.5401621506998262, 0.6387667123180524, 0.8731182536133849, 0.8290123901323934, 0.5699003504053233, 0.6987077513268881, 0.3236151162083604, 0.6583312296837567, -0.10380423172670081, 0.5428451859452965, -0.1805681108344061, 0.5785906256289475, 0.8283817266482072, -0.14847039075325746, 1.0, 0.1808934131749855], [0.22681204818614295, 0.7573325831449962, -0.46231106320412235, 0.5701127585850432, 0.6516391048481769, -0.13919035386351603, -0.5778502553678321, 0.43515350582424234, 0.015337333626103544, -0.49693685051260617, -0.4970417640093985, -0.4709704681854452, 0.5998524967696877, 0.6799517341352965, -0.502151622676306, -0.0725275987179371, -0.07556462991843511, -0.4749969301484656, -0.13380432708435835, 0.8209680569146354, 0.5324634983740959, -0.23204763138644646, 0.06244259661190808, -0.05467761702707429, 0.35258783266355587, 0.6169891334561096, 0.8309163761634529, 0.1808934131749855, 1.0]]}, {"name": 1, "matrix": [[1.09, 0.43831024675790314, 0.5161879722066172, 0.6114810604236828, 0.35344121092095315, 0.0507957949814874, 0.5568019191526637, 0.31276930056537133, 0.6600881784996062, 0.09790310967461974, 0.19092736481719946, 0.5683853688727147, 0.48472845375399076, 0.4502783692885186, 0.6927422577566716, 0.6723733772226509, 0.7709262091880349, 0.6302869807230548, 0.7688558304087709, 0.06373344855130969, 0.3398675302264657, 0.10696408152202287, 0.3041799619500952, -0.15770344993574162, 0.43276173847095617, 0.6605809504450667, -0.04582719144483526, 0.701320726033867, 0.20186272288566723], [0.5340331742107786, 0.95, -0.19922972870916583, 0.7543616777269344, 0.83991808348354, 0.012069361003383397, -0.2162382865625985, 0.4176012320726987, 0.3824036260272358, -0.18197967853677563, -0.41899373060756545, -0.04901808111333569, 0.38704846705689505, 0.7065860694665816, -0.08687941458159103, 0.34432320916435205, 0.3264537650628518, -0.1471912147452049, 0.2760090870445396, 0.9459754417318225, 0.6144764352349591, -0.11438602316914233, 0.16611287641234002, -0.14719582266181863, 0.49826669194927437, 0.7594066168386758, 0.4807212904131298, 0.6480614591241189, 0.8482124931223958], [0.4777484423614436, -0.24502966634345685, 0.92, -0.2923536583015934, -0.4391913398855003, 0.5745919451132425, 0.6946965452071077, 0.42134454781235264, 0.11796668622530426, 0.09836511078328936, 0.9921756663944976, 0.9701210585446467, 0.3098752452387665, -0.3627437724900881, 0.6877402917845464, 0.1314643390846853, 0.16123785535511187, 0.6785275733543944, 0.9139393643397653, -0.567218257962394, -0.5980625068506821, 0.7013960492619482, -0.33021135680205366, 0.4373125973500802, -0.3046016522682067, -0.17944632685522907, -0.29399035732197815, 0.2512981746726991, -0.44381862067595745], [0.6474505345662523, 0.9000906381969104, -0.25174898353748315, 1.11, 0.8532205551878069, -0.2990828229632121, 0.059313897212054385, -0.06432447846422629, 0.6269614779274576, 0.19004172590662208, -0.5128528276640337, -0.031083324808532133, 0.06920760912750067, 0.9655891856768034, 0.1542505070108147, 0.8149449245920048, 0.6792280985228838, 0.12916540763186768, 0.2544666866282155, 0.7060649235147831, 0.8514557453736911, -0.44938839508294354, 0.6045829479156339, -0.45759371882161254, 0.7952038282796917, 1.1113390264687733, 0.10858598861864667, 0.9200786706129307, 0.5644116309991928], [0.38670626606645464, 0.9612395844311624, -0.4119847967067526, 1.004904209443417, 0.99, -0.18485318552341395, -0.19762624709465448, 0.01892767835359351, 0.5525336959072197, 0.1295931945950665, -0.6122640709463391, -0.13505334467212562, 0.08862402167437866, 0.7120696507817862, -0.05517978190969179, 0.5328037662348386, 0.4706947715779722, -0.161288511533824, 0.19212131502049506, 0.8848896857453724, 0.9673871772475364, -0.40512194900278253, 0.3959516800689745, -0.3113180346487978, 0.5440952377617165, 0.8315147976004955, 0.3020330772962209, 0.6235376939025613, 0.6646718869451405], [0.04750347493639099, 0.01246292712305894, 0.5207239502588761, -0.2990828229632121, -0.16960756197509114, 1.07, 0.04066652635694625, 0.500322515991938, -0.514035012077847, -0.16592812052780256, 0.6762339790035596, 0.512540042533853, 0.40407660969831755, -0.6548559718399585, 0.15329783532447008, -0.3497036006277786, -0.4015910024222799, -0.012572770549535069, 0.5834539116679551, -0.12047555987101569, -0.6552551235104792, 0.9651774606502913, -0.7928984746576923, 0.8215280342563737, -0.7795445205461397, -0.26573315158283045, 0.3265902024953578, -0.0325984453509848, -0.1294470290930699], [0.6631573419121614, -0.20228742936501148, 0.7702070392513585, 0.05696483197593342, -0.18713281804538084, 0.036029115456592736, 1.13, -0.13977028955582987, 0.6855733006673321, 0.5282967683366389, 0.4756677423718049, 0.8317548740026093, -0.11649233889580367, -0.09299984851707224, 0.9160808246870462, 0.6343440745952407, 0.6854778960126712, 1.0020143479745505, 0.599140417444119, -0.6848866929952458, -0.06831896346331062, 0.17725627544136932, 0.33213662543005484, -0.09938951184089065, 0.19719269896404076, 0.09457517104091315, -0.7008145123336488, 0.590503359031814, -0.49117271706265725], [0.31632349716270514, 0.40651447369908733, 0.3646250894529975, -0.06298438516288823, 0.022350769119668934, 0.5509169277214598, -0.1754893635534308, 0.87, -0.3436537043600889, -0.682677148365202, 0.3494339485807668, 0.2853411323865828, 0.9699239833837803, 0.046195780559804805, -0.036384819654094444, -0.4455184090172272, -0.3138337297771183, -0.08773640234156577, 0.304687537449859, 0.09300474250002873, -0.33860446381182757, 0.7079617545642858, -0.6907846151615785, 0.39979966847527526, -0.3362941221919295, 0.05817856794864475, 0.6604071369089911, -0.07035911651773955, 0.4569111811154545], [0.7031374075321892, 0.36755299977375094, 0.11355671664678821, 0.7154736865760399, 0.5314847932059923, -0.4341849131142979, 0.5958721211407653, -0.26458294052502423, 0.87, 0.5709893706268729, -0.22705893343803676, 0.309420900214995, -0.14532344009346776, 0.6285268137101986, 0.5751319954110625, 0.9343248429569198, 0.9394071972508539, 0.7143263084188867, 0.3383357513426115, 0.08183614285086031, 0.7512314122633893, -0.5263053229726107, 0.738341715202362, -0.6342318568451109, 0.7346923305007674, 0.700968398958672, -0.4302395790728788, 0.8351740743118184, 0.013650226927232154], [0.08578177228633349, -0.20261654929867803, 0.07593096270990758, 0.2298179010963802, 0.12844635216502168, -0.2074101506597532, 0.5106868760587508, -0.8207466839896249, 0.5266406816461449, 0.92, 0.020333241308706545, 0.2814071674305309, -0.620580276345016, -0.11264190098514851, 0.5618501744073682, 0.5888831083642274, 0.5510222244923428, 0.4418475211158623, 0.25620427986259703, -0.2141000403653518, 0.31075422020569143, -0.2411525670033155, 0.5502093491770582, -0.06113396205292282, 0.22774141996472616, 0.13991545127092683, -0.6877582397510267, 0.4520781260494931, -0.4323350599459674], [0.19736311868744216, -0.4677139318410033, 0.8298196482572161, -0.6425397496020653, -0.5542601063303702, 0.6898952715086821, 0.5030049689448972, 0.3870074914389138, -0.24598051122453987, 0.020908710402349182, 0.88, 0.8378471847407015, 0.33630296103664964, -0.6118150515075969, 0.6387915730332095, -0.23775110507970362, -0.17328634906152307, 0.48983662019306023, 0.6561739410339977, -0.6873766300846518, -0.8516172257745441, 0.757948267141194, -0.6115545980627716, 0.6902932470522304, -0.5981954138281846, -0.4832782253782361, -0.1058498356189361, -0.0806836378038802, -0.43242633468817665], [0.6990486720618446, -0.053280522949277924, 1.026632964867636, -0.035813395975047894, -0.17318605375601992, 0.41491336776550003, 0.7299073384104531, 0.31769940513145306, 0.3805521416437296, 0.26605768557068377, 0.6835069138674145, 1.14, 0.19066584480783086, -0.20881458050033533, 0.8137822367508023, 0.3287725186777218, 0.43197288477635587, 0.9445286333252468, 0.9194762530126567, -0.5382404394324363, -0.2895799440778124, 0.6357286718096519, -0.19286728439431622, 0.21140029512898734, -0.136264276130456, 0.02646763122071064, -0.40808956843970845, 0.5184558830012999, -0.4050346026394829], [0.43673553754072436, 0.3475537255204772, 0.35880291553962435, 0.07344480968632724, 0.08862402167437866, 0.38223463079570574, -0.14434920254480016, 0.9699239833837803, -0.13461539713921222, -0.6346843735346754, 0.3054494783727368, 0.20716577368543157, 0.88, 0.21665080810150517, -0.027710626564263548, -0.3126577907877602, -0.2432268755061124, -0.0065123687254140415, 0.3225556435660033, 0.20636684499638466, -0.1697023050041367, 0.39219851309517295, -0.43350004062353525, 0.33859106452866156, -0.08489618292408979, 0.2794173751539045, 0.6480114241912475, 0.0446532762313298, 0.6778333213497469], [0.45539516893952453, 0.6681846526477457, -0.4410634506413571, 0.8953645176275813, 0.9040884330150767, -0.5250646981419487, -0.08882008004439484, 0.04482362866198882, 0.7192420239364129, -0.11264190098514851, -0.6891709775602815, -0.20417425648921678, 0.1928192192103396, 0.96, -0.05859028958901514, 0.5527037468458085, 0.5198315859385376, 0.0030671817048270296, -0.051318175524637195, 0.5803087242906876, 0.8787366674889744, -0.6344925639222574, 0.7086377526883403, -0.7123660276413772, 0.9034235133587897, 0.8930627606932484, 0.14431114510594464, 0.4699410711088488, 0.775144976914238], [0.742733967079318, -0.08924885316108895, 0.7929241011163006, 0.1587000408668959, -0.065525991017759, 0.18576090633435788, 1.0427728536331273, -0.038117430113813223, 0.6699339726766222, 0.5406482810335052, 0.5155160063075025, 0.8960748224896475, -0.03263696017568818, -0.06510032176557237, 0.92, 0.5790221480849456, 0.736674067288796, 0.9841468687402357, 0.8499357625064503, -0.47402923657053625, -0.04341005407293688, 0.31400853039008336, 0.1947817067507742, -0.024458421512363597, 0.14531306085544174, 0.17172914485500257, -0.6804230029290534, 0.7218063849193991, -0.4469149441819123], [0.6990020258255282, 0.3780070013652126, 0.10185525370525167, 0.702796540473839, 0.4717533346870967, -0.40471315578271005, 0.5446388519252067, -0.3619837073264971, 0.8861637685776972, 0.5888831083642274, -0.24495568402151283, 0.37847069010574946, -0.3185569943875292, 0.5188647419368815, 0.6448201194582348, 1.11, 1.121090018648943, 0.573397814958586, 0.5015207576443699, 0.11951879077433486, 0.7305248491285579, -0.38501781780364647, 0.7962861863751248, -0.5830417449886619, 0.8144682625511773, 0.6127651949794299, -0.4449301479754445, 0.9080429837579204, -0.07107704674357836], [0.763788003547405, 0.32328431103311533, 0.14948092840213498, 0.7982680745526676, 0.5372576685687964, -0.5202428895015899, 0.6924019151643144, -0.34142350821906275, 0.8504107259323519, 0.6102719260506592, -0.18090333143785375, 0.38671858256169, -0.20630851047393461, 0.6016028466479706, 0.7710980891247211, 0.9047393132956383, 1.1, 0.806411929921579, 0.4130612649429479, 0.020013903845616087, 0.6743437375527216, -0.4245603278134892, 0.761082269903602, -0.5113058844048273, 0.7574247260133892, 0.6313387385100057, -0.5548034338437129, 0.7958518945270976, -0.0695194595249603], [0.644611684830397, -0.1783611190441895, 0.7689979164683136, 0.12683810298985204, -0.12591822391675733, -0.012572770549535069, 0.9528959975836411, -0.09179827282034193, 0.5728088322226921, 0.4709803247059191, 0.48462559231866603, 0.7125391444383442, -0.006878232136954156, 0.00335775681370538, 0.9262558764613983, 0.6581043103501952, 0.6264092669926551, 1.02, 0.6964847055301511, -0.5410054696434653, -0.034859635366212956, 0.15603526056720005, 0.3719737063099626, -0.16231394601000382, 0.2691172991766257, 0.21065012910117542, -0.5343187245878193, 0.5585023433972168, -0.48449686875143494], [0.6482509942662186, 0.31162316279222213, 0.7054970531745557, 0.25178808992686585, 0.2084720652350053, 0.6423886502202739, 0.5923320036095266, 0.4014706375809907, 0.3422698879861303, 0.3017517073937254, 0.6444565492298192, 0.8310650748383627, 0.3070481607022531, -0.04623716804695035, 0.9227873992927174, 0.4746535741991358, 0.37473599293793214, 0.7299695471421777, 1.04, -0.12135345365507434, -0.033550977103169836, 0.5726353807221894, -0.13810620622047157, 0.3666390186742786, -0.06520857617229132, 0.2976188717869929, -0.09409949480174891, 0.7336431388932325, -0.1378184568968891], [0.06921589573851913, 0.8629951398255223, -0.6491497841125176, 0.8130444573806592, 0.8168212483803438, -0.13786378500703858, -0.5861642867977328, 0.10658970488767337, 0.07373355444978504, -0.1950218189466571, -0.7303376694649426, -0.5113284174608145, 0.22884244197618897, 0.65368109172974, -0.48899858088329, 0.12386492862067429, 0.02388756265444501, -0.5298507176920537, -0.14816410039282332, 1.02, 0.8031292439701123, -0.35096934476789876, 0.19639110499597381, -0.1300418616143025, 0.3930848514487453, 0.7001114793671044, 0.6394777814540205, 0.3171428138841932, 0.763500292930611], [0.30171913397655625, 0.7839871759894306, -0.4687516945586427, 1.0292322196824837, 0.7543844960187209, -0.5206938035038629, -0.0743917602156049, -0.3153669025698394, 0.6190703304763115, 0.2681016801774593, -0.7969262112752615, -0.2957412194837233, -0.14848951687861958, 0.8787366674889744, -0.050645063085093034, 0.6192067768803967, 0.73270040714863, -0.029615265443862334, -0.04270124358585252, 0.7597168524041602, 1.13, -0.6860282527699513, 0.683486372832797, -0.6488713621600914, 0.7535553525877627, 0.9178914211041866, 0.03964592253209524, 0.6056647313090562, 0.4951910534879092], [0.13557075448721503, -0.12502658346394627, 0.6863122632563149, -0.5055619444683116, -0.3937633896849475, 0.8600591233517447, 0.15756113372566163, 0.6824496192646718, -0.40302659867271984, -0.25397983120561957, 0.857897489181791, 0.5746009149048775, 0.39665531438034535, -0.6979418203144832, 0.267488748110071, -0.38087784126812335, -0.44171428045241806, 0.16781150664774344, 0.584690862421604, -0.3127449606842662, -0.6933264256717593, 1.14, -0.7794714314471626, 0.8988808133272072, -0.7658598338074648, -0.34309396059907127, 0.2431029136867539, -0.0903096816022297, -0.1972404866784795], [0.3188039985823114, 0.14144264724219052, -0.33021135680205366, 0.5479032965485433, 0.400351143180852, -0.7928984746576923, 0.30520662877356386, -0.5834782671753139, 0.730228069980358, 0.5617927038965753, -0.5078087287485514, -0.1894537041395496, -0.4710144672159565, 0.6145707943668792, 0.24851459137167745, 0.7650592771055121, 0.8086499117725771, 0.36859212716169026, -0.11299598690765854, 0.23523769719297966, 0.7934726857024426, -0.7710900182057953, 0.85, -0.7081321925869963, 0.9602178429007525, 0.6390706009356582, -0.38971908596596416, 0.5157029266480316, 0.056822762916836356], [-0.1750334993792297, -0.13310260559845302, 0.38700229853989404, -0.3998391717858751, -0.2446070272240554, 0.8215280342563737, -0.09747817507471968, 0.36962610859034883, -0.5684153433989201, -0.06294982231192053, 0.5935231656897682, 0.20712958209607849, 0.33559468342663806, -0.684967334270555, -0.02375960946915321, -0.5776432103128409, -0.6658867331783798, -0.1574445276297037, 0.3444184720879587, -0.12058427167871687, -0.5862609675656968, 0.8829714184010621, -0.6866736412964812, 0.99, -0.8867450799260801, -0.4084614415972451, 0.47447187519618483, -0.1950135597011586, -0.0585050502189695], [0.5471700141586803, 0.469794309552173, -0.3790598339337683, 0.8349640196936763, 0.5255465364743853, -0.8034081283179603, 0.2069547137642408, -0.3059973544268908, 0.7684712882249407, 0.22304572058401015, -0.7063796907971117, -0.131073256087391, -0.10187541950890776, 0.9928713859685709, 0.14046929216026036, 0.7991009368426645, 0.8944057934838958, 0.2334180656123794, -0.07561420002957187, 0.40043223184965643, 0.9248179327213453, -0.8921872290746754, 0.8903838179625159, -0.7612622855969179, 1.13, 0.7488879966720479, -0.2263775096417299, 0.6306637819355528, 0.29969965776402246], [0.6957182350432086, 0.7850045926871705, -0.14728141921136723, 1.0138531469539687, 0.7863237759917729, -0.3244416385604325, 0.1063970674210273, 0.06007569516436142, 0.7382539520947717, 0.13587942863811164, -0.44461596734797726, 0.03169960483410693, 0.2279457534150274, 0.9466465263348434, 0.20767245424325892, 0.6127651949794299, 0.6660276801863796, 0.1800101103228226, 0.36957068694428785, 0.6049506957638087, 0.997324332545895, -0.39556715457304686, 0.5667229857353948, -0.4165497869754084, 0.8356013436551272, 1.12, 0.14877471429162842, 0.7455435539833865, 0.6478385901289151], [-0.03939530492626189, 0.5244232259052325, -0.2682017294867169, 0.12329034124408843, 0.3281705551391631, 0.3554069850684777, -0.6114950156636739, 0.6038008108882204, -0.40660004176118214, -0.6495494486537474, -0.10362141802695851, -0.3486590487640227, 0.5997552543046653, 0.14431114510594464, -0.5491133006094117, -0.5339161775705334, -0.5384856857894861, -0.5468909298722385, -0.07729601358715088, 0.5489856425690175, 0.038204252621837236, 0.22458078692966787, -0.5017073290596321, 0.4880282144875044, -0.22859689699115862, 0.15211796629818186, 1.02, -0.16034802201351808, 0.7727522298320113], [0.750250079012974, 0.5996082659185773, 0.2792201940807768, 0.7393489317425336, 0.6789632666939001, -0.031434215159878195, 0.5046119613544591, -0.08336025761340882, 0.7205423386219609, 0.4620139090395919, -0.0806836378038802, 0.4771629365675681, 0.055331233590995614, 0.5995799872768072, 0.549339372593525, 0.8207311583965817, 0.878753133540337, 0.6325893889499089, 0.6428111312207371, 0.34303202318086207, 0.5661648575280307, -0.1027661894094338, 0.613415060118185, -0.1679283430759977, 0.6133060631666843, 0.7538273712498685, -0.1336233516779317, 1.04, 0.19717382036073422], [0.21320332529497435, 0.7724792348078962, -0.4576879525720811, 0.6214229068576971, 0.5799588033148775, -0.1322308361703402, -0.4969512196163356, 0.4917234615813938, 0.016717693652452865, -0.5565692725741189, -0.46721925816883453, -0.5039384009584263, 0.6178480716727783, 0.7071498035007084, -0.4519364604086754, -0.06962649476921962, -0.07934286141435687, -0.5319965617662815, -0.1458467165219506, 0.8455970986220744, 0.5963591181789875, -0.2042019156200729, 0.06681357837474165, -0.06178570724059394, 0.3384843193570136, 0.5676300027796208, 0.8558438674483565, 0.18993808383373478, 0.9]]}, {"name": 2, "matrix": [[1.05, 0.5688756160226646, 0.5816312573254738, 0.5725623791263218, 0.40089720923325833, 0.11752121456719511, 0.566587819400054, 0.32861029569743744, 0.766748689644175, 0.14580443338555538, 0.24642683751338826, 0.5701204986426782, 0.548893208602397, 0.5323261494142946, 0.7329143908479164, 0.614666955210637, 0.79093261597821, 0.6304970053879374, 0.6818747081280521, 0.15533189810395526, 0.37344548073750433, 0.15918610218942855, 0.36063544705730083, -0.17640615915989763, 0.44588933240346673, 0.8208596631779722, 0.02307403667688812, 0.7646406674392541, 0.26565738836179303], [0.4758863326343444, 1.11, -0.10173799776788887, 0.8465139652327827, 0.9271980236873942, 0.06171770780666836, -0.131709475517254, 0.4044387103294646, 0.4334539297843014, -0.09438121471196678, -0.31652224426455544, 0.013033703063254335, 0.40192931272324944, 0.7820275970380638, 0.019833927257713255, 0.3436618311499177, 0.40547643066287176, -0.07179289824833825, 0.29329755263489304, 0.8454066260474472, 0.7536179063423564, -0.08563851474238031, 0.2084399625110448, -0.19245196026148328, 0.48904345626658485, 0.7631582629280029, 0.44192544452789884, 0.4463008608723612, 0.7504789561283838], [0.6165291327650023, -0.1075850091338595, 1.05, -0.144164941615148, -0.2467692592827993, 0.5475874723336757, 0.6555048489070254, 0.38936366049604854, 0.1821493178042405, 0.13032430008517518, 0.8583060356614672, 0.8566250894897153, 0.3049438581011613, -0.3112475449146258, 0.7968195390546756, 0.09469865406458917, 0.22883388735594473, 0.8377228268013716, 0.8300458540948733, -0.5595674352822293, -0.34042471700824956, 0.7516928838338283, -0.26049331382085555, 0.3175769620741317, -0.23547712199150386, -0.0679415546043389, -0.16469241482435823, 0.19493365233839774, -0.31218894562065347], [0.5598387707012924, 0.924255043672528, -0.1395144596275626, 1.14, 1.0142789685640055, -0.2573394586318755, 0.12605375939200697, -0.02643054849981891, 0.7103408309055138, 0.25489694142274044, -0.4482339162793862, 0.01923754299851078, 0.15103640992140854, 0.830330216760407, 0.2470304320235912, 0.6538717347120541, 0.7976567931602875, 0.20496786228903105, 0.2907286459787391, 0.7325978629270354, 1.051535913752258, -0.40563207583224337, 0.6586681007984955, -0.40915286998800104, 0.834247312637315, 0.9487588388751148, 0.175335914212301, 0.7292936622582346, 0.5276562044357878], [0.5253135845125454, 0.9740262067019092, -0.24933977240032848, 0.7982751141475969, 0.96, -0.10625611807249233, -0.06652292131591869, 0.03418586651827793, 0.5031832250050524, 0.2034615365844837, -0.5486472752805508, -0.07843001731627569, 0.14422081670091433, 0.6911809702390819, 0.03845143102987189, 0.496818607855014, 0.528216082491062, -0.03129015472503899, 0.2534499746162448, 0.7897331791588397, 0.7841971414666619, -0.3114295425055055, 0.4680855950035088, -0.25915942481074417, 0.6281154359255231, 0.9381186864003885, 0.28559212893346775, 0.542542315508887, 0.6477081954350811], [0.0964560912013771, 0.06810229826942715, 0.5475874723336757, -0.1975999414494758, -0.09230329448721557, 0.93, 0.0970805821762791, 0.5217441102179787, -0.40826855857866506, -0.1253935738126013, 0.7210504327391801, 0.5354384795465831, 0.3927313495212358, -0.5351134942249098, 0.22370623698639566, -0.2993953649493177, -0.302156563937619, 0.060614603830715486, 0.6838680756547959, -0.04936625402905808, -0.48444344890159263, 0.8521008289356714, -0.5819889255510639, 0.7392598269799275, -0.7447928928966381, -0.19935664663719316, 0.300569326614461, -0.002781807017331367, -0.06212822783686212], [0.6811786143348963, -0.14040727107028017, 0.7634703534328885, 0.1285748345798471, -0.06715049604531416, 0.10729959082641374, 0.93, -0.1608994134856353, 0.728478650461368, 0.6771621201237411, 0.631762386623969, 0.8825346163472724, -0.07768383310495781, -0.010798450444875636, 0.9763954138851387, 0.4738936922592969, 0.7028308126714085, 0.87381407554545, 0.6422547946023425, -0.525009785315608, 0.019139778393494886, 0.202181834270068, 0.3936208465338019, -0.08195987740188725, 0.23051644330375712, 0.20031322063946208, -0.6321468672226932, 0.41760503543335153, -0.4416041459783044], [0.38514540033355577, 0.40076199478101493, 0.385619779145125, -0.03503584336022506, 0.03101398199596348, 0.4690910348748799, -0.1548844821403779, 0.87, -0.3120569780856849, -0.6378398884969934, 0.2956171522215514, 0.24992559390051364, 1.021448206650127, 0.0646875981143623, -0.012970431334569904, -0.3477690510548539, -0.3408655294731343, -0.08059655716050322, 0.2961883681563872, 0.12681075758901522, -0.31580980092809635, 0.6089529964841156, -0.5359539006915459, 0.25018143661603376, -0.28342960721638155, 0.07711690997344116, 0.5562993989983035, -0.15536557133721635, 0.4157107068471325], [0.7876600175435614, 0.4211863657338023, 0.16668380968878613, 0.8107930696194249, 0.5423196980610009, -0.43656439927223595, 0.668329037120521, -0.28085128027711637, 0.99, 0.6388609740014944, -0.13182920977206408, 0.4019147373992185, -0.10880395889911204, 0.589960746843686, 0.6068663237789625, 0.6746717283479063, 0.9986507448445326, 0.6156869231419516, 0.42254416179711624, 0.1160937427286084, 0.6511202024339918, -0.4024253584722073, 0.7921147841206633, -0.5497632527502936, 0.715168106120256, 0.6488076316560087, -0.3656094307339681, 0.7078177565938353, 0.08615184261347304], [0.13306424017710877, -0.10304887728755559, 0.12882631962442603, 0.26751560188921275, 0.21279463459294623, -0.11106287966258972, 0.6647371270939477, -0.7310075126594755, 0.5442149037790508, 0.85, 0.10912208261552664, 0.3118975572516673, -0.658173439975802, -0.02824776349967104, 0.5882014558103272, 0.5234328622542448, 0.5854045802698037, 0.5252859308840829, 0.356317753175996, -0.1445072900024952, 0.35914690394459337, -0.21241110745067796, 0.5351008741412835, -0.030400518500761788, 0.23837232221518045, 0.1846052077138672, -0.5150336133720129, 0.38206162769786695, -0.31428833239881826], [0.2