{"times": [{"name": 0, "matrix": [[1.0, 0.3193316455941016, 0.7389123106094102, 0.465107585408702, 0.2806695312819966, 0.7520574210816464, 0.42543533915842535, 0.30519331358261187, 0.20754334596094157, 0.21126369732526507, 0.4015720333880771, 0.6766481125525317, 0.653392995643903, -0.15697424311081, 0.8224713823903926, 0.441242844573887, 0.6529843267944919, 0.5814056905392514, 0.4746581593671972, 0.0779722160901477, 0.23197305226715023, 0.7098171382999112, 0.006906900942031518, 0.5829373873964958, -0.11305457868568952, 0.2934781802997371, 0.24752001137013863, 0.227662079985707, -0.13023998710528034], [0.3193316455941016, 1.0, -0.32415088393295605, 0.860912338375992, 0.9880844318589385, 0.7307875131896715, -0.6453804931792692, -0.3257016993771445, 0.6097654516591012, -0.10765563535847494, -0.6583583609046803, 0.24026357689232328, -0.24755268917408044, 0.5836340004026608, -0.040522286309383274, 0.7142689443423755, 0.5639498805327627, -0.2635771819137442, 0.7552633137042175, 0.7984761380931752, 0.8337516018428921, 0.06845909186643157, 0.4990866722221858, 0.1909809184002986, 0.5470622662264153, 0.8452199700558085, 0.6019697906969261, 0.7513690483209805, 0.6225465907174667], [0.7389123106094102, -0.32415088393295605, 1.0, -0.09169338976784533, -0.3526431044521592, 0.32896758932089054, 0.791124240147771, 0.6776075755754113, -0.37914055407977393, 0.18621551725571203, 0.7999757117606268, 0.5606430130559168, 0.8131688941305366, -0.5869364166924644, 0.8657756331871261, -0.08374150142802743, 0.2523687519097091, 0.652932189723327, -0.08643529828106909, -0.4893640285285882, -0.3669254271681449, 0.7968868369338763, -0.5285852230860189, 0.34299292485275046, -0.6697388546986213, -0.33324327663077463, -0.3060207763238938, -0.40443600516203837, -0.7125996110754528], [0.465107585408702, 0.860912338375992, -0.09169338976784533, 1.0, 0.8136353107414354, 0.8657691728761602, -0.5396951765949586, -0.36659684697516487, 0.5947909140561031, -0.2742042991487887, -0.5889122452798573, 0.45281900060898916, -0.1010819384966853, 0.6045740913722072, 0.2563766143902917, 0.8663296811010741, 0.8421139924664829, 0.0656190613916652, 0.9188545324211235, 0.8637166708716342, 0.9405231131192673, 0.29003426119026676, 0.5128613617814222, 0.15249115051965562, 0.41444959357176464, 0.8215759157809824, 0.4396534978744669, 0.7386073378168696, 0.4645798266144629], [0.2806695312819966, 0.9880844318589385, -0.3526431044521592, 0.8136353107414354, 1.0, 0.6834684119109461, -0.635697028060797, -0.356985652677754, 0.5840106097869046, 0.009573790229115312, -0.6483646062341842, 0.12491496151288006, -0.3193872995769823, 0.5236883461323626, -0.07928183452249671, 0.714885655882464, 0.5086585956074466, -0.3275169958185392, 0.6714520519310695, 0.7523766551772834, 0.7809963461766986, 0.009698695858022886, 0.4987688245544867, 0.22720065842101492, 0.5401625041818233, 0.8293856198925076, 0.6691895354112433, 0.7494865687868681, 0.6346015633071623], [0.7520574210816464, 0.7307875131896715, 0.32896758932089054, 0.8657691728761602, 0.6834684119109461, 1.0, -0.23313682087681953, 0.10298864419326843, 0.25740106888136427, -0.08585316826584725, -0.17029299507496423, 0.5845822682342977, 0.3308893046579594, 0.1853548487004848, 0.49987668142718095, 0.67600680690661, 0.7489029077663161, 0.1336188877209756, 0.7313606958725294, 0.509098206743026, 0.6645994628926237, 0.6927843244164409, 0.10449886162381432, 0.42688999604380556, 0.008248973123582505, 0.5380588264301697, 0.3404278192632209, 0.4180890213730545, 0.057904653862216236], [0.42543533915842535, -0.6453804931792692, 0.791124240147771, -0.5396951765949586, -0.635697028060797, -0.23313682087681953, 1.0, 0.4750290820926441, -0.28599340682524454, 0.3680814026824059, 0.89767317064103, 0.2412179187940377, 0.5713381211687012, -0.6148075867652442, 0.6351075515064447, -0.3361337677445268, -0.07282361138501196, 0.6844007054146166, -0.40822410783371016, -0.699516100043256, -0.6792554935342804, 0.2766561453674864, -0.3691328620914893, 0.1869420457114903, -0.45588500020119793, -0.4583168509008349, -0.3054539035953396, -0.4324034835305507, -0.5345256680616666], [0.30519331358261187, -0.3257016993771445, 0.6776075755754113, -0.36659684697516487, -0.356985652677754, 0.10298864419326843, 0.4750290820926441, 1.0, -0.7421031232343608, 0.042366256632081024, 0.6872453906148822, 0.3159487041853671, 0.7824932628876523, -0.676420367571024, 0.3056633845041094, -0.583576901506583, -0.3263922804625986, 0.04268122199240201, -0.4129132635258429, -0.6840691783439655, -0.588899883450166, 0.7066158512668588, -0.9091841456577079, 0.19972694348859862, -0.816374816364938, -0.6417503662736073, -0.494773929469989, -0.7640711234477218, -0.8452283467973347], [0.20754334596094157, 0.6097654516591012, -0.37914055407977393, 0.5947909140561031, 0.5840106097869046, 0.25740106888136427, -0.28599340682524454, -0.7421031232343608, 1.0, -0.12961359924352744, -0.5467330397274627, 0.23267037252000203, -0.3900775992892062, 0.7815154158145231, 0.04348889251544553, 0.7131691848965978, 0.632169307722638, 0.26698936081183205, 0.7646012320665694, 0.7977473380879266, 0.7397430267518236, -0.40833585782596343, 0.9457792649208954, -0.04464234935094476, 0.9273523423787439, 0.8977143406380187, 0.5340442070811523, 0.9423333104761928, 0.901603547234432], [0.21126369732526507, -0.10765563535847494, 0.18621551725571203, -0.2742042991487887, 0.009573790229115312, -0.08585316826584725, 0.3680814026824059, 0.042366256632081024, -0.12961359924352744, 1.0, 0.4845193452709626, -0.5369070442430133, 0.09815165633789313, -0.6533648704829502, -0.003968397090381406, 0.05654168150520365, -0.2613701791789709, -0.14984252921696578, -0.4309540288497694, -0.4569189881961879, -0.3639647091946435, -0.05112518134667657, -0.0389486007446071, 0.7485167078574718, -0.10063804772224591, -0.19041644249690848, 0.6204305738439904, -0.002907460136561657, -0.03500679081205735], [0.4015720333880771, -0.6583583609046803, 0.7999757117606268, -0.5889122452798573, -0.6483646062341842, -0.17029299507496423, 0.89767317064103, 0.6872453906148822, -0.5467330397274627, 0.4845193452709626, 1.0, 0.09093503667345369, 0.7634954048215498, -0.8571958089248646, 0.4634807687160108, -0.47282567762170974, -0.29068840395138396, 0.414600574165794, -0.5429404400840842, -0.8567247695413946, -0.7537328215522406, 0.4484383245596835, -0.6014656880709401, 0.4404987193488303, -0.652096940116248, -0.6879355214992401, -0.24231411623712115, -0.6251064663889189, -0.7127417538656208], [0.6766481125525317, 0.24026357689232328, 0.5606430130559168, 0.45281900060898916, 0.12491496151288006, 0.5845822682342977, 0.2412179187940377, 0.3159487041853671, 0.23267037252000203, -0.5369070442430133, 0.09093503667345369, 1.0, 0.5108140964844828, 0.28835728278239176, 0.7461982905100588, 0.23338703163029637, 0.6806752472145836, 0.6801588004070072, 0.6134436630005443, 0.2795706698233449, 0.3116670419130681, 0.6075683238032733, -0.03604851432953347, -0.13584383581263806, -0.06954723336682421, 0.319196823714861, -0.3506535491315993, 0.12013350081485269, -0.14971137374052199], [0.653392995643903, -0.24755268917408044, 0.8131688941305366, -0.1010819384966853, -0.3193872995769823, 0.3308893046579594, 0.5713381211687012, 0.7824932628876523, -0.3900775992892062, 0.09815165633789313, 0.7634954048215498, 0.5108140964844828, 1.0, -0.5666050377880981, 0.5390276099723624, -0.2416431938108806, 0.038413893667958936, 0.4093454662555017, -0.03861931436313742, -0.47329402582373215, -0.29144190147665555, 0.8015765294260666, -0.5539808718546765, 0.5009200067298523, -0.5696043756496418, -0.42950547176170156, -0.23332665708855707, -0.4420881714434786, -0.6480261978264343], [-0.15697424311081, 0.5836340004026608, -0.5869364166924644, 0.6045740913722072, 0.5236883461323626, 0.1853548487004848, -0.6148075867652442, -0.676420367571024, 0.7815154158145231, -0.6533648704829502, -0.8571958089248646, 0.28835728278239176, -0.5666050377880981, 1.0, -0.15569365615322747, 0.49995397319917007, 0.5235850294418812, 0.05100782173422673, 0.7464644915989341, 0.9074775944269784, 0.7848795154935514, -0.40426871302990014, 0.7394996201855738, -0.5319617206092967, 0.7781273486899567, 0.7993378381098601, 0.09829162944169194, 0.7175858910551677, 0.7607000641643807], [0.8224713823903926, -0.040522286309383274, 0.8657756331871261, 0.2563766143902917, -0.07928183452249671, 0.49987668142718095, 0.6351075515064447, 0.3056633845041094, 0.04348889251544553, -0.003968397090381406, 0.4634807687160108, 0.7461982905100588, 0.5390276099723624, -0.15569365615322747, 1.0, 0.2940542987636281, 0.6591526929198078, 0.8342896510932999, 0.3034888141303181, -0.05400112437185989, 0.014946668908452592, 0.6614145690952453, -0.12438818415697664, 0.15798968350651604, -0.32285337081598825, 0.12400769165119319, -0.1907670913420809, 0.0073744763145128095, -0.3591841359137592], [0.441242844573887, 0.7142689443423755, -0.08374150142802743, 0.8663296811010741, 0.714885655882464, 0.67600680690661, -0.3361337677445268, -0.583576901506583, 0.7131691848965978, 0.05654168150520365, -0.47282567762170974, 0.23338703163029637, -0.2416431938108806, 0.49995397319917007, 0.2940542987636281, 1.0, 0.8443127551741049, 0.19228472838083713, 0.7922252941880121, 0.7692451478879022, 0.826404318991551, 0.06682600915253917, 0.7003112203986828, 0.2439641767695614, 0.5223435916271765, 0.8377978560599614, 0.635574973499946, 0.8739249060587427, 0.575898329924525], [0.6529843267944919, 0.5639498805327627, 0.2523687519097091, 0.8421139924664829, 0.5086585956074466, 0.7489029077663161, -0.07282361138501196, -0.3263922804625986, 0.632169307722638, -0.2613701791789709, -0.29068840395138396, 0.6806752472145836, 0.038413893667958936, 0.5235850294418812, 0.6591526929198078, 0.8443127551741049, 1.0, 0.5722252151710118, 0.8764734607605915, 0.7013591236276707, 0.7451921603698956, 0.3358913682152066, 0.513531826245781, 0.044924805047975455, 0.32468026657306825, 0.7605896142395117, 0.22588587913888453, 0.6757232368242115, 0.3230420906745503], [0.5814056905392514, -0.2635771819137442, 0.652932189723327, 0.0656190613916652, -0.3275169958185392, 0.1336188877209756, 0.6844007054146166, 0.04268122199240201, 0.26698936081183205, -0.14984252921696578, 0.414600574165794, 0.6801588004070072, 0.4093454662555017, 0.05100782173422673, 0.8342896510932999, 0.19228472838083713, 0.5722252151710118, 1.0, 0.3038643233765301, -0.012081975651333182, -0.00932079824765337, 0.28427375755829515, 0.1439142922739638, -0.06951370826145423, -0.03023464947160121, 0.11740554297985761, -0.27876922337609883, 0.093991495827309, -0.13933355573810685], [0.4746581593671972, 0.7552633137042175, -0.08643529828106909, 0.9188545324211235, 0.6714520519310695, 0.7313606958725294, -0.40822410783371016, -0.4129132635258429, 0.7646012320665694, -0.4309540288497694, -0.5429404400840842, 0.6134436630005443, -0.03861931436313742, 0.7464644915989341, 0.3034888141303181, 0.7922252941880121, 0.8764734607605915, 0.3038643233765301, 1.0, 0.8890110453431943, 0.9304719128977729, 0.17696110108413365, 0.6403829538102465, 0.01603492632018325, 0.5731859072733739, 0.8527802018842207, 0.3179947092374915, 0.7838556131748747, 0.5577424640635517], [0.0779722160901477, 0.7984761380931752, -0.4893640285285882, 0.8637166708716342, 0.7523766551772834, 0.509098206743026, -0.699516100043256, -0.6840691783439655, 0.7977473380879266, -0.4569189881961879, -0.8567247695413946, 0.2795706698233449, -0.47329402582373215, 0.9074775944269784, -0.05400112437185989, 0.7692451478879022, 0.7013591236276707, -0.012081975651333182, 0.8890110453431943, 1.0, 0.9660385388837047, -0.1838579684261547, 0.7690766253153716, -0.20074032168648415, 0.736836124095917, 0.9092318937176778, 0.3783861055038796, 0.8518192471844211, 0.7632836397232267], [0.23197305226715023, 0.8337516018428921, -0.3669254271681449, 0.9405231131192673, 0.7809963461766986, 0.6645994628926237, -0.6792554935342804, -0.588899883450166, 0.7397430267518236, -0.3639647091946435, -0.7537328215522406, 0.3116670419130681, -0.29144190147665555, 0.7848795154935514, 0.014946668908452592, 0.826404318991551, 0.7451921603698956, -0.00932079824765337, 0.9304719128977729, 0.9660385388837047, 1.0, 0.0011626949277025614, 0.7075196712928186, 0.018862015839956187, 0.6480526545835283, 0.8672171101427482, 0.4683207576095661, 0.8344104073125346, 0.6784805931870161], [0.7098171382999112, 0.06845909186643157, 0.7968868369338763, 0.29003426119026676, 0.009698695858022886, 0.6927843244164409, 0.2766561453674864, 0.7066158512668588, -0.40833585782596343, -0.05112518134667657, 0.4484383245596835, 0.6075683238032733, 0.8015765294260666, -0.40426871302990014, 0.6614145690952453, 0.06682600915253917, 0.3358913682152066, 0.28427375755829515, 0.17696110108413365, -0.1838579684261547, 0.0011626949277025614, 1.0, -0.5673937728351909, 0.39847585375212896, -0.6629824442617126, -0.18900135346822047, -0.21438205001822044, -0.3179051220943035, -0.6619312691477842], [0.006906900942031518, 0.4990866722221858, -0.5285852230860189, 0.5128613617814222, 0.4987688245544867, 0.10449886162381432, -0.3691328620914893, -0.9091841456577079, 0.9457792649208954, -0.0389486007446071, -0.6014656880709401, -0.03604851432953347, -0.5539808718546765, 0.7394996201855738, -0.12438818415697664, 0.7003112203986828, 0.513531826245781, 0.1439142922739638, 0.6403829538102465, 0.7690766253153716, 0.7075196712928186, -0.5673937728351909, 1.0, -0.04150805255992685, 0.941025692135473, 0.8122967594893301, 0.5994776700787372, 0.9227256890003573, 0.9351012095796918], [0.5829373873964958, 0.1909809184002986, 0.34299292485275046, 0.15249115051965562, 0.22720065842101492, 0.42688999604380556, 0.1869420457114903, 0.19972694348859862, -0.04464234935094476, 0.7485167078574718, 0.4404987193488303, -0.13584383581263806, 0.5009200067298523, -0.5319617206092967, 0.15798968350651604, 0.2439641767695614, 0.044924805047975455, -0.06951370826145423, 0.01603492632018325, -0.20074032168648415, 0.018862015839956187, 0.39847585375212896, -0.04150805255992685, 1.0, -0.106641165426496, -0.049110203492497034, 0.6734082375378562, 0.09933740020153352, -0.06739731151620257], [-0.11305457868568952, 0.5470622662264153, -0.6697388546986213, 0.41444959357176464, 0.5401625041818233, 0.008248973123582505, -0.45588500020119793, -0.816374816364938, 0.9273523423787439, -0.10063804772224591, -0.652096940116248, -0.06954723336682421, -0.5696043756496418, 0.7781273486899567, -0.32285337081598825, 0.5223435916271765, 0.32468026657306825, -0.03023464947160121, 0.5731859072733739, 0.736836124095917, 0.6480526545835283, -0.6629824442617126, 0.941025692135473, -0.106641165426496, 1.0, 0.7797491264517276, 0.5629762426583463, 0.8655359075538502, 0.9845239396668289], [0.2934781802997371, 0.8452199700558085, -0.33324327663077463, 0.8215759157809824, 0.8293856198925076, 0.5380588264301697, -0.4583168509008349, -0.6417503662736073, 0.8977143406380187, -0.19041644249690848, -0.6879355214992401, 0.319196823714861, -0.42950547176170156, 0.7993378381098601, 0.12400769165119319, 0.8377978560599614, 0.7605896142395117, 0.11740554297985761, 0.8527802018842207, 0.9092318937176778, 0.8672171101427482, -0.18900135346822047, 0.8122967594893301, -0.049110203492497034, 0.7797491264517276, 1.0, 0.5348803333604477, 0.9409922283564094, 0.8124303067323045], [0.24752001137013863, 0.6019697906969261, -0.3060207763238938, 0.4396534978744669, 0.6691895354112433, 0.3404278192632209, -0.3054539035953396, -0.494773929469989, 0.5340442070811523, 0.6204305738439904, -0.24231411623712115, -0.3506535491315993, -0.23332665708855707, 0.09829162944169194, -0.1907670913420809, 0.635574973499946, 0.22588587913888453, -0.27876922337609883, 0.3179947092374915, 0.3783861055038796, 0.4683207576095661, -0.21438205001822044, 0.5994776700787372, 0.6734082375378562, 0.5629762426583463, 0.5348803333604477, 1.0, 0.6990173480132978, 0.6420781141832956], [0.227662079985707, 0.7513690483209805, -0.40443600516203837, 0.7386073378168696, 0.7494865687868681, 0.4180890213730545, -0.4324034835305507, -0.7640711234477218, 0.9423333104761928, -0.002907460136561657, -0.6251064663889189, 0.12013350081485269, -0.4420881714434786, 0.7175858910551677, 0.0073744763145128095, 0.8739249060587427, 0.6757232368242115, 0.093991495827309, 0.7838556131748747, 0.8518192471844211, 0.8344104073125346, -0.3179051220943035, 0.9227256890003573, 0.09933740020153352, 0.8655359075538502, 0.9409922283564094, 0.6990173480132978, 1.0, 0.8891150296960184], [-0.13023998710528034, 0.6225465907174667, -0.7125996110754528, 0.4645798266144629, 0.6346015633071623, 0.057904653862216236, -0.5345256680616666, -0.8452283467973347, 0.901603547234432, -0.03500679081205735, -0.7127417538656208, -0.14971137374052199, -0.6480261978264343, 0.7607000641643807, -0.3591841359137592, 0.575898329924525, 0.3230420906745503, -0.13933355573810685, 0.5577424640635517, 0.7632836397232267, 0.6784805931870161, -0.6619312691477842, 0.9351012095796918, -0.06739731151620257, 0.9845239396668289, 0.8124303067323045, 0.6420781141832956, 0.8891150296960184, 1.0]]}, {"name": 1, "matrix": [[0.95, 0.3161383291381606, 0.8349709109886334, 0.48836296467913715, 0.27224944534353673, 0.8347837374006276, 0.40841792559208834, 0.25941431654522007, 0.2220713801782075, 0.19224996456599122, 0.37747771138479247, 0.771378848309886, 0.5553840462973175, -0.16796244012856673, 0.8306960962142965, 0.4235931307909315, 0.7117529162059962, 0.5581494629176813, 0.4746581593671972, 0.06861555015932998, 0.22501386069913573, 0.6459335958529192, 0.007045038960872148, 0.6354017522621804, -0.12662112812797227, 0.3110868711177213, 0.23019361057422894, 0.21855559678627873, -0.11070398903948829], [0.3448781772416297, 1.03, -0.29173579553966045, 0.9470035722135913, 1.1264162523191898, 0.745403263453465, -0.5808424438613422, -0.3419867843460017, 0.6524490332752384, -0.1151915298335682, -0.5859389412051654, 0.23065303381663033, -0.2673569043080069, 0.5777976603986341, -0.043358846351040106, 0.7142689443423755, 0.6316238661966943, -0.274120269190294, 0.7401580474301331, 0.9022780360452879, 0.842089117861321, 0.06708991002910293, 0.4391962715555235, 0.18525149084828962, 0.48141479427924544, 0.8452199700558085, 0.668186467673588, 0.8039648817034492, 0.5789683293672441], [0.7536905568215985, -0.3144263574149674, 1.11, -0.09077645587016688, -0.3314845181850296, 0.3454159687869351, 0.822769209753682, 0.6301750452851326, -0.42084601502854907, 0.18621551725571203, 0.7919759546430205, 0.5045787117503251, 0.8375639609544527, -0.5869364166924644, 0.8398023641915123, -0.07955442635662606, 0.26246350198609747, 0.7378133743873595, -0.07779176845296218, -0.49915130909915995, -0.39261020706991506, 0.7251670216098275, -0.47044084854655677, 0.38415207583508054, -0.723317963074511, -0.34657300769600563, -0.2692982831650265, -0.452968325781483, -0.75535558773998], [0.48836296467913715, 0.9556126955973512, -0.08527485248409616, 0.97, 0.8136353107414354, 0.8484537894186369, -0.5558860318928074, -0.41425443708193627, 0.6066867323372251, -0.28243042812325236, -0.6419143473550445, 0.3984807205359105, -0.11017931296138699, 0.5501624231487086, 0.2897055742610296, 0.9269727587781493, 0.7663237331444994, 0.06233810832208194, 1.0383056216358695, 0.8378051707454851, 0.8934969574633039, 0.2697318629069481, 0.533375816252679, 0.1738399115924074, 0.41444959357176464, 0.8544389524122218, 0.4264638929382329, 0.6942908975478573, 0.4552882300821736], [0.3031230937845564, 0.9090376773102234, -0.3385373802740728, 0.6997263672376344, 1.14, 0.608286886600742, -0.6039121766577571, -0.356985652677754, 0.6599319890592021, 0.008999362815368393, -0.661331898358868, 0.14240305612468326, -0.3481321565389107, 0.4870301619030972, -0.08245310790339658, 0.69343908620599, 0.43235980626632964, -0.33406733573491, 0.6445939698538267, 0.8276143206950117, 0.6716568577119607, 0.010765552402405404, 0.4788180715723072, 0.24992072426311643, 0.6157852547672785, 0.8293856198925076, 0.7361084889523677, 0.6970225089717874, 0.6155635164079475], [0.6392488079193994, 0.6723245121344978, 0.30265018217521933, 0.761876872131021, 0.7791539895784785, 1.13, -0.20749177058036938, 0.10916796284486455, 0.2651231009478052, -0.09014582667913962, -0.17029299507496423, 0.5611989775049258, 0.2944914811455839, 0.20203678508352843, 0.4598865469130065, 0.5948859900778167, 0.8237931985429477, 0.12560175445771707, 0.6582246262852764, 0.5752809736196193, 0.7111214252951075, 0.609650205486468, 0.10658883885629061, 0.4439655958855578, 0.008743911510997456, 0.5542005912230747, 0.2961722027590022, 0.4389934724417072, 0.060220840016704885], [0.3828918052425828, -0.5550272241341715, 0.7753017553448156, -0.5774738389566058, -0.5975552063771491, -0.23779955729435592, 1.1, 0.4750290820926441, -0.2573940661427201, 0.38280465878970216, 0.7899523901641065, 0.24363009798197807, 0.5656247399570142, -0.5410306763534148, 0.6478097025365737, -0.3092430663249647, -0.07209537527116185, 0.6501806701438858, -0.43271755430373277, -0.6435548120397956, -0.7132182682109944, 0.29602207554321047, -0.4208114627842978, 0.173856102511686, -0.5014735002213178, -0.48123269344587666, -0.26574489612794544, -0.4194313790246342, -0.4917636146167333], [0.3418165112125253, -0.3419867843460017, 0.6098468180178702, -0.3299371622776484, -0.37483493531164175, 0.09165989333200891, 0.41327530142060037, 1.01, -0.7643662169313916, 0.039400618667835355, 0.7559699296763704, 0.3507030616457575, 0.672944206083381, -0.7237697933009957, 0.28732358143386283, -0.6244272846120439, -0.37208719972736237, 0.03969353645293387, -0.4418171919726519, -0.7319540208280432, -0.6654568682986874, 0.6995496927541902, -0.9819188773103246, 0.16976790196530883, -0.9225035424923799, -0.6417503662736073, -0.4898261901752891, -0.8251968133235396, -0.777610079053548], [0.21584507979937922, 0.6036677971425102, -0.3867233651613694, 0.5412597317910538, 0.5606501853954283, 0.24967903681492334, -0.30029307716650677, -0.6604717796785811, 1.12, -0.12961359924352744, -0.5357983789329134, 0.22569026134440195, -0.3393675113816094, 0.6955487200749256, 0.03870511433874652, 0.634720574557972, 0.5436656046414687, 0.26965925441995037, 0.7798932567079008, 0.8456121783732022, 0.8433070504970788, -0.4287526507172616, 0.9646948502193133, -0.043749502363925864, 1.0015405297690434, 0.7720343329486961, 0.582108185718456, 1.0271433084190502, 0.7663630151492672], [0.21971424521827568, -0.0958135154690427, 0.18062905173804067, -0.2714622561573008, 0.009956741838279924, -0.08671169994850572, 0.41225117100429465, 0.047450207427930755, -0.11405996733430415, 1.13, 0.4893645387236722, -0.5744905373400242, 0.09520710664775633, -0.6141629782539731, -0.0038096612067661496, 0.05088751335468329, -0.25352907380360173, -0.17082048330734098, -0.4869780526002394, -0.3883811399667597, -0.3457664737349113, -0.050102677719743034, -0.03933808675205317, 0.8533090469575177, -0.09560614533613361, -0.201841429046723, 0.6638607140130697, -0.0028202363324648073, -0.03885753780138366], [0.36944627071703096, -0.5859389412051654, 0.9119723114071144, -0.6124687350910516, -0.7132010668576028, -0.16348127527196565, 0.8707429755217991, 0.6047759437410963, -0.5084617269465403, 0.5378164732507685, 1.06, 0.09275373740692276, 0.7405905426769033, -0.7800481861216267, 0.49592442252613156, -0.42081485308332167, -0.3313847805045777, 0.36070249952424077, -0.49950520487735744, -0.7710522925872552, -0.7838821344143303, 0.4215320250861025, -0.5533484330252649, 0.39644884741394726, -0.6651388789185729, -0.7773671392941413, -0.2495835397242348, -0.531340496430581, -0.7626336766362143], [0.771378848309886, 0.23305566958555357, 0.5382172925336801, 0.4347062405846296, 0.1374064576641681, 0.514432396046182, 0.2267448436663954, 0.34754357460390384, 0.2605908172224023, -0.4724781989338517, 0.07911348190590471, 1.1, 0.5108140964844828, 0.2710558458154482, 0.6939644101743547, 0.256725734793326, 0.707902257103167, 0.6937619764151474, 0.693191339190615, 0.23763506934984316, 0.3272503940087215, 0.6136440070413061, -0.03712996975941947, -0.12225945223137426, -0.060506093029137065, 0.3064289507662666, -0.3611731556055473, 0.13094551588818945, -0.136237350103875], [0.7318001551211714, -0.24755268917408044, 0.7725104494240097, -0.08693046710714936, -0.33535666455583146, 0.3143448394250614, 0.49706416541677007, 0.7590184650010228, -0.3822760473034221, 0.09324407352099848, 0.7329555886286877, 0.4393001229766552, 0.85, -0.5326087355208122, 0.5336373338726388, -0.21506244249168374, 0.03495664323784263, 0.45437346754360697, -0.039777893794031544, -0.43069756349959626, -0.29435632049142213, 0.7775292335432846, -0.6149187677586909, 0.4959108066625537, -0.5639083318931454, -0.42091536232646753, -0.23565992365944263, -0.46419258001565256, -0.6350656738699056], [-0.16482295526635052, 0.5135979203543415, -0.5751976883586152, 0.5803911277173189, 0.5498727634389807, 0.17238000929145086, -0.52873452461811, -0.6020141271382113, 0.844036649079685, -0.6533648704829502, -0.7714762280323781, 0.3085422925771592, -0.5099445340092883, 0.91, -0.1743768948916148, 0.5449498307870954, 0.5288208797363001, 0.05100782173422673, 0.8211109407588276, 1.0163749057582159, 0.6828451784793897, -0.3436284060754151, 0.6433646695614492, -0.489404782960553, 0.6691895198733627, 0.7194040542988741, 0.09042829908635659, 0.7032341732340643, 0.7607000641643807], [0.9293926621011436, -0.04457451494032161, 0.7878558262002848, 0.22304765451955377, -0.08166028955817162, 0.4798816141700937, 0.6224054004763158, 0.3331730891094793, 0.04827267069214454, -0.0036112413522470794, 0.4171326918444097, 0.7088883759845559, 0.4851248489751262, -0.1728199583300825, 0.91, 0.2675894118749016, 0.593237423627827, 0.8760041336479649, 0.2913492615651054, -0.05832121432160868, 0.013003601950353756, 0.6415721320223879, -0.13185147520639523, 0.1516700961662554, -0.29056803373438944, 0.12896799931724093, -0.18504407860181846, 0.007816944893383578, -0.352000453195484], [0.3971185601164983, 0.7785531493331894, -0.08541633145658797, 0.8230131970460204, 0.7792253649118858, 0.7233272833900727, -0.3596631314866437, -0.5368907493860564, 0.7416959522924617, 0.06106501602561995, -0.42081485308332167, 0.21938380973247856, -0.2440596257489894, 0.42496087721929454, 0.32051918565235465, 0.92, 0.8105402449671406, 0.20766750665130412, 0.7922252941880121, 0.8077074052822973, 0.7189717575226493, 0.07551339034236926, 0.6302800983588145, 0.26592095267882193, 0.47010923246445885, 0.7707740275751646, 0.6101519745599481, 0.7428361701499313, 0.6104522297199966], [0.6138052671868224, 0.5470313841167799, 0.23217925175693238, 0.8000082928431587, 0.5137451815635211, 0.8312822276206109, -0.06190006967726017, -0.3394479716811026, 0.5373439115642423, -0.29273460068044743, -0.2587126795167317, 0.7147090095753128, 0.03918217154131812, 0.5707076820916506, 0.5800543697694309, 0.8105402449671406, 1.0, 0.6351699888398231, 0.8326497877225619, 0.6031688463197968, 0.670672944332906, 0.36276267767242315, 0.5751556453952748, 0.044924805047975455, 0.275978226587108, 0.6617129643883751, 0.219109302764718, 0.6959949339289379, 0.2810466188868588], [0.5058229507691487, -0.25039832281805696, 0.6855787992094934, 0.06758763323341517, -0.3275169958185392, 0.14163602098423414, 0.7665287900643707, 0.04822978085141427, 0.28834850967677866, -0.1693220580151713, 0.3772865224908725, 0.6869603884110772, 0.39297164760528164, 0.0499876652995422, 0.7258319964511709, 0.17113340825894505, 0.6237254845364029, 0.89, 0.3008256801427648, -0.010390499060146536, -0.008202302457934966, 0.27858828240712924, 0.13527943473752596, -0.07576994200498512, -0.027211184524441087, 0.11388337669046188, -0.24252922433720597, 0.09775115566040135, -0.14351356241025007], [0.4746581593671972, 0.732605414293091, -0.07779176845296218, 0.9923628950148135, 0.617735887776584, 0.8044967654597824, -0.42047083106872146, -0.3922676003495507, 0.7722472443872351, -0.40940632740728095, -0.5429404400840842, 0.693191339190615, -0.044026018373976655, 0.8211109407588276, 0.318663254836834, 0.8080698000717724, 0.8151203185073501, 0.27043924780511175, 0.95, 1.0045824812378095, 1.0142143850585725, 0.18757876714918167, 0.7044212491912711, 0.017638418952201577, 0.5617221891279064, 0.7675021816957986, 0.2734754499442427, 0.681954383462141, 0.5577424640635517], [0.06783582799842851, 0.8224304222359705, -0.45510854653158705, 0.9759998380849465, 0.7975192544879204, 0.4989162426081654, -0.6435548120397956, -0.6088215687261294, 0.8137022848496852, -0.4340730387863785, -0.9252627511047062, 0.3075277368056794, -0.4969587271149188, 0.9074775944269784, -0.057781203077890086, 0.8461696626766925, 0.694345532391394, -0.010752958329686532, 0.791219830355443, 1.07, 0.9950196950502159, -0.20408234495303174, 0.7383135603027566, -0.19471811203588962, 0.8399931814693453, 0.7819394285972029, 0.4275762992193839, 0.9625557493183958, 0.8472448400927817], [0.22965332174447872, 0.9004517299903235, -0.41829498697168516, 1.0439806555623867, 0.6716568577119607, 0.6911834414083287, -0.6452927188575663, -0.5830108846156643, 0.6657687240766412, -0.41128012138994713, -0.6783595393970165, 0.3459504165235056, -0.25938329231422347, 0.7299379494090028, 0.013452002017607333, 0.942100923650368, 0.7377402387661965, -0.01006646210746564, 1.0514332615744832, 1.0626423927720752, 0.98, 0.0012557105219187664, 0.7075196712928186, 0.017164434414360132, 0.5573252829418344, 0.8151840835341833, 0.5011032106422357, 0.8510986154587853, 0.6920502050507564], [0.7027189669169122, 0.06640531911043862, 0.7251670216098275, 0.30453597424978013, 0.010571578485244947, 0.7135678541489341, 0.2738895839138115, 0.65008658316551, -0.4491694436085598, -0.056748951294810994, 0.4035944921037152, 0.6318710567554042, 0.865702651780152, -0.37596990311780715, 0.6812570061681027, 0.07083556970169153, 0.3157378861222942, 0.2700600696803804, 0.16634343501908563, -0.194889446531724, 0.0012440835726417407, 0.9, -0.6241331501187101, 0.36659778545195865, -0.7425403375731182, -0.18522132639885605, -0.23796407552022472, -0.3433375318618478, -0.5824995168500501], [0.006837831932611203, 0.4940958054999639, -0.56030033647118, 0.4718324528389084, 0.4538796303445829, 0.10658883885629061, -0.3691328620914893, -0.8000820481787829, 0.8890325090256416, -0.03310631063291603, -0.6555975999973248, -0.032083177753284786, -0.5373614456990362, 0.6285746771577377, -0.13433923888953478, 0.6793018837867223, 0.5238024627706966, 0.1439142922739638, 0.5763446584292218, 0.6844781965306808, 0.6792188844411058, -0.5730677105635428, 1.07, -0.04607393834151881, 0.8939744075286994, 0.8122967594893301, 0.5395299030708635, 0.9319529458903609, 0.916399185388098], [0.6120842567663206, 0.18525149084828962, 0.35671264184686047, 0.1326673009521004, 0.23856069134206567, 0.4738478956086242, 0.1906808866257201, 0.2236941767072305, -0.04419592585743531, 0.7784573761717707, 0.43168874496185367, -0.14263602760326996, 0.5209568069990463, -0.5479205722275756, 0.16588916768184186, 0.26592095267882193, 0.044475556997495704, -0.06256233743530881, 0.017157371162596077, -0.202747724903349, 0.017353054572759694, 0.37058254398947993, -0.04565885781591954, 1.1, -0.11730528196914561, -0.048127999422647096, 0.767685390793156, 0.11125788822571755, -0.05930963413425826], [-0.12096839919368779, 0.5962978701867927, -0.7367127401684834, 0.35642665047171757, 0.5941787546000057, 0.007919014198639204, -0.41029650018107816, -0.7265735865647949, 1.0479081468879805, -0.09459976485891115, -0.5673243379011357, -0.06746081636581948, -0.5468202006236561, 0.6847520668471619, -0.3325389719404679, 0.46488579654818707, 0.30519945057868414, -0.03356046091347734, 0.5387947528369714, 0.7147310403730395, 0.5767668625793402, -0.5701649020650729, 0.9974872336636015, -0.09171140226678656, 0.9, 0.8655215303614177, 0.6192738669241811, 0.9434341392336968, 1.1026668124268486], [0.2934781802997371, 0.8874809685585989, -0.29991894896769716, 0.8708704707278414, 0.9040303256828334, 0.5057752968443595, -0.5087317044999268, -0.616080351622663, 0.8977143406380187, -0.20374559347169208, -0.7773671392941413, 0.30004501429196934, -0.4681609642202547, 0.8872650003019449, 0.12772792240072897, 0.9048216845447583, 0.8138308872362775, 0.1232758201288505, 0.8357245978465362, 0.9092318937176778, 0.953938821157023, -0.20979150234972474, 0.7798048891097569, -0.04518138721309727, 0.8499265478323831, 1.01, 0.5241827266932387, 0.8186632386700762, 0.706814366857105], [0.23019361057422894, 0.5538122074411721, -0.3121411918503717, 0.5012049875768922, 0.5821948958077816, 0.31659787191479544, -0.339053832990827, -0.5244603652381884, 0.5180228808687177, 0.5956133508902307, -0.24231411623712115, -0.3506535491315993, -0.2566593227974128, 0.1061549597970273, -0.18885942042866008, 0.6673537221749433, 0.23718017309582876, -0.31500922241499163, 0.2925551324984922, 0.3556829391736468, 0.524519248522714, -0.2315326140196781, 0.5814933399763751, 0.659940072787099, 0.5404571929520124, 0.5455779400276567, 1.02, 0.6990173480132978, 0.6934443633179593], [0.21400235518656457, 0.6461773815560432, -0.35994804459421414, 0.7090630443041948, 0.659548180532444, 0.3553756681670963, -0.40213523968341214, -0.840478235792494, 0.9329099773714309, -0.002500415717443025, -0.6313575310528081, 0.12854284587189238, -0.3757749457269568, 0.6242997252179959, 0.006489539156771272, 0.9263604004222673, 0.6419370749830009, 0.07989277145321264, 0.6897929395938898, 0.7581191299941348, 0.8010339910200331, -0.34969563430373385, 0.8581348907703323, 0.08841028617936483, 0.8655359075538502, 1.0350914511920504, 0.6850370010530319, 1.04, 0.7824212261324962], [-0.1146111886526467, 0.6412229884389906, -0.7838595721829981, 0.41347604568687196, 0.6346015633071623, 0.057904653862216236, -0.6093592615902998, -0.777610079053548, 0.7753790506216115, -0.037107198260780794, -0.7697610941748705, -0.136237350103875, -0.6480261978264343, 0.8063420680142436, -0.3448167704772088, 0.6392471462162229, 0.28750746070034977, -0.1560535824266797, 0.5521650394229162, 0.7327522941342975, 0.6649109813232759, -0.7016471452966513, 1.0473133547292548, -0.06672333840104054, 0.9943691790634972, 0.8043060036649815, 0.6099742084741309, 0.8090946770233768, 0.88]]}, {"name": 2, "matrix": [[0.88, 0.33894509996726097, 0.7818750947556606, 0.4513080689219897, 0.2717222810139349, 0.7061260512469488, 0.3910392252200798, 0.24871825062320038, 0.17358551270923459, 0.21520793683079142, 0.3493289746412192, 0.5963637957317056, 0.5310687418661021, -0.13749418059798998, 0.684909407764551, 0.2989833264187287, 0.6367742038869064, 0.5653043694390625, 0.32582685122027866, 0.020710297826285053, 0.24689849032691774, 0.6983082974352548, -0.030038010875910962, 0.4532104690356824, -0.17307336325946335, 0.31234260471337427, 0.18993810699647717, 0.283554118977629, -0.1265465647175126], [0.30057395657474084, 0.95, -0.3073653184381879, 0.7776710707746609, 0.9527289056948847, 0.5710570721959952, -0.5055252211359725, -0.21391328371655982, 0.5710749003613376, -0.03096302135427761, -0.4618144343943651, 0.31493877436194107, -0.2042186186215988, 0.6136096922147704, -0.0007559094693968491, 0.6836415371461768, 0.5609218230760469, -0.25776024361556676, 0.6296084608058508, 0.5359670878632474, 0.6922015954401873, 0.08259530770610715, 0.4043799803030369, 0.1594422852729013, 0.3997886233441694, 0.8754447294677892, 0.5043453903895297, 0.6442446076659193, 0.4478740228559895], [0.6213114592254803, -0.25986340558864973, 0.85, -0.025232579263916758, -0.29504954849965076, 0.43700755189747226, 0.7120738974351816, 0.6054307328594303, -0.3918395719774496, 0.12063901040787581, 0.6447890245905371, 0.4231039469609377, 0.679956341161649, -0.6045506144263685, 0.7576036393619334, -0.0615394841226343, 0.22197552174367965, 0.5204909872576798, -0.06045502148266612, -0.3235357026144391, -0.3442612300814319, 0.6227926914952984, -0.3682426726225882, 0.20419849099261284, -0.4983147790250973, -0.24135236801026716, -0.19044074318106924, -0.3252144133940918, -0.5187304273081309], [0.36885755633047235, 0.6686517617875589, -0.02939179562610084, 0.95, 0.71855230860227, 0.8399560190081709, -0.4887021797466165, -0.33184265328195045, 0.5104591801793, -0.22917508368395784, -0.5443683858054209, 0.28571672902786266, -0.11428861949807616, 0.5021465808898847, 0.22743017582224145, 0.6216515379560341, 0.649417820216968, 0.05073150153513002, 0.805209978036532, 0.8731076765491669, 0.8346996554556089, 0.2110847145861334, 0.49020025925075805, 0.1199790229369092, 0.36486241886653276, 0.7386716894976737, 0.4710733897619691, 0.5851588224583442, 0.4679739251622556], [0.31651166799425384, 0.9357158895217618, -0.2922660621930503, 0.5897551966829951, 0.9, 0.6093338494352982, -0.579828636277076, -0.33290121819321206, 0.45332489502165885, 0.04091884789037131, -0.49848960855504515, 0.11213938866852494, -0.2517891905887207, 0.4700362083324379, -0.11742856107069895, 0.6292945392320308, 0.5299671769212537, -0.24538671492192418, 0.4975099794918931, 0.5785597307779082, 0.747682152746699, 0.013061917232328295, 0.36802078386149223, 0.2657237186894185, 0.4437781707048397, 0.6406558662509492, 0.5208972994386314, 0.6080389191300675, 0.6459902443336998], [0.67896735696822, 0.6305421838830781, 0.3603395603365122, 0.8152514302138129, 0.530904740102042, 0.92, -0.24332315701819981, 0.07392704399695801, 0.17733354281680622, -0.069267290842396, -0.2288141697533154, 0.43100422830935536, 0.27302839727327166, 0.12374260194047225, 0.4222767472665816, 0.6327602872470023, 0.5281345675337865, 0.1211494926099373, 0.5996410428315702, 0.48166552838062254, 0.5983359992595482, 0.4900421867893454, 0.10540819227251262, 0.37210760136846277, 0.023658342050957806, 0.431673042018352, 0.3985210842914879, 0.39479470900293223, 0.0983912652349973], [0.43321012205753934, -0.41740614589208735, 0.7313191379064026, -0.48350322038760996, -0.5079914601011551, -0.25477365852493866, 1.05, 0.3998748671587648, -0.1773641093842152, 0.37167686330098415, 0.9607143606240874, 0.33644424303686926, 0.558556428498389, -0.39379317525633467, 0.6298201332730969, -0.27494110876737643, 0.042019764961543304, 0.5328850295825631, -0.3898010595206449, -0.6579376710043017, -0.5045857602467745, 0.26292935757053915, -0.27577752994241617, 0.19272767430143847, -0.41721335939004317, -0.35795285714483827, -0.3011052590714492, -0.321118124474069, -0.42740457405953997], [0.2968572668728521, -0.2355449640923917, 0.6000729387633293, -0.3560395134170927, -0.3486041058438353, 0.06514363282900261, 0.35907130928542147, 0.88, -0.7023333942154849, 0.09778055353113686, 0.5871368440110522, 0.29641158095665415, 0.800721507793802, -0.5493990985661444, 0.3001254503303258, -0.5149419750800146, -0.23460173056498776, -0.02887490978613832, -0.356527303529137, -0.5170302333684835, -0.4329843575783506, 0.5185853820267506, -0.9015410976145813, 0.21079161082405704, -0.7260957321402282, -0.6027018343356633, -0.4952862097987162, -0.681120280383793, -0.8009278973458994], [0.1460065060171132, 0.5169730676955266, -0.3777192270413253, 0.43970246213464453, 0.49022343298853804, 0.2088595059842384, -0.1554047434604552, -0.6959485451771623, 1.11, -0.02294734237200913, -0.35352106188766186, 0.3022405759768128, -0.35937256055275657, 0.7976888062321237, 0.06584304253396112, 0.5835132868842067, 0.5772540927297949, 0.2716659176315924, 0.6828152664136481, 0.5498394087665902, 0.5898613668109722, -0.4176496912635245, 0.7738253124217226, 0.03199310144086626, 0.7198127881259452, 0.8748710012031433, 0.45749388032938154, 0.9221018684006165, 0.7183841784104209], [0.17101344980303962, -0.0332935713486856, 0.11117712723863063, -0.24098823232746083, 0.03556497994209843, -0.08696893183545275, 0.3616315426712278, 0.08533575580899216, -0.019669150604579255, 1.14, 0.46624420857641163, -0.388691445880584, 0.13485564373806092, -0.5909566745785513, 0.055020989583535594, 0.06692023161167199, -0.18635531426812993, -0.13762675450002643, -0.39487385500554545, -0.44859093619587753, -0.2887601290799013, -0.031008263684795815, -0.10794013506710554, 0.6334357814356338, -0.0961711214311829, -0.14516365350926116, 0.5006229943761206, 0.09968650165752818, -0.050042284459904704], [0.38663595251552413, -0.45700386736942383, 0.7086295220747487, -0.5610327241464033, -0.6117827014084646, -0.2382498056194315, 