{"times": [{"name": 0, "matrix": [[1.0, 0.9836517896225632, 0.9446500582413961, 0.9126976590096604, 0.5320930901677322, 0.8071355627116532, 0.5509047776045943, 0.7258062788361492, 0.8380695635983597, 0.3047152443015393, 0.9377260899491124, 0.8759371569928914, 0.7114322276760915, 0.6381816886476969, 0.7322843772391521, 0.19936964975992255, 0.4311250458064158, 0.8644876604642708, 0.5221954154037604, 0.5496342818582723, 0.16747880095242676, 0.4733403647716798, 0.3184730189696787, 0.7402715361434918, 0.2435076966566147, 0.9044012550570392, 0.8447943870333613, 0.5643997301350048, 0.7853770779480871], [0.9836517896225632, 1.0, 0.9052027310446294, 0.8825368110205805, 0.5053925306397171, 0.7527955690865511, 0.5458637483194569, 0.7432163863086995, 0.8419230870447737, 0.23940482481280986, 0.9293307134650242, 0.8756707830608346, 0.7174738011047082, 0.7019589880475835, 0.6971436728750712, 0.16057371860080236, 0.40686850792017737, 0.7836397072618905, 0.5401517668588998, 0.45959221618274493, 0.17720394823951374, 0.5101511154011368, 0.306241444991009, 0.6829277356957983, 0.1881051826726592, 0.8974686003343425, 0.7811095086406568, 0.5476683008801552, 0.7287134864664809], [0.9446500582413961, 0.9052027310446294, 1.0, 0.8857216802853678, 0.5004525175217917, 0.914105889906888, 0.5117649339923135, 0.6046123781801382, 0.6330834834695883, 0.379899428593865, 0.9003884152024875, 0.8129552104254988, 0.6102398009955391, 0.4484921897310234, 0.7503659484245688, 0.436842276260849, 0.42029708401733235, 0.9471599388370242, 0.45185578210653515, 0.5973400969260548, -0.0681599239753499, 0.4976457585500706, 0.12411939630290283, 0.5851205298060854, 0.17907556826567117, 0.9297411584317202, 0.7632789021714785, 0.7014912632522202, 0.6932221556490462], [0.9126976590096604, 0.8825368110205805, 0.8857216802853678, 1.0, 0.2505408759812292, 0.8180444405080852, 0.8147716144853836, 0.6917859592473444, 0.7740961814700605, 0.10088580310498596, 0.9222038876499866, 0.9549896782234324, 0.6091560996245526, 0.672305140358978, 0.9355957479627356, 0.3518736670813967, 0.7400668285690901, 0.8296540255795323, 0.7644884041011276, 0.3321211095046667, 0.30446280727505354, 0.7163432148425415, 0.08085404456004033, 0.5875185668216315, -0.09144240282654302, 0.9150292232040584, 0.638691144125858, 0.6868387160459541, 0.5455108486076942], [0.5320930901677322, 0.5053925306397171, 0.5004525175217917, 0.2505408759812292, 1.0, 0.4640761071833165, -0.28663392180165004, -0.025166628592396427, 0.49088310659012474, 0.8562931472601149, 0.23353932082391426, 0.11938529492441963, 0.07319002363167026, -0.026931391980069167, -0.0681436464372263, -0.38813013965266474, -0.2809514172139017, 0.5795133213803447, -0.39565238344596637, 0.9204979571595443, -0.06577637075324304, -0.40936515672216806, 0.744439978389934, 0.755152246738966, 0.8079373803384452, 0.25516291882042236, 0.7869009708578671, -0.17979167883424838, 0.8515875989482742], [0.8071355627116532, 0.7527955690865511, 0.914105889906888, 0.8180444405080852, 0.4640761071833165, 1.0, 0.45915156671448903, 0.31213771022152526, 0.4561350107826652, 0.5253441283654594, 0.7786508879232982, 0.6848021132053268, 0.28384387028050884, 0.18238086148197677, 0.7092823878147089, 0.5033921322900253, 0.387366678899331, 0.8824151523349334, 0.3847366644964081, 0.5960575084594291, -0.21886071351476827, 0.48120248376899244, -0.03950785407799477, 0.4717879807243857, 0.03140114602256945, 0.8900952795509091, 0.635690851362657, 0.7438766825888962, 0.5676789962717499], [0.5509047776045943, 0.5458637483194569, 0.5117649339923135, 0.8147716144853836, -0.28663392180165004, 0.45915156671448903, 1.0, 0.6117207980750374, 0.5475026275934315, -0.37225668722475314, 0.6909547968742735, 0.8120374355924302, 0.4633175295636889, 0.6971051455689318, 0.9416660829428913, 0.4069063890283726, 0.9561426568306169, 0.4479518812888461, 0.9530504085616792, -0.2139058732392641, 0.5059630696649534, 0.8908251245128971, -0.19827786009773657, 0.19776364443654304, -0.5453106148115465, 0.6539357370623613, 0.1447881577254522, 0.6243499733061271, 0.03016943626113962], [0.7258062788361492, 0.7432163863086995, 0.6046123781801382, 0.6917859592473444, -0.025166628592396427, 0.31213771022152526, 0.6117207980750374, 1.0, 0.6715922567635704, -0.3666841539497724, 0.8158642176361739, 0.82805111278388, 0.9762629762154158, 0.8688664047399021, 0.6437304343672896, 0.24205931389746108, 0.4620436953289701, 0.45050716298030097, 0.7110423391520129, -0.011114133536930245, 0.3391579243941532, 0.5845518823768251, 0.08176210528528996, 0.3969193392799704, 0.006001967154838556, 0.6696835545010065, 0.4934134260161935, 0.4993205456470413, 0.41106564288686337], [0.8380695635983597, 0.8419230870447737, 0.6330834834695883, 0.7740961814700605, 0.49088310659012474, 0.4561350107826652, 0.5475026275934315, 0.6715922567635704, 1.0, 0.15450042392316216, 0.722312601911755, 0.7596566532486883, 0.6231981746665706, 0.7717201132979207, 0.584782937916714, -0.2771160940327079, 0.4715900469092615, 0.5977716732730554, 0.5071273201649696, 0.4010088399503975, 0.6281115615274061, 0.3047573077182655, 0.6272043679051764, 0.8680331719882175, 0.29962597310148953, 0.6000928212195153, 0.7773278727428521, 0.1406305777045952, 0.7501131234590479], [0.3047152443015393, 0.23940482481280986, 0.379899428593865, 0.10088580310498596, 0.8562931472601149, 0.5253441283654594, -0.37225668722475314, -0.3666841539497724, 0.15450042392316216, 1.0, 0.07577521521558847, -0.1224003139811673, -0.2755659565870975, -0.45098645524358777, -0.13067526326312076, -0.15767657879011737, -0.36135465247918813, 0.4910602896958819, -0.5149265287957081, 0.8793292714804045, -0.3664856941837416, -0.45607316761913114, 0.47074820565655656, 0.5291980927870267, 0.6254081934764848, 0.1709051803940702, 0.5873153045598816, -0.07018359870014557, 0.6402143222883528], [0.9377260899491124, 0.9293307134650242, 0.9003884152024875, 0.9222038876499866, 0.23353932082391426, 0.7786508879232982, 0.6909547968742735, 0.8158642176361739, 0.722312601911755, 0.07577521521558847, 1.0, 0.9198225869311744, 0.770609215784732, 0.667739029770513, 0.8336261834026176, 0.4337046844617133, 0.5212717209220892, 0.7567635483235937, 0.7112307799428154, 0.2891745933681049, 0.09946543881190584, 0.6804375060623187, 0.03962228294290893, 0.5321068178105473, -0.028598096586852383, 0.9618236632858936, 0.6705788475706889, 0.7654341792198083, 0.5767150189418366], [0.8759371569928914, 0.8756707830608346, 0.8129552104254988, 0.9549896782234324, 0.11938529492441963, 0.6848021132053268, 0.8120374355924302, 0.82805111278388, 0.7596566532486883, -0.1224003139811673, 0.9198225869311744, 1.0, 0.7373053026793505, 0.8181801153875576, 0.8958371862794141, 0.33791123641904214, 0.7178063352005264, 0.7028412546589647, 0.8373583758029229, 0.16474721463545963, 0.3464160556621215, 0.7785209616459305, 0.00452730189955275, 0.4878573033330972, -0.15233337301783645, 0.890846551740025, 0.5544092059036569, 0.6803018597414815, 0.460197572898332], [0.7114322276760915, 0.7174738011047082, 0.6102398009955391, 0.6091560996245526, 0.07319002363167026, 0.28384387028050884, 0.4633175295636889, 0.9762629762154158, 0.6231981746665706, -0.2755659565870975, 0.770609215784732, 0.7373053026793505, 1.0, 0.7814448640072525, 0.5331788136414801, 0.2214891147918611, 0.31687067632915694, 0.4763296200437767, 0.5539743997332054, 0.09997588628857815, 0.24007942304488236, 0.4350437141047272, 0.15778982187766982, 0.42337735947259725, 0.1732169076291436, 0.6138553934897062, 0.5560995998677796, 0.4341323101345327, 0.48667065311207036], [0.6381816886476969, 0.7019589880475835, 0.4484921897310234, 0.672305140358978, -0.026931391980069167, 0.18238086148197677, 0.6971051455689318, 0.8688664047399021, 0.7717201132979207, -0.45098645524358777, 0.667739029770513, 0.8181801153875576, 0.7814448640072525, 1.0, 0.623837304976925, -0.0430312886016307, 0.6124670946801164, 0.3134551649602479, 0.7625111697019794, -0.1415043865054406, 0.6471797347860391, 0.6241161152818407, 0.19623153189569004, 0.3911217761104536, -0.12355007630548291, 0.5399979828757272, 0.343260469433059, 0.27868763185657414, 0.2871198897974619], [0.7322843772391521, 0.6971436728750712, 0.7503659484245688, 0.9355957479627356, -0.0681436464372263, 0.7092823878147089, 0.9416660829428913, 0.6437304343672896, 0.584782937916714, -0.13067526326312076, 0.8336261834026176, 0.8958371862794141, 0.5331788136414801, 0.623837304976925, 1.0, 0.5328709033619712, 0.8877905073890799, 0.7000075488541333, 0.8816229530603535, 0.0665045512898739, 0.3111480176927036, 0.8583549932313552, -0.17295044198967244, 0.3305121956039459, -0.37278508944274447, 0.8315654265002357, 0.3683240081521934, 0.7663102739712209, 0.24953447677364965], [0.19936964975992255, 0.16057371860080236, 0.436842276260849, 0.3518736670813967, -0.38813013965266474, 0.5033921322900253, 0.4069063890283726, 0.24205931389746108, -0.2771160940327079, -0.15767657879011737, 0.4337046844617133, 0.33791123641904214, 0.2214891147918611, -0.0430312886016307, 0.5328709033619712, 1.0, 0.32982002523948595, 0.3434948108884535, 0.4276414143588391, -0.14668409396881252, -0.5295775119439046, 0.6352969955912501, -0.7815654866220024, -0.3913307310810436, -0.521450905456811, 0.5409815242935698, -0.12860953960639626, 0.8865037801505031, -0.23826243745046333], [0.4311250458064158, 0.40686850792017737, 0.42029708401733235, 0.7400668285690901, -0.2809514172139017, 0.387366678899331, 0.9561426568306169, 0.4620436953289701, 0.4715900469092615, -0.36135465247918813, 0.5212717209220892, 0.7178063352005264, 0.31687067632915694, 0.6124670946801164, 0.8877905073890799, 0.32982002523948595, 1.0, 0.4382625430879234, 0.8615309651616481, -0.18116215521366832, 0.5841727506658735, 0.800413674924918, -0.17169208871810995, 0.16633585424191497, -0.5216439136008034, 0.5047746321132902, 0.06885028349255871, 0.48306384838839417, -0.03322243463910066], [0.8644876604642708, 0.7836397072618905, 0.9471599388370242, 0.8296540255795323, 0.5795133213803447, 0.8824151523349334, 0.4479518812888461, 0.45050716298030097, 0.5977716732730554, 0.4910602896958819, 0.7567635483235937, 0.7028412546589647, 0.4763296200437767, 0.3134551649602479, 0.7000075488541333, 0.3434948108884535, 0.4382625430879234, 1.0, 0.3180760399586997, 0.7322349193494, 0.004169516887860698, 0.3362760494515516, 0.23525309193757893, 0.6549632609456008, 0.3017193842078281, 0.7886798091049442, 0.787586503950093, 0.5461573644279201, 0.7294169864174742], [0.5221954154037604, 0.5401517668588998, 0.45185578210653515, 0.7644884041011276, -0.39565238344596637, 0.3847366644964081, 0.9530504085616792, 0.7110423391520129, 0.5071273201649696, -0.5149265287957081, 0.7112307799428154, 0.8373583758029229, 0.5539743997332054, 0.7625111697019794, 0.8816229530603535, 0.4276414143588391, 0.8615309651616481, 0.3180760399586997, 1.0, -0.3440263658545178, 0.4497238462662559, 0.9300326735383009, -0.3073972934071048, 0.11024827776256167, -0.5988111897174733, 0.6654790454855468, 0.0936910784481711, 0.6675246394986014, -0.023461664412877666], [0.5496342818582723, 0.45959221618274493, 0.5973400969260548, 0.3321211095046667, 0.9204979571595443, 0.5960575084594291, -0.2139058732392641, -0.011114133536930245, 0.4010088399503975, 0.8793292714804045, 0.2891745933681049, 0.16474721463545963, 0.09997588628857815, -0.1415043865054406, 0.0665045512898739, -0.14668409396881252, -0.18116215521366832, 0.7322349193494, -0.3440263658545178, 1.0, -0.16115911972211508, -0.3609601588942726, 0.59160792055452, 0.7430644474156538, 0.7861129333108817, 0.3242427978671676, 0.8289649749103266, -0.011647364833237533, 0.8614385420648611], [0.16747880095242676, 0.17720394823951374, -0.0681599239753499, 0.30446280727505354, -0.06577637075324304, -0.21886071351476827, 0.5059630696649534, 0.3391579243941532, 0.6281115615274061, -0.3664856941837416, 0.09946543881190584, 0.3464160556621215, 0.24007942304488236, 0.6471797347860391, 0.3111480176927036, -0.5295775119439046, 0.5841727506658735, 0.004169516887860698, 0.4497238462662559, -0.16115911972211508, 1.0, 0.1737125270143852, 0.4714520528444603, 0.4289827474529934, -0.025867426336176187, -0.06063957839412132, 0.13436353602474205, -0.32793846594404313, 0.1260807403154579], [0.4733403647716798, 0.5101511154011368, 0.4976457585500706, 0.7163432148425415, -0.40936515672216806, 0.48120248376899244, 0.8908251245128971, 0.5845518823768251, 0.3047573077182655, -0.45607316761913114, 0.6804375060623187, 0.7785209616459305, 0.4350437141047272, 0.6241161152818407, 0.8583549932313552, 0.6352969955912501, 0.800413674924918, 0.3362760494515516, 0.9300326735383009, -0.3609601588942726, 0.1737125270143852, 1.0, -0.5200771753139887, -0.10676881353512448, -0.7211405881591394, 0.7176283331584248, -0.043973223366248676, 0.8111972173928315, -0.16078667544983102], [0.3184730189696787, 0.306241444991009, 0.12411939630290283, 0.08085404456004033, 0.744439978389934, -0.03950785407799477, -0.19827786009773657, 0.08176210528528996, 0.6272043679051764, 0.47074820565655656, 0.03962228294290893, 0.00452730189955275, 0.15778982187766982, 0.19623153189569004, -0.17295044198967244, -0.7815654866220024, -0.17169208871810995, 0.23525309193757893, -0.3073972934071048, 0.59160792055452, 0.4714520528444603, -0.5200771753139887, 1.0, 0.804416128865179, 0.7996109685421594, -0.10051346543937917, 0.6435721281323331, -0.5805492489742077, 0.7183285611074842], [0.7402715361434918, 0.6829277356957983, 0.5851205298060854, 0.5875185668216315, 0.755152246738966, 0.4717879807243857, 0.19776364443654304, 0.3969193392799704, 0.8680331719882175, 0.5291980927870267, 0.5321068178105473, 0.4878573033330972, 0.42337735947259725, 0.3911217761104536, 0.3305121956039459, -0.3913307310810436, 0.16633585424191497, 0.6549632609456008, 0.11024827776256167, 0.7430644474156538, 0.4289827474529934, -0.10676881353512448, 0.804416128865179, 1.0, 0.6562295192037286, 0.42645822346797413, 0.9313596849116067, -0.054435563378320256, 0.9371001560304308], [0.2435076966566147, 0.1881051826726592, 0.17907556826567117, -0.09144240282654302, 0.8079373803384452, 0.03140114602256945, -0.5453106148115465, 0.006001967154838556, 0.29962597310148953, 0.6254081934764848, -0.028598096586852383, -0.15233337301783645, 0.1732169076291436, -0.12355007630548291, -0.37278508944274447, -0.521450905456811, -0.5216439136008034, 0.3017193842078281, -0.5988111897174733, 0.7861129333108817, -0.025867426336176187, -0.7211405881591394, 0.7996109685421594, 0.6562295192037286, 1.0, -0.11437235026189932, 0.6845523699465065, -0.46570528880856926, 0.7629781035258035], [0.9044012550570392, 0.8974686003343425, 0.9297411584317202, 0.9150292232040584, 0.25516291882042236, 0.8900952795509091, 0.6539357370623613, 0.6696835545010065, 0.6000928212195153, 0.1709051803940702, 0.9618236632858936, 0.890846551740025, 0.6138553934897062, 0.5399979828757272, 0.8315654265002357, 0.5409815242935698, 0.5047746321132902, 0.7886798091049442, 0.6654790454855468, 0.3242427978671676, -0.06063957839412132, 0.7176283331584248, -0.10051346543937917, 0.42645822346797413, -0.11437235026189932, 1.0, 0.5983211697851945, 0.850518997403082, 0.5064509683013828], [0.8447943870333613, 0.7811095086406568, 0.7632789021714785, 0.638691144125858, 0.7869009708578671, 0.635690851362657, 0.1447881577254522, 0.4934134260161935, 0.7773278727428521, 0.5873153045598816, 0.6705788475706889, 0.5544092059036569, 0.5560995998677796, 0.343260469433059, 0.3683240081521934, -0.12860953960639626, 0.06885028349255871, 0.787586503950093, 0.0936910784481711, 0.8289649749103266, 0.13436353602474205, -0.043973223366248676, 0.6435721281323331, 0.9313596849116067, 0.6845523699465065, 0.5983211697851945, 1.0, 0.17866161657493385, 0.9902059924509102], [0.5643997301350048, 0.5476683008801552, 0.7014912632522202, 0.6868387160459541, -0.17979167883424838, 0.7438766825888962, 0.6243499733061271, 0.4993205456470413, 0.1406305777045952, -0.07018359870014557, 0.7654341792198083, 0.6803018597414815, 0.4341323101345327, 0.27868763185657414, 0.7663102739712209, 0.8865037801505031, 0.48306384838839417, 0.5461573644279201, 0.6675246394986014, -0.011647364833237533, -0.32793846594404313, 0.8111972173928315, -0.5805492489742077, -0.054435563378320256, -0.46570528880856926, 0.850518997403082, 0.17866161657493385, 1.0, 0.060070675528062785], [0.7853770779480871, 0.7287134864664809, 0.6932221556490462, 0.5455108486076942, 0.8515875989482742, 0.5676789962717499, 0.03016943626113962, 0.41106564288686337, 0.7501131234590479, 0.6402143222883528, 0.5767150189418366, 0.460197572898332, 0.48667065311207036, 0.2871198897974619, 0.24953447677364965, -0.23826243745046333, -0.03322243463910066, 0.7294169864174742, -0.023461664412877666, 0.8614385420648611, 0.1260807403154579, -0.16078667544983102, 0.7183285611074842, 0.9371001560304308, 0.7629781035258035, 0.5064509683013828, 0.9902059924509102, 0.060070675528062785, 1.0]]}, {"name": 1, "matrix": [[0.85, 1.0820169685848195, 0.8501850524172565, 0.9765864951403367, 0.478883781150959, 0.8071355627116532, 0.4682690609639052, 0.7911288439314027, 0.8883537374142614, 0.34128107361772403, 0.9846123944465681, 0.919734014842536, 0.6900892608458087, 0.6381816886476969, 0.7835442836458928, 0.19338856026712486, 0.47423755038705745, 0.9855159329292686, 0.5221954154037604, 0.5441379390396897, 0.187576257066718, 0.492273979362547, 0.2770715265036205, 0.8439095512035806, 0.2167218500243871, 0.9134452676076096, 0.8025546676816931, 0.6151957058471552, 0.7382544532712019], [0.934469200141435, 1.09, 0.9957230041490924, 0.8648860748001689, 0.4396915016565539, 0.7904353475408787, 0.5185705609034841, 0.7060555669932644, 0.7156346239880577, 0.24898101780532228, 0.8735708706571227, 0.8931841987220512, 0.8179201332593672, 0.7159981678085352, 0.7320008565188247, 0.16699666734483445, 0.3905937676033703, 0.7836397072618905, 0.5131441785159547, 0.4963595934773646, 0.15948355341556236, 0.5662677380952619, 0.3123662738908292, 0.6419520715540504, 0.19562938997956555, 0.96926608836109, 0.8357871742455028, 0.4874247877833381, 0.8015848351131291], [0.991882561153466, 0.9142547583550757, 1.0, 0.8148639458625384, 0.4504072657696125, 0.8684005954115436, 0.4503531419132359, 0.5381050165803231, 0.6584068228083718, 0.33051250287666256, 0.9724194884186865, 0.8698620751552838, 0.5431134228860298, 0.41261281455254156, 0.8404098622355172, 0.4412106990234575, 0.36986143393525245, 0.9092735412835432, 0.45185578210653515, 0.6331805027416182, -0.0729311186536244, 0.4279753523530607, 0.10798387478352546, 0.5441620927196594, 0.17549405690035774, 0.7995773962512794, 0.8625051594537707, 0.7856702148424867, 0.7278832634314986], [1.0039674249106265, 0.7766323936981108, 0.7528634282425626, 0.88, 0.24302464970179233, 0.7607813296725193, 0.9043964920787759, 0.7125395380247648, 0.6579817542495514, 0.0948326549186868, 0.9129818487734868, 0.8976902975300264, 0.5908814166358161, 0.7126434487805168, 1.019799365279382, 0.31668630037325707, 0.7844708382832356, 0.8545436463469183, 0.8180025923882066, 0.32879989840962004, 0.2922842949840514, 0.7378335112878177, 0.08651382767924316, 0.652145609172011, -0.09875779505266646, 0.8235263008836526, 0.7217209928622195, 0.7761277491319281, 0.5782414995241558], [0.4842047120526363, 0.5458239330908945, 0.46041631612004835, 0.2580571022606661, 0.85, 0.450153823967817, -0.25510419040346854, -0.02290163201908075, 0.4516124580629148, 0.8477302157875137, 0.25222246648982743, 0.1253545596706406, 0.07684952481325379, -0.024507566701862944, -0.05928497240038688, -0.3687236326700315, -0.28937995973031877, 0.5621279217389343, -0.3600436689358294, 0.9665228550175216, -0.061829788508048454, -0.3929905504532813, 0.8114395764450282, 0.6796370220650694, 0.7433023899113697, 0.27557595232605614, 0.841984038817918, -0.19597292992933074, 0.9026828548851706], [0.9039918302370517, 0.7979633032317442, 0.7861310653199237, 0.8098639961030044, 0.42230925753681803, 1.07, 0.42241944137732995, 0.2902880705060185, 0.4789417613217985, 0.4728097155289135, 0.8020104145609971, 0.6779540920732735, 0.26397479936087326, 0.17690943563751746, 0.801489098230621, 0.5386295815503271, 0.40286134605530427, 0.8824151523349334, 0.4155155976561208, 0.679505559643749, -0.19697464216329144, 0.5293227321458918, -0.033581675966295556, 0.5095310191823366, 0.031715157482795145, 0.979104807506, 0.6801892109580431, 0.8405806513254526, 0.5109110966445749], [0.5619228731566862, 0.5458637483194569, 0.4708237392729284, 0.8718056274993605, -0.25797052962148503, 0.5096582390530828, 1.13, 0.636189629998039, 0.5091774436618913, -0.38342438784149574, 0.73241208468673, 0.8770004304398247, 0.41698577660732, 0.6273946310120386, 0.8004161705014576, 0.46387328349234475, 0.8987740974207798, 0.39867717434707306, 0.9911724249041465, -0.24171363676036842, 0.5464401152381497, 0.7839261095713494, -0.184398409890895, 0.17798727999288874, -0.46351402258981456, 0.7193293107685975, 0.14913180245721577, 0.6867849706367398, 0.028962658810694035], [0.6677417765292574, 0.7803772056241345, 0.6771658635617549, 0.6710323804699241, -0.024411629734624532, 0.31525908732374053, 0.6484240459595397, 0.96, 0.7588992501428344, -0.3556836293312792, 0.7750710067543651, 0.7783680460168472, 0.9665003464532617, 0.8167344204555079, 0.6437304343672896, 0.2686858384261818, 0.43894151056252156, 0.46402237786971, 0.7252631859350531, -0.00955815484176001, 0.3832484545653931, 0.5436332506104473, 0.07930924212673125, 0.44454965999356694, 0.005161691753161158, 0.5826246924158757, 0.5082158287966793, 0.569225422037627, 0.35762710931157116], [0.7123591290586058, 0.9345346266196989, 0.6394143183042842, 0.6734636778789527, 0.476156613392421, 0.40596015959657206, 0.607727916628709, 0.7454674050075631, 0.88, 0.17458547903317323, 0.7295357279308725, 0.645708155261385, 0.5858062841865763, 0.8025889178298375, 0.6549568904667197, -0.2882007377940162, 0.40085153987287225, 0.5678830896094026, 0.4716284077534218, 0.39298866315138953, 0.5527381741441174, 0.3474233307988226, 0.5958441495099176, 0.9461561574671572, 0.2726596355223555, 0.5640872519463443, 0.7851011514702806, 0.12375490838004377, 0.8326255670395433], [0.2894794820864623, 0.20828219758714459, 0.3647034514501104, 0.11400095750863412, 0.9590483249313287, 0.5778785412020054, -0.36481155348025807, -0.3996857278052519, 0.1575904324016254, 0.94, 0.08411048888930321, -0.11138428572286224, -0.24800936092838774, -0.4735357780057672, -0.12414150009996472, -0.15136951563851267, -0.3902630246775232, 0.5450769215624289, -0.5767177122511932, 0.8089829297619722, -0.37748026500925386, -0.48799828935247036, 0.47074820565655656, 0.5080301690755455, 0.5566132921940715, 0.1674870767861888, 0.6343005289246721, -0.0680780907391412, 0.6082036061739352], [0.8251989591552189, 0.8271043349838715, 0.9994311408747611, 0.9775361209089859, 0.20551460232504457, 0.7319318346479002, 0.601130673280618, 0.717960511519833, 0.7728744840455778, 0.08183723243283555, 1.01, 1.0485977491015386, 0.7783153079425793, 0.6276746879842822, 0.7419273032283297, 0.4727381060632675, 0.5473353069681937, 0.7037900999409422, 0.647220009747962, 0.2891745933681049, 0.11239594585745359, 0.762090006789797, 0.03447138616033077, 0.5108225450981253, -0.028026134655115335, 0.9810601365516115, 0.7510483092791715, 0.7960515463886007, 0.5132763668582346], [0.8584184138530336, 0.7881037047547511, 0.8617325230510288, 1.0600385428280101, 0.11819144197517543, 0.6779540920732735, 0.8363985586602032, 0.7535265126333308, 0.6533047217938719, -0.11628029828210892, 0.9566154904084213, 0.91, 0.8110358329472855, 0.8754527234646867, 0.9316706737305908, 0.3514276858758038, 0.6819160184405001, 0.695812842112375, 0.7871168732547476, 0.1746320475135872, 0.32216693176577305, 0.661742817399041, 0.005025305108503553, 0.4537072920997804, -0.17366004524033354, 0.962114275879227, 0.48788010119521813, 0.7755441201052888, 0.5200232573751151], [0.6402890049084824, 0.7102990630936611, 0.5370110248760744, 0.5482404896620974, 0.081240926231154, 0.2980360637945343, 0.49574975663314713, 1.044601384550495, 0.5982702476799078, -0.2948555735481943, 0.7551970314690373, 0.6562017193846219, 0.89, 0.758001518087035, 0.5758331187327985, 0.19491042101683775, 0.2756774884063665, 0.53348917444903, 0.5595141437305374, 0.08797877993394877, 0.259285776888473, 0.4915993969383417, 0.13569924681479603, 0.461481321825131, 0.17841341485801793, 0.6506867170990885, 0.5839045798611686, 0.4905695104520219, 0.4136700551452598], [0.6892362237395127, 0.6458022690037768, 0.5112810962933666, 0.6790281917625678, -0.026662078060268476, 0.17690943563751746, 0.7598446086701357, 0.7472251080763158, 0.8797609291596294, -0.4554963197960237, 0.6410294685796925, 0.7445439050026775, 0.7111148262465998, 1.01, 0.5676919475290018, -0.04389191437366331, 0.6308411075205199, 0.2664368902162107, 0.6557596059437023, -0.15706986902103906, 0.6601233294817599, 0.6740454045043881, 0.20604310849047455, 0.3989442116326627, -0.14084708698825052, 0.5021981240744263, 0.3775865163763649, 0.29819576608653436, 0.2842486908994873], [0.6590559395152369, 0.7110865463325726, 0.7653732673930602, 0.8981719180442261, -0.0681436464372263, 0.6241685012769438, 1.0169993695783228, 0.7338526951787101, 0.6432612317083855, -0.14635629485469526, 0.8336261834026176, 0.9227123018677965, 0.565169542459969, 0.6612675432755406, 0.95, 0.5222134852947318, 0.9144242226107524, 0.7280078508082987, 0.8992554121215607, 0.05652886859639281, 0.3080365375157766, 0.8755220930959824, -0.17295044198967244, 0.2908507321314724, -0.35414583497060725, 0.7733558466452193, 0.3535910478261057, 0.8659306095874795, 0.2670018901478051], [0.2193066147359148, 0.15575650704277827, 0.410631739685198, 0.33779872039814085, -0.4230618522214046, 0.5386295815503271, 0.431320772370075, 0.2662652452872072, -0.24386216274878297, -0.15452304721431503, 0.3946712628601591, 0.3041201127771379, 0.2414231351231286, -0.04260097571561439, 0.46892639495853466, 1.06, 0.32322362473469624, 0.37440934386841435, 0.4319178285024275, -0.13201568457193127, -0.5030986363467093, 0.6162380857235126, -0.7659341768895623, -0.40698396032428535, -0.49016385112940236, 0.4868833718642129, -0.14018439817097195, 0.815583477738463, -0.23826243745046333], [0.45268129809673663, 0.4190745631577827, 0.4623267924190656, 0.6586594774264902, -0.2640943321810676, 0.39898767926631096, 1.080441202218597, 0.5221093757217362, 0.5093172506620024, -0.33967337333043685, 0.47956998324832206, 0.6101353849204474, 0.3327142101456148, 0.6247164365737188, 0.8522788870935167, 0.3430128262490654, 0.93, 0.4470277939496819, 0.8873768941164976, -0.19203188452648842, 0.6133813881991672, 0.712368170683177, -0.16825824694374775, 0.14304883464804688, -0.5633754266888678, 0.5098223784344231, 0.06058824947345167, 0.50238640232393, -0.03222576159992764], [0.7607491412085583, 0.8228216926249851, 1.0608191314974673, 0.7632817035331697, 0.6316695203045758, 0.7765253340547414, 0.4927470694177308, 0.4144665899418769, 0.5320167892130193, 0.4763284810050054, 0.7794664547733016, 0.618500304099889, 0.48109291624421446, 0.30091695836183796, 0.63000679396872, 0.3434948108884535, 0.40758416507176876, 1.01, 0.2989914775611777, 0.6956231733819299, 0.00400273621234627, 0.36317813340767574, 0.21643284458257261, 0.6156654652888647, 0.2745646396291236, 0.8912081842885868, 0.8978486145031059, 0.5734652326493161, 0.8023586850592217], [0.5221954154037604, 0.4699320371672428, 0.5105970337803847, 0.7568435200601163, -0.3798262881081277, 0.37704193120647994, 0.8768063758767449, 0.6257172584537714, 0.4665571345517721, -0.571568446963236, 0.7325677033410999, 0.7201282031905137, 0.5595141437305374, 0.8463873983691972, 0.7670119691625076, 0.4575763133639579, 0.7753778686454833, 0.27036463396489474, 1.13, -0.30618346561052084, 0.418243177027618, 0.8649303863906198, -0.2674356452641812, 0.09371103609817742, -0.6586923086892207, 0.6920982073049687, 0.07963741668094543, 0.7409523498434476, -0.023227047768748888], [0.47818182521669694, 0.48716774915370964, 0.6749943095264419, 0.3586907982650401, 1.0217527324470943, 0.5841363582902405, -0.196793403380123, -0.010558426860083733, 0.4531399891439491, 0.9672621986284451, 0.3065250689701912, 0.1416826045864953, 0.10997347491743598, -0.15282473742587585, 0.06051914167378525, -0.13494936645130753, -0.16485756124443818, 0.680978474994942, -0.29242241097634014, 0.89, -0.16438230211655738, -0.3501313541274444, 0.5383632077046132, 0.7504950918898103, 0.8490019679757523, 0.33072765382451097, 0.9201511221504626, -0.010016733756584278, 0.8700529274855098], [0.144031768819087, 0.17011579030993318, -0.07702071409214538, 0.34099834414806, -0.06774966187584033, -0.24512399913654048, 0.4300686092152104, 0.30524213195473787, 0.6720793708343246, -0.3444965525327171, 0.10443871075250113, 0.37412934011509125, 0.2544841884275753, 0.6730669241774807, 0.27692173574650625, -0.577239488018856, 0.6250648432124847, 0.0042946023944965194, 0.4991934693555441, -0.16760548451099969, 1.03, 0.1771867775546729, 0.49502465548668334, 0.4847505046218825, -0.02871284323315557, -0.05700120369047404, 0.12227081778251526, -0.3181003119657218, 0.12103751070283958], [0.421272924646795, 0.5203541377091595, 0.5673161647470805, 0.7808141041783703, -0.41755245985661144, 0.5245107073082018, 0.9977241394544448, 0.4968691000203013, 0.2773291500236216, -0.40590511918102673, 0.6872418811229418, 0.6773132366319595, 0.40024021697634904, 0.6990100491156617, 0.8411878933667281, 0.5590613561203001, 0.8404343586711639, 0.32955052846252053, 1.0416365943628971, -0.3753985652500435, 0.18587240390539217, 1.08, -0.5772856645985275, -0.10356574912907074, -0.641815123461634, 0.8109200164690199, -0.04177456219793624, 0.697629606957835, -0.17847320974931244], [0.29617990764180124, 0.3460528328398402, 0.10550148685746741, 0.0743857209952371, 0.6402183814153433, -0.043063560945014304, -0.2200884247084876, 0.08503258949670156, 0.6272043679051764, 0.5178230262222122, 0.03447138616033077, 0.0047989400135259154, 0.14201083968990286, 0.20604310849047455, -0.16603242431008552, -0.7424872122909023, -0.15108903807193677, 0.26113093205071264, -0.31661921220931794, 0.59160792055452, 0.4384504091453481, -0.5148764035608487, 1.07, 0.8124602901538308, 0.807607078227581, -0.09950833078498537, 0.6886221771015965, -0.5805492489742077, 0.7829781316071579], [0.7772851129506665, 0.6487813489110084, 0.5558645033157811, 0.5287667101394684, 0.845770516347642, 0.5048131393750928, 0.2135847359914665, 0.4088269194583695, 0.9461561574671572, 0.44981837886897263, 0.45761186331707066, 0.49761444939975913, 0.39374094430951545, 0.40285542939376723, 0.36686853712038, -0.37959080914861226, 0.16966257132675328, 0.5763676696321287, 0.12458055387169467, 0.7727870253122799, 0.3775048177586342, -0.09822730845231452, 0.8205044514424826, 0.96, 0.5709196817072439, 0.41792905899861466, 1.0244956534027674, -0.048992007040488235, 1.0589231763143867], [0.25568308148944546, 0.1617704570984869, 0.1826570796309846, -0.10424433922225904, 0.8968104921756742, 0.02731899703963542, -0.5453106148115465, 0.005521809782451472, 0.257678336867281, 0.6504245212155442, -0.030313982382063526, -0.13405336825569608, 0.19573510562093224, -0.11613707172715393, -0.41751930017587385, -0.5370944326205154, -0.453830204832699, 0.2775818334712019, -0.6766566443807447, 0.8096963213102082, -0.023280683702558567, -0.6129694999352685, 0.9115565041380617, 0.6102934528594677, 0.93, -0.11322862675928033, 0.629788180350786, -0.42379181281579803, 0.7477185414552875], [0.9857973680121728, 0.8436204843142819, 0.8646592773414998, 0.924179515436099, 0.2653694355732393, 0.8188876571868363, 0.6212389502092432, 0.7299550744060971, 0.5760891083707347, 0.1640689731783074, 1.058006029614483, 0.9799312069140276, 0.5708855159454268, 0.49139816441691175, 0.7068306125252003, 0.6058993072087983, 0.44420167625969537, 0.7176986262854992, 0.6122407218467031, 0.29181851808045084, -0.05336282898682676, 0.7606860331479303, -0.11257508129210468, 0.4520457168760526, -0.12009096777499428, 1.07, 0.6342204399723061, 0.9695916570395134, 0.47099940052028605], [0.8194505554223604, 0.8279760791590962, 0.7938100582583377, 0.6706257013321509, 0.841984038817918, 0.6929030279852962, 0.14334027614819767, 0.4983475602763554, 0.6918218067411384, 0.49921800887589934, 0.6705788475706889, 0.5211446535494375, 0.5060506358796795, 0.32609744596140605, 0.40147316888589085, -0.11574858564575664, 0.07298130050211224, 0.6694485283575791, 0.10680782943091503, 0.7958063759139136, 0.12092718242226784, -0.043973223366248676, 0.6757507345389498, 0.8661645069677942, 0.6982434173454366, 0.658153286763714, 1.09, 0.17151515191193648, 1.049618351997965], [0.6151957058471552, 0.5695750329153614, 0.7786553022099645, 0.6181548444413587, -0.16361042773916604, 0.6471727138523397, 0.555671476242453, 0.5542458056682159, 0.1350053545964114, -0.0729909426481514, 0.6659277359212332, 0.5918626179750889, 0.4818868642493313, 0.248031992352351, 0.6743530410946744, 0.9662891203640485, 0.43475746354955475, 0.46969533340801123, 0.6608493931036153, -0.011297943888240406, -0.2951446193496388, 0.697629606957835, -0.5979657264434339, -0.04844765140670503, -0.5029617119132548, 0.8079930475329279, 0.18402146507218187, 1.01, 0.05106007419885337], [0.6989855993737976, 0.8015848351131291, 0.6932221556490462, 0.5182353061773094, 0.9622939868115498, 0.5392950464581624, 0.03258299116203079, 0.38229104788478296, 0.7726165171628193, 0.6210078926197022, 0.5997836196995101, 0.487809427272232, 0.525604305361036, 0.278506293103538, 0.23705775293496717, -0.21920144245442627, -0.03355465898549167, 0.736711156281649, -0.022992431124620114, 0.7322227607551319, 0.1386888143470037, -0.1736496094858175, 0.7111452754964094, 0.9558421591510394, 0.7477185414552875, 0.47099940052028605, 0.8812833332813101, 0.057067141751659646, 0.95]]}, {"name": 2, "matrix": [[0.85, 1.0469230274410242, 1.0234972376153677, 0.7337621580076097, 0.7307041183873676, 0.8399507786669629, 0.8240637005969087, 0.2976776966367256, 0.8987704762021455, 0.6321287601899437, 0.7143553653982715, 0.8085057810120632, 0.36786051150934923, 0.36433682390421185, 0.8442601335024276, 0.3107015123255111, 0.5508976791705749, 0.823456874409573, 0.7849140388868177, 0.5243527351892951, 0.43962394110229375, 0.1647677411051368, 0.6380913910334737, 0.8434151758537267, 0.44776676697026085, 0.8046023683549514, 0.7318825256412193, 0.6676155238783981, 0.7497718841235315], [0.9402919783498087, 0.9, 0.9496925735844369, 0.699980494536607, 0.66990211674503, 0.7105368217032103, 0.8218745564320715, 0.44378424216743345, 0.9535892072224754, 0.5429527590078406, 0.7377798128519701, 0.7521135762226897, 0.3974868958794341, 0.46115955566458494, 0.6953384901073082, 0.15940992071768464, 0.5974818890479575, 0.7495760237458062, 0.6837082766068361, 0.5255403127274797, 0.3538706846283083, 0.23855325201304453, 0.5706475250156682, 0.7271935457466081, 0.4444769369309573, 0.8436576329964015, 0.740756376588697, 0.7488680306617451, 0.8161287150291399], [0.9681730626091315, 1.0118219942862223, 1.08, 0.7430446921661387, 0.6622785644448035, 0.7936436604251305, 0.6051602335224185, 0.31859991130931076, 0.6898014155612873, 0.4197631363375835, 0.5517930829630834, 1.000157299188308, 0.4442932575802653, 0.35986004172079766, 0.8256194489075211, 0.3663060141755875, 0.6343854944442828, 0.8003975625480951, 0.7251202381266393, 0.6400046470004304, 0.30062159187078175, 0.3368126054081616, 0.385289292052593, 0.6987536176966505, 0.42135950053214033, 0.9630917401124116, 0.7831014821862351, 0.7268291285079927, 0.7694556559570938], [0.8702760478694906, 0.873009380826555, 0.768375761217257, 0.97, 0.4886382801499448, 0.905227961367207, 0.8750000234176646, 0.08588016507905094, 0.826841566062043, 0.34303280988487206, 0.3679136408896721, 0.776623952261687, 0.17781504354407213, 0.2980786445131427, 0.9079706204327948, 0.5111178598898237, 0.9686546194872686, 0.8500759747858257, 0.9153775038307495, 0.6286385060610753, 0.7181769218467242, 0.3680632491720594, 0.347758563680088, 0.7778803420635931, 0.40465514409109266, 0.7992875663216177, 0.6996621334525167, 0.7519115240900718, 0.5874320806913749], [0.812721927594113, 0.7851540938194438, 0.6825523980502567, 0.5683075649570011, 1.13, 0.6791571777910697, 0.29992826015604196, -0.08916940793324822, 0.6591750824476819, 0.919676275914638, 0.2698454949454254, 0.5115779108431846, 0.03667484107409415, -0.02882919777437447, 0.3573479430389491, -0.07365734553032766, 0.2558304747487302, 0.6831301429292813, 0.25711529346857137, 0.7622365982653606, 0.36623878628205087, -0.32119962058778817, 0.7390272294602309, 0.9517984056858544, 0.8530180386739665, 0.6168974185822469, 0.8328981757428243, 0.2821758195529327, 0.9233020594586665], [0.7665570213077136, 0.6880988168073195, 0.7671888717442927, 1.0048030371175998, 0.6791571777910697, 0.91, 0.7318784879916033, -0.05329973716248643, 0.6668372671800927, 0.5047770803870337, 0.39017094407208125, 0.8290294970006966, 0.039217214119266784, 0.07192940933590418, 0.7934664070785465, 0.49830773161469855, 0.7087219570005502, 0.9773749616359833, 0.6658693712568656, 0.652676390299152, 0.3944197934697261, 0.24752217019834447, 0.29797844163901366, 0.5811243883460678, 0.42087847798408995, 0.7889973945468363, 0.7586599353778879, 0.6875073839869889, 0.7121933211126007], [0.708540751915099, 0.7404275283171815, 0.715189366890131, 0.941037761034092, 0.29992826015604196, 0.7252849880997869, 1.08, 0.17682706348779675, 0.7251202430707857, 0.27268410548974925, 0.5739375047502121, 0.7605269537590167, 0.19602075443354314, 0.2983418921964459, 0.9169159229436917, 0.41500929949989224, 0.7672540282730121, 0.6274998386063738, 0.809794466091266, 0.2881765561346016, 0.5687456632550731, 0.30588385213797614, 0.331872145917536, 0.5432070652321513, 0.13033132932701713, 0.8656299803332522, 0.5419474548706376, 0.844997562137107, 0.5387472866737392], [0.31198912435964515, 0.36453705606610604, 0.353645901553335, 0.10548324623839951, -0.09371886752167925, -0.060750238056167326, 0.17152225158316284, 1.02, 0.28957970061477045, -0.3321388735301112, 0.6858399451495822, 0.4185203559753325, 1.0981811050336456, 0.9103471048879737, 0.08423646713595595, -0.21768504001172467, -0.06886002680612527, 0.08095945369304575, 0.20617486438016197, -0.1932266803141139, -0.16968322510131306, 0.45979295078805327, -0.03469217551648411, 0.03544938797149021, -0.2632077251531302, 0.13133908498103258, 0.16054804411358337, -0.013774521136682066, 0.11082084300842182], [0.7940593527611188, 0.8748524836903444, 0.5863312032270942, 0.6813786979585353, 0.8056584341027223, 0.685360524601762, 0.658527567686734, 0.23011244066709435, 0.96, 0.5115548603503779, 0.5056245078826704, 0.7753697250655924, 0.2764021798723715, 0.38716680348048016, 0.6423611459996482, -0.06908376242145257, 0.6997283219985113, 0.7600260711151207, 0.5794840207417615, 0.565627086669974, 0.7461688646992438, -0.022906185723746635, 0.86032982545203, 1.0001132461140487, 0.6008598811404229, 0.6424807049687737, 0.9578853322758805, 0.44390772305851256, 0.780854416765551], [0.6028635398107797, 0.4876520150348197, 0.42941286360971187, 0.36565035778936905, 0.8690518937541991, 0.6440259301489741, 0.2340967320713885, -0.4220117451912001, 0.43209002767459104, 0.88, 0.22650499371177246, 0.22641619302737342, -0.2674570994609415, -0.46862905797586046, 0.337209397308818, 0.08829147978294341, 0.20027464653149601, 0.701885553622158, 0.09088961418172825, 0.6493565536752371, 0.1258082313705461, -0.4939977935069397, 0.6230283019849768, 0.6854808943971554, 0.7733527112980342, 0.5711812795222582, 0.6682486920195401, 0.3723133715454457, 0.6952990391658447], [0.6241940086004314, 0.6939513091181897, 0.7270685328454747, 0.41096736482356994, 0.3050427334165679, 0.32746489948906815, 0.465354733581253, 0.7448369296785785, 0.5003575859255592, 0.18205074260946197, 0.99, 0.6694861072304303, 0.6798622849338304, 0.5765321355025844, 0.4462960024222709, 0.02673442442126061, 0.1698121695883133, 0.4121138266700139, 0.3794388255439729, 0.0524742990553971, -0.11656274904658949, 0.3639701890168255, 0.2111286123799874, 0.2719113106207997, -0.06020641878786054, 0.6361963052324344, 0.42471953238332, 0.4063913543732966, 0.5066221064971105], [0.9227511631115939, 0.8140523413233818, 0.7720512484962379,