{"times": [{"name": 0, "matrix": [[1.0, 0.34275677192567583, 0.46526780964976444, 0.17253881783112995, -0.16495308720541904, 0.33549920196526695, 0.2190910106741491, 0.1299343927354701, -0.08756267287749489, -0.10186095282334863, -0.10215670389117484, 0.24847542022037697, -0.08883877269554821, 0.05115210692096323, 0.44989171213732454, 0.47496771400460014, 0.2396564146862024, 0.5599716720553474, 0.6286201316819477, -0.11321542644786713, 0.322110519542689, 0.5450388158611308, 0.019683804734011406, 0.027120468043395747, -0.1857880860848902, 0.5673082170521916, -0.04079890342115133, 0.12755212904143726, 0.11883248021915117], [0.34275677192567583, 1.0, -0.06411721052139162, 0.20420352605430958, 0.5187880171555557, 0.3735047736562183, 0.2851429676811096, 0.053334831531659424, 0.285266675903506, -0.17790276356254112, -0.112717232096399, 0.5320572258022234, 0.04029444274170053, 0.648297165901795, 0.24966121014937262, 0.29076231801162006, 0.5624836320133968, 0.33822216744601896, 0.26125458724993816, -0.053583733374202525, 0.450955107040209, 0.22322935093405225, -0.07257306496178446, 0.23835964333563386, -0.1840602182002245, -0.10015611257476721, 0.2318765845156406, -0.04133328587063915, 0.3870733872368821], [0.46526780964976444, -0.06411721052139162, 1.0, 0.3421781731193884, -0.3767141736755991, 0.34043351022351065, -0.11994438330271111, -0.1603095082238981, -0.23951736898057782, -0.1105318930942028, -0.21353401257667234, 0.04657963318930461, -0.6018434416221886, -0.14325485181915282, -0.32992201640721797, 0.14029913491725457, 0.16297992637174982, 0.48061962093793287, 0.36470181487716935, 0.19231583840206895, 0.2555455560762302, -0.12655691681348252, 0.20471955672568692, -0.23266697251727142, -0.32432257516694146, 0.48317818742089796, 0.31980891057816996, 0.04001341828577847, 0.21284888127958881], [0.17253881783112995, 0.20420352605430958, 0.3421781731193884, 1.0, 0.04195715930091253, 0.6541762590370455, -0.15836289229199396, -0.3723897055032142, 0.00017999785972866198, -0.40468855011152116, -0.04702772261315761, 0.1015511915495696, -0.46071440684078124, 0.10026561131354701, -0.2040896905798478, 0.402708530783953, 0.22707662193654127, 0.49166259117316286, 0.1377610709447606, 0.5075771231967119, 0.33738646048283305, 0.00819686831602044, 0.12499734915759816, -0.167127620790352, 0.07936409630365938, 0.270013997603453, 0.42289564310393196, 0.2366503038187157, 0.6844047261970668], [-0.16495308720541904, 0.5187880171555557, -0.3767141736755991, 0.04195715930091253, 1.0, 0.010492073552744303, -0.2156993517567417, 0.014720744060762158, -0.19829814505020962, -0.44213469751025913, -0.17760724183297755, -0.01999119099679229, 0.360742262938004, 0.2827228650465604, 0.2573741968755626, -0.09503585567658736, -0.0416569348764049, 0.08131749459021209, -0.09393136398948915, -0.17072899660346896, 0.20535431399820483, -0.018656512886896456, -0.24761910592513256, 0.2842791566024999, 0.3105944190483576, -0.5024061210202249, -0.006805576993461441, 0.04497828336043752, 0.1836676918848592], [0.33549920196526695, 0.3735047736562183, 0.34043351022351065, 0.6541762590370455, 0.010492073552744303, 1.0, 0.07437729890155155, -0.09416574567546587, 0.13325675369602147, -0.22575757859398632, -0.007264707005620815, 0.4624969801206094, -0.1280942461447819, 0.384732301465942, -0.1339542666589068, 0.5335837909737687, 0.5072492533029349, 0.5611251047205733, 0.6097232118808967, 0.19307097667226053, 0.5392529948342349, 0.15366410025815974, 0.0587226133571349, 0.13124340873253576, -0.01819499739297785, 0.07858312087267813, 0.29644074277827015, 0.31104153819960517, 0.6457045119128527], [0.2190910106741491, 0.2851429676811096, -0.11994438330271111, -0.15836289229199396, -0.2156993517567417, 0.07437729890155155, 1.0, 0.08852137176690698, 0.5948580943816844, 0.4562734087351984, 0.628247783791566, 0.7328370287085247, -0.10134248273157125, 0.44649747356065633, -0.09253450275035793, 0.05720521815348066, 0.7121332666968616, 0.31407567182638546, 0.2740507817410482, 0.06719082727607842, 0.3522980079249654, 0.43041603984163385, 0.034736389584021775, -0.06340997839898041, -0.43370003918398664, 0.41637700481395173, 0.2371079654546956, -0.07143248533363022, 0.22693067313450907], [0.1299343927354701, 0.053334831531659424, -0.1603095082238981, -0.3723897055032142, 0.014720744060762158, -0.09416574567546587, 0.08852137176690698, 1.0, 0.10202197981756948, 0.12220133115369676, 0.24003012562794077, 0.16921360626922155, 0.2721433315636907, 0.016274469547168213, 0.19027274857853374, 0.2039148978008327, -0.0064577755920534104, -0.18980513425392517, 0.13398476341735094, -0.2172669877479079, 0.2489086741213058, 0.0735433493328554, -0.09476323928264813, 0.35793207100080576, 0.3051786825889605, -0.08429424735197058, -0.16798792315507113, -0.3424207304647634, -0.06489056485006439], [-0.08756267287749489, 0.285266675903506, -0.23951736898057782, 0.00017999785972866198, -0.19829814505020962, 0.13325675369602147, 0.5948580943816844, 0.10202197981756948, 1.0, 0.6656683402073921, 0.5982046609582018, 0.5537404676530868, -0.040933637242773435, 0.5823074418438743, -0.20174883472587007, 0.22770530883848739, 0.6303547647319586, -0.04867839661551459, 0.0027325866944162623, 0.17889311341504022, 0.38014095099362893, 0.16305810749810998, 0.10986289390005965, -0.19781272471975891, -0.38554588419324287, 0.032289852904492974, 0.36782791699844974, 0.10358142926403371, 0.19490050607864923], [-0.10186095282334863, -0.17790276356254112, -0.1105318930942028, -0.40468855011152116, -0.44213469751025913, -0.22575757859398632, 0.4562734087351984, 0.12220133115369676, 0.6656683402073921, 1.0, 0.45038224690183604, 0.22054126761732054, 0.1278964837416449, 0.26433697398885975, -0.09593406277258251, -0.07641243549719412, 0.23323320234367692, -0.20967277122420333, -0.015374232849922871, -0.14640582267274907, -0.01608347554448294, 0.22974656185902015, 0.14931823109868717, -0.26547915070812145, -0.44446565624639933, 0.024277807965685926, 0.1910683183466749, 0.16458500339388693, -0.17125433280333174], [-0.10215670389117484, -0.112717232096399, -0.21353401257667234, -0.04702772261315761, -0.17760724183297755, -0.007264707005620815, 0.628247783791566, 0.24003012562794077, 0.5982046609582018, 0.45038224690183604, 1.0, 0.5369389079235817, -0.07464511096486028, 0.1295656929982375, -0.1369775022865216, 0.0770109163101513, 0.3744507591784292, 0.10266662517439096, 0.020374795646223333, 0.054386831155809105, 0.4585397483131019, 0.23583765461070547, 0.07503143868946081, -0.2556948657561181, -0.25820842847573533, 0.13399225238994664, 0.4153568299226806, 0.24080526070805996, 0.24009947251026564], [0.24847542022037697, 0.5320572258022234, 0.04657963318930461, 0.1015511915495696, -0.01999119099679229, 0.4624969801206094, 0.7328370287085247, 0.16921360626922155, 0.5537404676530868, 0.22054126761732054, 0.5369389079235817, 1.0, -0.155161418923844, 0.4130676661679859, -0.13799477629417667, 0.19945726242772038, 0.8359680633376548, 0.4648425155508213, 0.39787403938371996, -0.08909459046252063, 0.693674684515027, 0.31082730243576956, 0.15576794436499386, 0.1514150925037288, -0.4346546598974927, 0.16572307822115903, 0.37504455413522386, -0.04352770473440963, 0.5204875393602342], [-0.08883877269554821, 0.04029444274170053, -0.6018434416221886, -0.46071440684078124, 0.360742262938004, -0.1280942461447819, -0.10134248273157125, 0.2721433315636907, -0.040933637242773435, 0.1278964837416449, -0.07464511096486028, -0.155161418923844, 1.0, 0.12470803424274896, 0.6068062616406364, 0.08926199891215107, -0.33806680683941326, -0.25398713959857144, -0.02694316757204363, -0.30143006012526263, -0.2234682073889608, 0.19868628561031249, -0.10153784582644185, 0.16853668061636654, 0.4420222887114049, -0.39528791412160547, -0.32456409624199173, 0.1633246806160971, -0.20384746868382242], [0.05115210692096323, 0.648297165901795, -0.14325485181915282, 0.10026561131354701, 0.2827228650465604, 0.384732301465942, 0.44649747356065633, 0.016274469547168213, 0.5823074418438743, 0.26433697398885975, 0.1295656929982375, 0.4130676661679859, 0.12470803424274896, 1.0, -0.08195615962999957, 0.35145792319381974, 0.613721297414148, 0.11355963998411953, 0.19882328379608996, 0.18308502468669896, 0.4742717736852865, 0.09839709735799544, -0.16133797235988423, 0.1293205609257271, -0.16075273248688468, -0.10135682136408794, 0.29644364715377575, 0.16063972424442727, 0.35055253326885355], [0.44989171213732454, 0.24966121014937262, -0.32992201640721797, -0.2040896905798478, 0.2573741968755626, -0.1339542666589068, -0.09253450275035793, 0.19027274857853374, -0.20174883472587007, -0.09593406277258251, -0.1369775022865216, -0.13799477629417667, 0.6068062616406364, -0.08195615962999957, 1.0, 0.2883649338944224, -0.313462253160791, -0.0361392039782001, 0.06120089841907543, -0.36187036645855697, -0.12515188403552788, 0.4217578327970029, -0.2751213174397402, 0.042270768538189556, 0.24152638843057653, -0.08828286220734206, -0.34342568662729067, 0.20720667916795468, -0.3040451652902215], [0.47496771400460014, 0.29076231801162006, 0.14029913491725457, 0.402708530783953, -0.09503585567658736, 0.5335837909737687, 0.05720521815348066, 0.2039148978008327, 0.22770530883848739, -0.07641243549719412, 0.0770109163101513, 0.19945726242772038, 0.08926199891215107, 0.35145792319381974, 0.2883649338944224, 1.0, 0.21862693062600255, 0.19576953857868204, 0.4121943757430749, 0.32927061406585106, 0.46319614447215557, 0.2981894931650307, -0.34733468780431037, 0.040695717335289365, 0.25713113421026124, 0.3272307851397832, -0.023695634376440004, 0.2574959724820552, 0.1965036920003056], [0.2396564146862024, 0.5624836320133968, 0.16297992637174982, 0.22707662193654127, -0.0416569348764049, 0.5072492533029349, 0.7121332666968616, -0.0064577755920534104, 0.6303547647319586, 0.23323320234367692, 0.3744507591784292, 0.8359680633376548, -0.33806680683941326, 0.613721297414148, -0.313462253160791, 0.21862693062600255, 1.0, 0.481610094005872, 0.4417072761573636, 0.20399873614822842, 0.6567059956947564, 0.1909370599540294, 0.10831019751165219, 0.05105183932288744, -0.5374590106837744, 0.29682023520540574, 0.40490664711918867, -0.05880373157386622, 0.5406725465303514], [0.5599716720553474, 0.33822216744601896, 0.48061962093793287, 0.49166259117316286, 0.08131749459021209, 0.5611251047205733, 0.31407567182638546, -0.18980513425392517, -0.04867839661551459, -0.20967277122420333, 0.10266662517439096, 0.4648425155508213, -0.25398713959857144, 0.11355963998411953, -0.0361392039782001, 0.19576953857868204, 0.481610094005872, 1.0, 0.47307477626027306, 0.0031697891512656837, 0.4061311405602635, 0.5129432641945921, 0.3102312260366777, -0.28910838141700207, -0.14901460354315085, 0.48795117150928885, 0.5106053517920577, 0.10714358500220411, 0.6004390090273757], [0.6286201316819477, 0.26125458724993816, 0.36470181487716935, 0.1377610709447606, -0.09393136398948915, 0.6097232118808967, 0.2740507817410482, 0.13398476341735094, 0.0027325866944162623, -0.015374232849922871, 0.020374795646223333, 0.39787403938371996, -0.02694316757204363, 0.19882328379608996, 0.06120089841907543, 0.4121943757430749, 0.4417072761573636, 0.47307477626027306, 1.0, 0.007340088467286229, 0.38097783533694585, 0.43489624027097706, -0.053696175416963844, 0.3151400479409669, -0.27322219478039633, 0.30329693062144475, -0.06957088296186646, 0.2842054400518041, 0.28063340232761086], [-0.11321542644786713, -0.053583733374202525, 0.19231583840206895, 0.5075771231967119, -0.17072899660346896, 0.19307097667226053, 0.06719082727607842, -0.2172669877479079, 0.17889311341504022, -0.14640582267274907, 0.054386831155809105, -0.08909459046252063, -0.30143006012526263, 0.18308502468669896, -0.36187036645855697, 0.32927061406585106, 0.20399873614822842, 0.0031697891512656837, 0.007340088467286229, 1.0, 0.13521568512952237, -0.38377411209372136, -0.03753569193022672, -0.16611252311510122, 0.07556958163655632, 0.46809407359190064, 0.1492484982683891, -0.03433220545665832, 0.36591199306990563], [0.322110519542689, 0.450955107040209, 0.2555455560762302, 0.33738646048283305, 0.20535431399820483, 0.5392529948342349, 0.3522980079249654, 0.2489086741213058, 0.38014095099362893, -0.01608347554448294, 0.4585397483131019, 0.693674684515027, -0.2234682073889608, 0.4742717736852865, -0.12515188403552788, 0.46319614447215557, 0.6567059956947564, 0.4061311405602635, 0.38097783533694585, 0.13521568512952237, 1.0, 0.04492299898280731, -0.08524098791954743, 0.20060135178012944, -0.19748078936497004, 0.14192569888867518, 0.34739422817563825, 0.13635978798524795, 0.5588693702694532], [0.5450388158611308, 0.22322935093405225, -0.12655691681348252, 0.00819686831602044, -0.018656512886896456, 0.15366410025815974, 0.43041603984163385, 0.0735433493328554, 0.16305810749810998, 0.22974656185902015, 0.23583765461070547, 0.31082730243576956, 0.19868628561031249, 0.09839709735799544, 0.4217578327970029, 0.2981894931650307, 0.1909370599540294, 0.5129432641945921, 0.43489624027097706, -0.38377411209372136, 0.04492299898280731, 1.0, -0.05565249640308752, -0.17169118141043052, -0.029464491526738044, 0.3061241518270035, 0.053082879682930566, 0.2761832035468554, 0.0474476271150995], [0.019683804734011406, -0.07257306496178446, 0.20471955672568692, 0.12499734915759816, -0.24761910592513256, 0.0587226133571349, 0.034736389584021775, -0.09476323928264813, 0.10986289390005965, 0.14931823109868717, 0.07503143868946081, 0.15576794436499386, -0.10153784582644185, -0.16133797235988423, -0.2751213174397402, -0.34733468780431037, 0.10831019751165219, 0.3102312260366777, -0.053696175416963844, -0.03753569193022672, -0.08524098791954743, -0.05565249640308752, 1.0, -0.22067135235187563, -0.3164122035859153, 0.10949245569969641, 0.4738184535507941, -0.15512740772767294, 0.4035561176135124], [0.027120468043395747, 0.23835964333563386, -0.23266697251727142, -0.167127620790352, 0.2842791566024999, 0.13124340873253576, -0.06340997839898041, 0.35793207100080576, -0.19781272471975891, -0.26547915070812145, -0.2556948657561181, 0.1514150925037288, 0.16853668061636654, 0.1293205609257271, 0.042270768538189556, 0.040695717335289365, 0.05105183932288744, -0.28910838141700207, 0.3151400479409669, -0.16611252311510122, 0.20060135178012944, -0.17169118141043052, -0.22067135235187563, 1.0, 0.14009522130676355, -0.30576853793342135, -0.5991086259631886, -0.30423997934397623, -0.014503794255324347], [-0.1857880860848902, -0.1840602182002245, -0.32432257516694146, 0.07936409630365938, 0.3105944190483576, -0.01819499739297785, -0.43370003918398664, 0.3051786825889605, -0.38554588419324287, -0.44446565624639933, -0.25820842847573533, -0.4346546598974927, 0.4420222887114049, -0.16075273248688468, 0.24152638843057653, 0.25713113421026124, -0.5374590106837744, -0.14901460354315085, -0.27322219478039633, 0.07556958163655632, -0.19748078936497004, -0.029464491526738044, -0.3164122035859153, 0.14009522130676355, 1.0, -0.1500704534590731, -0.3660518411727851, -0.22394343357905147, -0.11847797322841094], [0.5673082170521916, -0.10015611257476721, 0.48317818742089796, 0.270013997603453, -0.5024061210202249, 0.07858312087267813, 0.41637700481395173, -0.08429424735197058, 0.032289852904492974, 0.024277807965685926, 0.13399225238994664, 0.16572307822115903, -0.39528791412160547, -0.10135682136408794, -0.08828286220734206, 0.3272307851397832, 0.29682023520540574, 0.48795117150928885, 0.30329693062144475, 0.46809407359190064, 0.14192569888867518, 0.3061241518270035, 0.10949245569969641, -0.30576853793342135, -0.1500704534590731, 1.0, 0.10281858786250272, -0.1202495654083389, 0.22289559336861134], [-0.04079890342115133, 0.2318765845156406, 0.31980891057816996, 0.42289564310393196, -0.006805576993461441, 0.29644074277827015, 0.2371079654546956, -0.16798792315507113, 0.36782791699844974, 0.1910683183466749, 0.4153568299226806, 0.37504455413522386, -0.32456409624199173, 0.29644364715377575, -0.34342568662729067, -0.023695634376440004, 0.40490664711918867, 0.5106053517920577, -0.06957088296186646, 0.1492484982683891, 0.34739422817563825, 0.053082879682930566, 0.4738184535507941, -0.5991086259631886, -0.3660518411727851, 0.10281858786250272, 1.0, 0.2908886940704911, 0.656815794923121], [0.12755212904143726, -0.04133328587063915, 0.04001341828577847, 0.2366503038187157, 0.04497828336043752, 0.31104153819960517, -0.07143248533363022, -0.3424207304647634, 0.10358142926403371, 0.16458500339388693, 0.24080526070805996, -0.04352770473440963, 0.1633246806160971, 0.16063972424442727, 0.20720667916795468, 0.2574959724820552, -0.05880373157386622, 0.10714358500220411, 0.2842054400518041, -0.03433220545665832, 0.13635978798524795, 0.2761832035468554, -0.15512740772767294, -0.30423997934397623, -0.22394343357905147, -0.1202495654083389, 0.2908886940704911, 1.0, 0.15825168368144316], [0.11883248021915117, 0.3870733872368821, 0.21284888127958881, 0.6844047261970668, 0.1836676918848592, 0.6457045119128527, 0.22693067313450907, -0.06489056485006439, 0.19490050607864923, -0.17125433280333174, 0.24009947251026564, 0.5204875393602342, -0.20384746868382242, 0.35055253326885355, -0.3040451652902215, 0.1965036920003056, 0.5406725465303514, 0.6004390090273757, 0.28063340232761086, 0.36591199306990563, 0.5588693702694532, 0.0474476271150995, 0.4035561176135124, -0.014503794255324347, -0.11847797322841094, 0.22289559336861134, 0.656815794923121, 0.15825168368144316, 1.0]]}, {"name": 1, "matrix": [[1.07, 0.33932920420641904, 0.43735174107077857, 0.16563726511788474, -0.17814933418185258, 0.38246909024040426, 0.22785465110111508, 0.11953964131663251, -0.085811419419945, -0.1049167814080491, -0.11543707539702756, 0.2285973866027468, -0.09239232360337014, 0.049617543713334336, 0.40040362380221883, 0.5414631939652441, 0.2564323637142366, 0.5151739382909196, 0.6726235408996841, -0.10868680938995244, 0.3607637818878117, 0.5177868750680742, 0.022242699349432887, 0.030103719528169284, -0.15791987317215667, 0.5729812992227135, -0.043246837626420405, 0.12882765033185162, 0.12239745462572571], [0.33932920420641904, 1.01, -0.07052893157353078, 0.22870794918082676, 0.503224376640889, 0.407120203285278, 0.3108058347724095, 0.0560015731082424, 0.3252040105299968, -0.15477540429941078, -0.11384440441736299, 0.4735309309639788, 0.03465322075786245, 0.5575355626755437, 0.27213071906281616, 0.31111568027243347, 0.5568587956932628, 0.321311059073718, 0.26386713312243754, -0.04929703470426632, 0.4148786984769923, 0.252249166555479, -0.0682186810640774, 0.21214008256871414, -0.15645118547019082, -0.0861342568142998, 0.26202054050267387, -0.03637329156616245, 0.4373929275776767], [0.4885312001322527, -0.05706431736403854, 1.01, 0.33191282792580673, -0.32397418936101524, 0.37788119634809686, -0.10675050113941288, -0.17313426888180997, -0.26107393218882985, -0.09395210913007238, -0.1836392508159382, 0.041455873538481104, -0.5356406630437479, -0.15328269144649354, -0.3266227962431458, 0.14029913491725457, 0.18253751753635983, 0.4854258171473122, 0.35740777857962597, 0.2057779470902138, 0.270878289440804, -0.13288476265415666, 0.21495553456197128, -0.23266697251727142, -0.3016199949052556, 0.45901927804985304, 0.351789801635987, 0.045615296845787454, 0.18092154908765049], [0.14665799515646047, 0.1980774202726803, 0.3729742087001334, 1.06, 0.04321587407993991, 0.6934268345792682, -0.17261555259827344, -0.32025514673276423, 0.00020159760289610142, -0.36826658060148426, -0.043265504804105, 0.10561323921155238, -0.39160724581466405, 0.09023905018219232, -0.21837596892043715, 0.41881687201531115, 0.20663972596225255, 0.5064124689083578, 0.15567001016757945, 0.44666786841310646, 0.3744989711359447, 0.008114899632860237, 0.10874769376711041, -0.14205847767179922, 0.08333230111884236, 0.25381315774724583, 0.36369025306938146, 0.25794883116240014, 0.6707166316731255], [-0.1863969885421235, 0.5914183395573334, -0.3955498823593791, 0.036083156998784775, 0.85, 0.011016677230381518, -0.21785634527430914, 0.013248669654685942, -0.2121790152037243, -0.4996122081865928, -0.17938331425130732, -0.021590486276535675, 0.40763875711994446, 0.29685900829888845, 0.28825910050063014, -0.09788693134688498, -0.04748890575910158, 0.08213066953611421, -0.09487067762938405, -0.19121647619588525, 0.20124722771824075, -0.020522164175586104, -0.2525714880436352, 0.3155498638287749, 0.3137003632388412, -0.5174783046508317, -0.006465298143788369, 0.05082546019729439, 0.1616275688586761], [0.37240411418144637, 0.3286842008174721, 0.3642638559391564, 0.71959388494075, 0.009967469875107087, 1.11, 0.06991466096745845, -0.10452397769976712, 0.1372544563069021, -0.2099545480924073, -0.008136471846295314, 0.5087466781326704, -0.13065613106767754, 0.3462590713193478, -0.14868923599138656, 0.6029496838003586, 0.4971042682368762, 0.4769563390124873, 0.6706955330689864, 0.18920955713881532, 0.5015052851958385, 0.16134730527106775, 0.0634204224257057, 0.12336880420858361, -0.018376947366907627, 0.07072480878541032, 0.25790344621709504, 0.27371655361565256, 0.5553058802450533], [0.18841826917976823, 0.2908458270347318, -0.129539933966928, -0.15677926336907402, -0.22217033230944397, 0.06470825004434985, 0.97, 0.07878402087254721, 0.606755256269318, 0.5110262177834223, 0.5968353946019876, 0.7474937692826953, -0.08816795997646698, 0.44203249882504975, -0.09531053783286868, 0.06464189651343315, 0.6124346093593009, 0.31407567182638546, 0.30419636773256353, 0.05711220318466666, 0.3311601274494675, 0.4347202002400502, 0.03404166179234134, -0.06404407818297021, -0.3729820336982285, 0.45385093524720743, 0.2086550096001321, -0.07500410960031174, 0.24054651352257964], [0.13513176844488892, 0.060801707946091736, -0.1522940328127032, -0.4133525731085678, 0.012659839892255456, -0.09039911584844723, 0.09560308150825955, 0.93, 0.0989613204230424, 0.1368654908921404, 0.2688337407032937, 0.18951923902152815, 0.25581473166986923, 0.01611172485169653, 0.20168911349324578, 0.20799319575684935, -0.006070309056530205, -0.19929539096662144, 0.13130506814900392, -0.21074897811547066, 0.2489086741213058, 0.0639827139195842, -0.08244401817590387, 0.30782158106069296, 0.2746608143300645, -0.0876660172460494, -0.14446961391336116, -0.3732385962065921, -0.0590504140135586], [-0.07617952540342056, 0.27670867562640084, -0.21317045839271426, 0.00016559803095036904, -0.2201109410057327, 0.1372544563069021, 0.6602924847636696, 0.11324439759750214, 0.85, 0.6856383904136139, 0.5443662414719637, 0.48175420685818554, -0.0405243008703457, 0.6405381860282617, -0.2178887415039397, 0.234536468103642, 0.7123008841471131, -0.05549337214168663, 0.002541305625807124, 0.19678242475654426, 0.3573324939340112, 0.18588624254784536, 0.11865192541206443, -0.22550650618052515, -0.35470221345778347, 0.028737969084998746, 0.3457582419785427, 0.09736654350819168, 0.18905349089628976], [-0.10899121952098303, -0.16367054247753784, -0.09837338485384049, -0.43706363412044286, -0.411185268684541, -0.24156060909556537, 0.4471479405604944, 0.10753717141525315, 0.5791314559804311, 1.03, 0.4774051817159462, 0.22936291832201336, 0.13557027276614358, 0.26962371346863695, -0.09305604088940503, -0.07106356501239054, 0.2588888546014814, -0.2201564097854135, -0.014144294221929043, -0.16397452139347898, -0.017691823098931237, 0.2550186836635124, 0.16872960114151647, -0.2389312356373093, -0.3822404643719034, 0.026462810682597662, 0.1910683183466749, 0.14648065302055938, -0.15584144285103188], [-0.11543707539702756, -0.11497157673832699, -0.23915809408587305, -0.043265504804105, -0.17050295215965844, -0.0063929421649463174, 0.590552916764072, 0.20882620929630846, 0.65204308044444, 0.45038224690183604, 1.07, 0.5476776860820534, -0.0813631709516977, 0.11790478062839613, -0.13012862717219553, 0.07470058882084676, 0.39317329713735066, 0.09445329516043968, 0.019356055863912165, 0.06145711920606428, 0.5227353130769361, 0.24291278424902663, 0.07803269623703925, -0.2582518144136793, -0.27886510275379417, 0.13801201996164503, 0.39874255672577336, 0.22154083985141518, 0.24009947251026564], [0.22611263240054305, 0.5267366535442011, 0.04099007720658806, 0.09342709622560404, -0.020391014816728135, 0.5226215875362886, 0.7328370287085247, 0.16921360626922155, 0.5094412302408399, 0.24700621973139902, 0.49398379528969516, 1.08, -0.13654204865298272, 0.42959037281470536, -0.1573140449753614, 0.17552239093639393, 0.760730937637266, 0.3951161382181981, 0.34217167386999914, -0.09265837408102147, 0.6520542034441253, 0.2642032070704041, 0.1370757910411946, 0.1377877341783932, -0.41726847350159296, 0.17566646291442858, 0.4125490095487463, -0.04178659654503324, 0.5725362932962577], [-0.09416909905728112, 0.035459109612696466, -0.5898065727897448, -0.5206072797300828, 0.31745319138544353, -0.11784670645319936, -0.09627535859499269, 0.24492899840732163, -0.04379899184976758, 0.1125489056926475, -0.07688446429380609, -0.13654204865298272, 1.12, 0.119719712873039, 0.5886020737914174, 0.07587269907532841, -0.3549701471813839, -0.25398713959857144, -0.02559600919344145, -0.3315730661377889, -0.20112138665006474, 0.21855491417134376, -0.09239943970206209, 0.18876108229033053, 0.3978200598402644, -0.35180624356822887, -0.2985989685426324, 0.16495792742225807, -0.19977051931014597], [0.04450233302123801, 0.7390587691280462, -0.12892936663723753, 0.10227092353981795, 0.30816792290075085, 0.43859482367117386, 0.42863757461823004, 0.0182274058928284, 0.6230689627729455, 0.25905023450908254, 0.11013083904850188, 0.43372104947638523, 0.13094343595488642, 0.86, -0.07785835164849958, 0.35497250242575795, 0.5278003157761673, 0.098796886786184, 0.17496448974055917, 0.1940701261679009, 0.42684459631675786, 0.08363753275429613, -0.14359079540029696, 0.14613223384607163, -0.13663982261385196, -0.0983161167231653, 0.26976371890993595, 0.15421413527465017, 0.3575635839342306], [0.4139003751663386, 0.26214427065684126, -0.3398196768994345, -0.20817148439144476, 0.29083284246938573, -0.12055883999301613, -0.09438519280536509, 0.21310547840795782, -0.19973134637861137, -0.10840549093301823, -0.152045027538039, -0.11867550761299193, 0.6856910756539191, -0.07212142047439962, 1.12, 0.2970158819112551, -0.3197314982240068, -0.035416419898636094, 0.06120089841907543, -0.3546329591293858, -0.13266099707765955, 0.41754025446903287, -0.2448579725213688, 0.043116183908953346, 0.23186533289335345, -0.10064246291636994, -0.3537284572261094, 0.20720667916795468, -0.3040451652902215], [0.43697029688423217, 0.3314690425332468, 0.1346871695205644, 0.45103355447802745, -0.10358908268748022, 0.5495913047029818, 0.054344957245806624, 0.21003234473485768, 0.22998236192687227, -0.08023305727205383, 0.08702233543047097, 0.17552239093639393, 0.08033579902093596, 0.37957455704932536, 0.2797139858775897, 0.96, 0.20769558409470243, 0.18598106164974793, 0.3709749381687674, 0.28975814037794895, 0.5048837974746496, 0.3220446526182332, -0.3195479127799656, 0.04395137472211252, 0.28541555897339, 0.369770787207955, -0.023221721688911203, 0.24719613358277298, 0.18078339664028115], [0.24444954297992647, 0.5962326499342007, 0.17112892269033733, 0.1975566610847909, -0.04207350422516895, 0.5478291935671697, 0.6622839380280814, -0.006845242127576616, 0.6681760506158761, 0.2355655343671137, 0.40066231232091926, 0.9195648696714204, -0.37525415559174874, 0.6935050660779872, -0.2758467827814961, 0.19895050686966234, 1.0, 0.5249550024664006, 0.48587800377310003, 0.20807871087119298, 0.571334216254438, 0.20621202475035177, 0.10506089158630262, 0.05513598646871844, -0.5858303216453142, 0.2671382116848652, 0.4413482453599157, -0.06056784352108221, 0.6055532521139936], [0.5039745048498127, 0.33822216744601896, 0.5094567981942089, 0.5113290948200894, 0.08213066953611421, 0.5442913515789561, 0.34548323900902406, -0.16702851814345415, -0.043323772987807985, -0.22434986520989758, 0.0975332939156714, 0.3997645633737063, -0.25652701099455716, 0.12945798958189625, -0.034693635819072095, 0.1801079754923875, 0.5056905987061656, 1.07, 0.5061900105984922, 0.0033916743918542816, 0.46298950023870034, 0.5385904274043217, 0.3350497241196119, -0.30067271667368217, -0.16689635596832897, 0.44403556607345285, 0.4595448166128519, 0.1017864057520939, 0.5644126684857331], [0.6349063329987672, 0.23512912852494436, 0.3902309419185712, 0.15429239945813186, -0.10614244130812273, 0.6097232118808967, 0.27953179737586914, 0.142023849222392, 0.0027325866944162623, -0.01675791380641593, 0.022208527254383433, 0.40583152017139434, -0.02344055578767796, 0.21671737933773808, 0.06242491638745694, 0.3709749381687674, 0.4637926399652318, 0.4021135598212321, 0.98, 0.007780493775323403, 0.4190756188706405, 0.39140661624387935, -0.05423313717113348, 0.2773232421880509, -0.2677577508847884, 0.27600020686551474, -0.059830959347205157, 0.24157462404403346, 0.2525700620948498], [-0.10529034659651643, -0.053583733374202525, 0.18462320486598618, 0.5380317505885146, -0.17414357653553836, 0.21623949387293182, 0.05845601973018823, -0.19554028897311712, 0.1753152511467394, -0.1259090074985642, 0.0609132508945062, -0.08107607732089378, -0.33458736673904155, 0.17393077345236402, -0.3329207371418724, 0.30292896494058297, 0.18359886253340557, 0.003074695476727713, 0.007266687582613366, 1.08, 0.14332862623729373, -0.4375024877868423, -0.03190533814069271, -0.15448464649704413, 0.0717911025547285, 0.40724184402495356, 0.15372595321644078, -0.030898984910992487, 0.4171396720996924], [0.3156683091518352, 0.41036914740659025, 0.24021282271165637, 0.31714327285386307, 0.19714014143827663, 0.5877857643693162, 0.3311601274494675, 0.2314850669328144, 0.42575786511286445, -0.01624431029992777, 0.46312514579623293, 0.5965602286829232, -0.23240693568451926, 0.422101878579905, -0.1351640347583701, 0.4261404529143831, 0.6829742355225467, 0.4061311405602635, 0.3619289435700985, 0.14062431253470326, 0.96, 0.038184549135386214, -0.09376508671150217, 0.1805412166021165, -0.22315329198241612, 0.13624867093312817, 0.2987590362310489, 0.14317777738451035, 0.5756354513775368], [0.5177868750680742, 0.25448146006481953, -0.10757337929146014, 0.0077050562170592135, -0.020335599046717136, 0.15366410025815974, 0.38737443585747044, 0.07795595029282673, 0.17773333717293988, 0.24353135557056138, 0.2664965497100972, 0.3077190294114119, 0.1927256970420031, 0.09249327151651571, 0.4217578327970029, 0.2653886489168773, 0.17184335395862646, 0.5796258885398891, 0.4088024658547184, -0.37226088873090973, 0.047618378921775756, 1.04, -0.061217746043396276, -0.14593750419886595, -0.030053781357272807, 0.32755284245489374, 0.054144537276589175, 0.27342137151138685, 0.04982000847085447], [0.01791226230795038, -0.06386429716637033, 0.22314431683099875, 0.11124764075026236, -0.23523815062887593, 0.0610715178914203, 0.030220658938098943, -0.09002507731851571, 0.0977779755710531, 0.1418523195437528, 0.0817842681715123, 0.16978705935784333, -0.09849171045164859, -0.1371372765059016, -0.2861261701373298, -0.37859480970669834, 0.11480880936235133, 0.2699011666519096, -0.05745490769615132, -0.03415747965650631, -0.09035544719472027, -0.05565249640308752, 0.86, -0.24715191463410072, -0.3353969358010703, 0.12044170126966607, 0.49750937622833385, -0.15978122995950314, 0.43987616819872855], [0.024137216558622214, 0.2216744683021395, -0.2140536147158897, -0.1821691066614837, 0.2928075313005749, 0.1483050518677654, -0.06784867688690904, 0.3436147881607735, -0.21363774269733965, -0.23362165262314688, -0.27615045501660757, 0.14233018695350508, 0.1752781478410212, 0.12285453287944074, 0.03973452242589818, 0.038660931468524895, 0.04645717378382757, -0.2919994652311721, 0.3371998512968346, -0.15614577172819513, 0.19057128419112296, -0.18542647592326497, -0.22508477939891314, 0.91, 0.13589236466756063, -0.28742242565741605, -0.6769927473384031, -0.3255367778980546, -0.012908376887238669], [-0.16906715833725008, -0.20614744438425145, -0.27567418889190026, 0.07618953245151301, 0.27021714457207113, -0.01819499739297785, -0.46405904192686576, 0.2960233221112917, -0.3624131311416483, -0.4800229087461113, -0.2607905127604927, -0.4737735792882671, 0.3757189454046942, -0.1671828417863601, 0.21012795793460157, 0.29312949299969776, -0.49983687993591025, -0.16540620993289745, -0.2896155264672201, 0.07481388582019076, -0.16785867096022453, -0.029169846611470665, -0.36070991208794345, 0.14429807794596647, 1.13, -0.1590746806666175, -0.39533598846660795, -0.23738003959379458, -0.11729319349612684], [0.6240390387574108, -0.11417796833523461, 0.4880099692951069, 0.3051158172919019, -0.5174783046508317, 0.07779728966395134, 0.38723061447697515, -0.08682307477252971, 0.028737969084998746, 0.024763364124999646, 0.12193294967485144, 0.15909415509231267, -0.359712001850661, -0.11250607171413762, -0.08828286220734206, 0.3239584772883854, 0.32650225872594635, 0.48795117150928885, 0.3123958385400881, 0.39787996255311553, 0.14192569888867518, 0.34592029156451387, 0.12372647494065693, -0.34246076248543195, -0.14856974892448238, 0.89, 0.10281858786250272, -0.11062960017567179, 0.2474141086391586], [-0.03549504597640166, 0.24810794543173548, 0.29102610862613465, 0.43981146882808925, -0.006805576993461441, 0.27568989078379125, 0.2299947264910547, -0.18310683623902754, 0.37518447533841875, 0.17769353606240768, 0.38212828352886613, 0.42004990063145076, -0.3018446095050523, 0.2667992824383982, -0.37433399842374687, -0.024643459751497607, 0.3887103812344211, 0.5106053517920577, -0.07374513593957846, 0.1328311634588663, 0.31612874763983084, 0.0562678524639064, 0.43117479273122267, -0.5691531946650291, -0.39533598846660795, 0.11618500428462807, 1.0, 0.26470871160414694, 0.5977023733800402], [0.13137869291268037, -0.03967995443581358, 0.03641221064005841, 0.20115275824590836, 0.04632763186125065, 0.26749572285166046, -0.06714653621361241, -0.36639018159729686, 0.11808282936099843, 0.18598105383509222, 0.27210994460010773, -0.04048076540300096, 0.15515844658529224, 0.15100134078976163, 0.21342287954299333, 0.2626458919316963, -0.06409606741551419, 0.09964353405204983, 0.2984157120543943, -0.032272273129258816, 0.133632592225543, 0.24856488319216985, -0.15978122995950314, -0.33770637707181367, -0.24857721127274715, -0.13467951325733957, 0.26761759854485184, 0.86, 0.15825168368144316], [0.1105142066038106, 0.37933191949214445, 0.20220643721560935, 0.7528451988167736, 0.18917772264140498, 0.7102749631041381, 0.24281582025392473, -0.07332633828057275, 0.16761443522763833, -0.16954178947529844, 0.2521044461357789, 0.49446316239222243, -0.2303476396127193, 0.3750912105976733, -0.2979642619844171, 0.20436383968031782, 0.567706173856869, 0.5584082783954594, 0.2666017322112303, 0.4061623123075953, 0.525337208053286, 0.04080495931898557, 0.35916494467602605, -0.015519059853197053, -0.11255407456699039, 0.20952185776649465, 0.715929216466202, 0.15350413317099987, 0.93]]}, {"name": 2, "matrix": [[0.91, 0.43056150838152546, 0.5564195041449347, 0.17965856231069877, -0.09659122710328372, 0.3879815214800094, 0.25387362791782386, 0.11671833687232437, -0.028188745959092272, -0.04716897640582095, -0.06362500752132964, 0.3139755497641805, -0.0804907910568452, 0.045320143085910855, 0.4727044874866716, 0.4734702764746919, 0.24133660316205663, 0.664421288052556, 0.6113448874921228, -0.07098661758680859, 0.3512376150698084, 0.5005644605617593, 0.07167815177592432, 0.0836858018358384, -0.1175575807776607, 0.5377464488779207, 0.01409398773027512, 0.19776555874925278, 0.16762442273868916], [0.33530453750065703, 1.02, -0.005624868214887324, 0.2533616519731127, 0.5775063804082011, 0.36884050104993665, 0.3290160738604291, 0.04724108583967028, 0.31444865989511567, -0.1284172789059575, -0.06954834422709973, 0.6212406624794604, 0.048407231616308846, 0.626070842990966, 0.29530319461461896, 0.28209342103668716, 0.5868886362518699, 0.3662508650332933, 0.31739434042256964, -0.010785596587852577, 0.4618700290185775, 0.17903927355700058, -0.017272573914451198, 0.30530813491737147, -0.13144812787510263, -0.03666563919261474, 0.2361595718843679, 0.010069807121954776, 0.35644987745770473], [0.4234697111191539, -0.005624868214887324, 0.98, 0.3338824979951259, -0.3329705999590238, 0.40947839227406957, -0.05145615840401158, -0.13342810381424933, -0.15298546380424285, -0.06906826567049335, -0.15427840659313952, 0.11585333586690688, -0.5911719387608175, -0.09755681590659779, -0.25953632187164066, 0.1786488508829873, 0.18532644128690587, 0.46202543066090646, 0.43405511937798247, 0.2156117647055351, 0.2736989212188764, -0.10785027428930294, 0.23465156650465394, -0.17562557002106044, -0.26624351797837725, 0.5083602753982434, 0.3720198187950881, 0.09449452760035204, 0.24037127287799218], [0.22193116520733377, 0.20175094508970084, 0.3227530813952884, 0.92, 0.09006710276832552, 0.6618096412766481, -0.08947015933517394, -0.38449030537885526, 0.05271056110098771, -0.3656674659123834, -0.04752139197549528, 0.1529853399108122, -0.44598980160233515, 0.09584379517360159, -0.13164239069516176, 0.38111191690828816, 0.26374937354523476, 0.5561509880053689, 0.20525474230671745, 0.5367009351303859, 0.33904370790879385, 0.006507850816129391, 0.13537492202530452, -0.0937948461602701, 0.13984994531581701, 0.30696095829209713, 0.49284470149783455, 0.2957802089319939, 0.7364020582322452], [-0.09090939021485525, 0.5938509006084333, -0.25797722158987424, 0.10267649715589108, 0.94, 0.054341096744882335, -0.12991355082573872, 0.0040399625016408385, -0.13753587139825946, -0.3951818301860617, -0.14299481462884633, 0.037536687466936065, 0.3107659633556809, 0.2525720138456328, 0.2647637819709823, -0.06216281802377085, 0.011316232282339762, 0.12005633204790715, -0.0351381747733995, -0.11259683194343267, 0.21137994580636393, -0.027943323212464607, -0.17195800220679583, 0.3181100855879242, 0.29689152710322475, -0.4278073769183485, 0.050735286031487144, 0.09396591146709896, 0.23101545701587894], [0.3111172577905736, 0.3966026893010071, 0.3238601829804004, 0.5740185664134193, 0.061211810126419186, 1.04, 0.12715400825169965, -0.11265387789406353, 0.15276800675229169, -0.1581997917407307, -0.011811174229024418, 0.41527064429441163, -0.13349041025069108, 0.3886548297434647, -0.06375414311014137, 0.5233684896901907, 0.5848053667201938, 0.5978835263791942, 0.6379603240217513, 0.2589031108659946, 0.6430157554937757, 0.14150566186856192, 0.10839070131896872, 0.16470978923492136, 0.038016744141485176, 0.13529770973601105, 0.319470573414713, 0.3576445037881857, 0.6138841051676852], [0.2618906898520709, 0.32575848897072185, -0.05087142933123873, -0.09139424878324219, -0.12426513557244573, 0.11851247371032197, 1.13, 0.07421417718741367, 0.6898644213221978, 0.41553351701424274, 0.5188656907283007, 0.7259353555865575, -0.10944225259711006, 0.44241122009300765, -0.02635953171943615, 0.0758949364670058, 0.6342137966757344, 0.3253135687091855, 0.34674688421231536, 0.09572262276531301, 0.3202639306385435, 0.3408549478676908, 0.08199833295645156, -0.004670055051013749, -0.37101277641688085, 0.5057488414288268, 0.25053963570432997, -0.008571945156590073, 0.2726344345326745], [0.10998458666815181, 0.04777188455696995, -0.12601543138012436, -0.3959108094990193, 0.003719965471807901, -0.11725199535912736, 0.05816786860635125, 0.86, 0.07911103280258643, 0.0966149355917149, 0.2635573223254854, 0.14260465603950748, 0.33654980943011437, 0.05585336307759041, 0.13102495734520692, 0.13238462776025336, -0.04598463161666912, -0.1911514570033066, 0.11229572541360949, -0.22667290790217828, 0.203871607345978, 0.08573339788203514, -0.09255980603583078, 0.34021576973321704, 0.21598019587766934, -0.10711104690494813, -0.15212733944975396, -0.3183756292151015, -0.0795732740100152], [-0.02895060395798665, 0.29499822732428377, -0.16010106677188207, 0.05318543102081642, -0.10877837101498701, 0.16144800713594462, 0.5974718648951177, 0.08685015557675248, 1.12, 0.74413866227491, 0.5291730594083742, 0.4832882087454362, -0.04628080313781337, 0.6157518708332237, -0.14056578955227378, 0.24528829781086947, 0.6843483452947793, 0.009187817085736773, 0.049033367289582915, 0.18751921694174617, 0.3963989145987138, 0.13317724297373543, 0.15356911723741837, -0.14001077064999842, -0.3241607656586662, 0.08114100491786161, 0.3695554730980