{"times": [{"name": 0, "matrix": [[1.0, 0.4682797149495787, 0.3087966122304253, 0.3680424959073163, -0.09429348039227019, 0.13732117445484793, -0.052064362873852424, -0.1771470488338766, 0.0893633127390742, 0.17954339722202328, -0.10865119557379524, -0.13782312285741755, -0.13206790000197735, -0.42270448236273, 0.032242569249977544, 0.289963183894314, 0.20868258237934825, 0.3789544853585728, 0.3843819658958008, -0.3117432299239101, 0.06101172981106223, 0.4420355004536345, -0.31150889859287767, -0.013572608072120755, -0.24319843993603044, 0.6774390819825851, 0.07931713875512768, 0.3656012339830827, 0.079074134341052], [0.4682797149495787, 1.0, 0.14048521415874243, 0.14884577149018763, -0.2564513997518236, 0.026938093654646996, 0.40503105330201084, 0.03507753173767628, 0.40316394752850016, 0.2020284472581164, 0.22722338333868256, 0.19180316000970593, 0.15897809786956918, -0.07913836267883768, -0.12220532736496904, 0.20812487349948272, 0.6394861661189236, 0.11223744644975336, 0.33741884674782074, -0.22721400827277974, 0.09718626179565962, 0.13494565468579092, -0.05850942835291233, 0.3188506744361092, 0.010151258731646956, 0.3624674240552504, 0.03933794567532753, 0.3294232626325982, -0.1485545232699211], [0.3087966122304253, 0.14048521415874243, 1.0, 0.2998005513001029, -0.13071319919938773, 0.7630890231478177, -0.04500419734762933, -0.5817557441863136, -0.42108178044178596, -0.31681582153884025, -0.32652478255550416, -0.3656305822580851, -0.4352958416580427, -0.17817243713446038, -0.2348416261055206, 0.38939300706364866, 0.03989329688675811, 0.22329733269382498, 0.27151818275197265, 0.38470055812158055, -0.1418288977021781, 0.11039294201666766, -0.060779270975638046, -0.37709258984864236, -0.17619720653648197, 0.3966233800388382, 0.5784858344443525, -0.0033038554382925824, 0.3168043138461918], [0.3680424959073163, 0.14884577149018763, 0.2998005513001029, 1.0, -0.509092940511399, 0.3409332034923931, -0.17550692145484154, -0.12925741618806308, 0.011395709613681217, 0.36539901595452223, -0.16229704445928633, -0.2228984018663171, 0.12363976234939918, -0.368720223890132, -0.4215557465976766, -0.2597011838097004, 0.23203519344622867, -0.31720122900419573, 0.3686183207269046, -0.2391786410359461, 0.48390871263290197, 0.5004552865126584, -0.004869966699464599, -0.09303330030851964, 0.029601733271397066, 0.45587158757519447, -0.174031570513936, 0.40188375033243984, -0.2987440595362432], [-0.09429348039227019, -0.2564513997518236, -0.13071319919938773, -0.509092940511399, 1.0, -0.046548536038758116, -0.17412510663298625, -0.05084523263584119, -0.20682001788105614, -0.2291404851394238, -0.2524587004960077, 0.0026617468076906158, -0.05517394581498631, -0.193766132405765, 0.509819667648251, 0.5330264457297887, -0.3570037316407224, 0.17997790031613167, -0.14999254395080072, 0.335512800667463, -0.23971085263231504, -0.4436075507479327, 0.03906260280022545, -0.07080384576353445, -0.017212225332280253, -0.40287272742625585, 0.270788291065667, -0.2977501027821362, 0.4269116333724376], [0.13732117445484793, 0.026938093654646996, 0.7630890231478177, 0.3409332034923931, -0.046548536038758116, 1.0, 0.012754630603112445, -0.576081333752896, -0.48648534619027606, -0.3098261767683087, -0.46240098210379443, -0.3548620585697944, -0.23823789113232605, -0.05963874349554114, -0.4493782881662132, 0.15756495585278568, 0.0007437800568232672, 0.16791246939944318, 0.3953883931523539, 0.41528904373471315, 0.07475140013356638, 0.1402998395151079, 0.14103643066667523, -0.5577010342562573, -0.23499694043706837, 0.10502409443328092, 0.6577485604502383, 0.07953046541586943, 0.2936894762594288], [-0.052064362873852424, 0.40503105330201084, -0.04500419734762933, -0.17550692145484154, -0.17412510663298625, 0.012754630603112445, 1.0, 0.07488768315288998, 0.4605332008855478, 0.2898925523257037, 0.5703290967191679, 0.5372728869009913, -0.007438686137852914, 0.377473526174228, 0.07066317815581655, 0.08140470758136396, 0.5759072995801556, 0.07979773942568247, 0.0390373693948241, 0.22158122172719524, -0.1016428640531354, -0.22271825954578672, -0.132222947258751, 0.1836177100117851, 0.10984315013732968, -0.29815353849790116, 0.2133596337792214, 0.07025540148951745, 0.023220817800986674], [-0.1771470488338766, 0.03507753173767628, -0.5817557441863136, -0.12925741618806308, -0.05084523263584119, -0.576081333752896, 0.07488768315288998, 1.0, 0.3895024886530558, 0.26103583152998194, 0.5745246505730208, 0.2025189324656072, 0.5243700783272167, 0.07051393970656154, 0.36003622366022053, -0.27647259769759625, -0.11217774040659763, -0.38156001718600097, -0.49241311464570786, -0.37069259776149455, 0.0027513799138939796, 0.047802041480107964, -0.18677123723637568, 0.47752206561780014, -0.039373473695938986, -0.31087664914927465, -0.4414661410365035, -0.038417344400694844, -0.4555043760853137], [0.0893633127390742, 0.40316394752850016, -0.42108178044178596, 0.011395709613681217, -0.20682001788105614, -0.48648534619027606, 0.4605332008855478, 0.3895024886530558, 1.0, 0.6473219106888881, 0.5464320878740407, 0.37140883791180956, 0.46478754560032143, 0.3911936523193539, 0.30460703972016867, -0.18320545378153189, 0.6886619931890742, -0.19812596770021654, 0.2528550762949117, -0.2880893647370979, 0.17758008647828888, 0.045130013972420585, -0.4237184709062847, 0.4212594382103133, 0.3838375445752755, 0.01077060007524302, -0.2876567562205303, 0.3236230213561743, -0.027480316076168725], [0.17954339722202328, 0.2020284472581164, -0.31681582153884025, 0.36539901595452223, -0.2291404851394238, -0.3098261767683087, 0.2898925523257037, 0.26103583152998194, 0.6473219106888881, 1.0, 0.29410623380172357, 0.30613437321137094, 0.42026530743453494, -0.10000091346074905, 0.14526533992208188, -0.22374870800911784, 0.48989638595765356, -0.14705787418079844, 0.23996193626007833, -0.18411542262967948, 0.3441718124117205, 0.4896025084952023, -0.24531136018565608, 0.46315499421219586, 0.575407263411445, 0.20450316589401785, -0.307828914321208, 0.5149363263173844, -0.1698381743455745], [-0.10865119557379524, 0.22722338333868256, -0.32652478255550416, -0.16229704445928633, -0.2524587004960077, -0.46240098210379443, 0.5703290967191679, 0.5745246505730208, 0.5464320878740407, 0.29410623380172357, 1.0, 0.4471164764212499, 0.10562923871418241, 0.2994133933830642, 0.2559887302927202, -0.07880949248933085, 0.13458681505450956, -0.3407940762575723, -0.5155615307765212, -0.2881366839687596, -0.24518436518800082, -0.1746303690278195, -0.3243200602088546, 0.6327771927662971, 0.11831746716914918, -0.28906686837110246, -0.3380227476111462, -0.11916553810870897, -0.5392607078203528], [-0.13782312285741755, 0.19180316000970593, -0.3656305822580851, -0.2228984018663171, 0.0026617468076906158, -0.3548620585697944, 0.5372728869009913, 0.2025189324656072, 0.37140883791180956, 0.30613437321137094, 0.4471164764212499, 1.0, -0.14964084427295649, 0.028048920389763313, 0.40373817907246723, 0.15913900631788183, 0.08891175141433107, -0.059428790469878395, -0.13282561885130337, -0.035482316315257036, -0.3104882466609021, -0.24251997748962828, -0.07933785311113035, 0.2756547062049212, -0.012285474701770365, -0.33434759130995906, 0.07221683339313621, -0.3860790316128077, 0.00965008585124145], [-0.13206790000197735, 0.15897809786956918, -0.4352958416580427, 0.12363976234939918, -0.05517394581498631, -0.23823789113232605, -0.007438686137852914, 0.5243700783272167, 0.46478754560032143, 0.42026530743453494, 0.10562923871418241, -0.14964084427295649, 1.0, 0.039238035861657146, -0.010673881876783468, -0.4556169215436592, 0.3535396955788641, -0.28814368313235833, 0.11026513127393302, -0.09421487582554804, 0.36904675984608826, 0.21511865483908318, -0.09965262350340837, 0.37425675970306455, 0.3325622653305339, -0.1841237905792981, -0.46104405046011987, 0.4956938318091834, -0.27310072720704576], [-0.42270448236273, -0.07913836267883768, -0.17817243713446038, -0.368720223890132, -0.193766132405765, -0.05963874349554114, 0.377473526174228, 0.07051393970656154, 0.3911936523193539, -0.10000091346074905, 0.2994133933830642, 0.028048920389763313, 0.039238035861657146, 1.0, 0.020384789651097874, -0.260040152125559, 0.2664249406250376, 0.03751518625271164, 0.028852905081494788, 0.058127726243947776, 0.11425482300635939, -0.28927602644995837, -0.12974863342492154, -0.1325118513585577, 0.2118573213806633, -0.25268740459151084, -0.02456334375462721, -0.08763477772646323, 0.14693965133976422], [0.032242569249977544, -0.12220532736496904, -0.2348416261055206, -0.4215557465976766, 0.509819667648251, -0.4493782881662132, 0.07066317815581655, 0.36003622366022053, 0.30460703972016867, 0.14526533992208188, 0.2559887302927202, 0.40373817907246723, -0.010673881876783468, 0.020384789651097874, 1.0, 0.38531006658306494, -0.18343586665195805, 0.09771606852146227, -0.3082077551525694, -0.04198487179231617, -0.37951573125043797, -0.2833302036643343, -0.5314614860584755, 0.19196888638020143, -0.1063981184812886, -0.2467012097730766, 0.05010002721362019, -0.256823400526152, 0.304174594852018], [0.289963183894314, 0.20812487349948272, 0.38939300706364866, -0.2597011838097004, 0.5330264457297887, 0.15756495585278568, 0.08140470758136396, -0.27647259769759625, -0.18320545378153189, -0.22374870800911784, -0.07880949248933085, 0.15913900631788183, -0.4556169215436592, -0.260040152125559, 0.38531006658306494, 1.0, -0.1449966026859905, 0.2955326772569667, -0.04830730127019058, 0.427274668265617, -0.49908936746006877, -0.29911798871784034, -0.21818736791962448, -0.138071640309508, -0.09985297220936498, -0.04908837806810065, 0.48012633611354977, -0.4689179171746511, 0.35742584687125306], [0.20868258237934825, 0.6394861661189236, 0.03989329688675811, 0.23203519344622867, -0.3570037316407224, 0.0007437800568232672, 0.5759072995801556, -0.11217774040659763, 0.6886619931890742, 0.48989638595765356, 0.13458681505450956, 0.08891175141433107, 0.3535396955788641, 0.2664249406250376, -0.18343586665195805, -0.1449966026859905, 1.0, 0.03314632519769566, 0.6367059459478767, 0.023411346133463094, 0.37212532553933514, 0.13862342554775783, -0.10603666319118313, 0.137884116809422, 0.37455944657479634, 0.2562238683029472, -0.009820704378100583, 0.6071461460741658, 0.1297137239229738], [0.3789544853585728, 0.11223744644975336, 0.22329733269382498, -0.31720122900419573, 0.17997790031613167, 0.16791246939944318, 0.07979773942568247, -0.38156001718600097, -0.19812596770021654, -0.14705787418079844, -0.3407940762575723, -0.059428790469878395, -0.28814368313235833, 0.03751518625271164, 0.09771606852146227, 0.2955326772569667, 0.03314632519769566, 1.0, 0.13374948991654814, 0.11049039244842215, -0.0717750727219426, -0.04119946950196792, -0.09144233786821813, -0.24270683276671326, -0.10954368807031017, 0.3532807015795845, 0.2396413834253861, 0.04499776501797042, 0.4811634574454621], [0.3843819658958008, 0.33741884674782074, 0.27151818275197265, 0.3686183207269046, -0.14999254395080072, 0.3953883931523539, 0.0390373693948241, -0.49241311464570786, 0.2528550762949117, 0.23996193626007833, -0.5155615307765212, -0.13282561885130337, 0.11026513127393302, 0.028852905081494788, -0.3082077551525694, -0.04830730127019058, 0.6367059459478767, 0.13374948991654814, 1.0, 0.12881344193175534, 0.3780346473770783, 0.39234055897943654, 0.06815490148423843, -0.3261219539476223, 0.1769658156493075, 0.4341817280263647, 0.33296237702611275, 0.5023242859197128, 0.4856801090698336], [-0.3117432299239101, -0.22721400827277974, 0.38470055812158055, -0.2391786410359461, 0.335512800667463, 0.41528904373471315, 0.22158122172719524, -0.37069259776149455, -0.2880893647370979, -0.18411542262967948, -0.2881366839687596, -0.035482316315257036, -0.09421487582554804, 0.058127726243947776, -0.04198487179231617, 0.427274668265617, 0.023411346133463094, 0.11049039244842215, 0.12881344193175534, 1.0, -0.21387099460696377, -0.16924241128152262, 0.23617691409010522, -0.33717656493259185, 0.2265474022254587, -0.42432205564691805, 0.46866150508049254, -0.2893337043414539, 0.4418291337301223], [0.06101172981106223, 0.09718626179565962, -0.1418288977021781, 0.48390871263290197, -0.23971085263231504, 0.07475140013356638, -0.1016428640531354, 0.0027513799138939796, 0.17758008647828888, 0.3441718124117205, -0.24518436518800082, -0.3104882466609021, 0.36904675984608826, 0.11425482300635939, -0.37951573125043797, -0.49908936746006877, 0.37212532553933514, -0.0717750727219426, 0.3780346473770783, -0.21387099460696377, 1.0, 0.27402314147786594, 0.18660785689135945, -0.23568125713770455, 0.2507781587165043, 0.3373049359222422, -0.2541987106318393, 0.5161333586812291, -0.022912284021062195], [0.4420355004536345, 0.13494565468579092, 0.11039294201666766, 0.5004552865126584, -0.4436075507479327, 0.1402998395151079, -0.22271825954578672, 0.047802041480107964, 0.045130013972420585, 0.4896025084952023, -0.1746303690278195, -0.24251997748962828, 0.21511865483908318, -0.28927602644995837, -0.2833302036643343, -0.29911798871784034, 0.13862342554775783, -0.04119946950196792, 0.39234055897943654, -0.16924241128152262, 0.27402314147786594, 1.0, 0.12156951311629899, 0.11510875554140043, 0.1317437967086614, 0.5189591401777248, -0.1306450565260951, 0.5617218956056339, -0.2004257442619687], [-0.31150889859287767, -0.05850942835291233, -0.060779270975638046, -0.004869966699464599, 0.03906260280022545, 0.14103643066667523, -0.132222947258751, -0.18677123723637568, -0.4237184709062847, -0.24531136018565608, -0.3243200602088546, -0.07933785311113035, -0.09965262350340837, -0.12974863342492154, -0.5314614860584755, -0.21818736791962448, -0.10603666319118313, -0.09144233786821813, 0.06815490148423843, 0.23617691409010522, 0.18660785689135945, 0.12156951311629899, 1.0, -0.08562628496654569, 0.028195544549371586, -0.13886958593136378, -0.05837476318742939, -0.0661068241089145, -0.134564019625189], [-0.013572608072120755, 0.3188506744361092, -0.37709258984864236, -0.09303330030851964, -0.07080384576353445, -0.5577010342562573, 0.1836177100117851, 0.47752206561780014, 0.4212594382103133, 0.46315499421219586, 0.6327771927662971, 0.2756547062049212, 0.37425675970306455, -0.1325118513585577, 0.19196888638020143, -0.138071640309508, 0.137884116809422, -0.24270683276671326, -0.3261219539476223, -0.33717656493259185, -0.23568125713770455, 0.11510875554140043, -0.08562628496654569, 1.0, 0.43808990104505385, -0.0281248177667744, -0.5628651386145469, 0.1921819010910146, -0.6201080605274111], [-0.24319843993603044, 0.010151258731646956, -0.17619720653648197, 0.029601733271397066, -0.017212225332280253, -0.23499694043706837, 0.10984315013732968, -0.039373473695938986, 0.3838375445752755, 0.575407263411445, 0.11831746716914918, -0.012285474701770365, 0.3325622653305339, 0.2118573213806633, -0.1063981184812886, -0.09985297220936498, 0.37455944657479634, -0.10954368807031017, 0.1769658156493075, 0.2265474022254587, 0.2507781587165043, 0.1317437967086614, 0.028195544549371586, 0.43808990104505385, 1.0, 0.05815587761180308, -0.36110022119598856, 0.21346777025909192, -0.11611571520712546], [0.6774390819825851, 0.3624674240552504, 0.3966233800388382, 0.45587158757519447, -0.40287272742625585, 0.10502409443328092, -0.29815353849790116, -0.31087664914927465, 0.01077060007524302, 0.20450316589401785, -0.28906686837110246, -0.33434759130995906, -0.1841237905792981, -0.25268740459151084, -0.2467012097730766, -0.04908837806810065, 0.2562238683029472, 0.3532807015795845, 0.4341817280263647, -0.42432205564691805, 0.3373049359222422, 0.5189591401777248, -0.13886958593136378, -0.0281248177667744, 0.05815587761180308, 1.0, -0.05000332244638395, 0.47430042159513913, 0.06462620639512484], [0.07931713875512768, 0.03933794567532753, 0.5784858344443525, -0.174031570513936, 0.270788291065667, 0.6577485604502383, 0.2133596337792214, -0.4414661410365035, -0.2876567562205303, -0.307828914321208, -0.3380227476111462, 0.07221683339313621, -0.46104405046011987, -0.02456334375462721, 0.05010002721362019, 0.48012633611354977, -0.009820704378100583, 0.2396413834253861, 0.33296237702611275, 0.46866150508049254, -0.2541987106318393, -0.1306450565260951, -0.05837476318742939, -0.5628651386145469, -0.36110022119598856, -0.05000332244638395, 1.0, -0.16385383391937414, 0.6976480689138581], [0.3656012339830827, 0.3294232626325982, -0.0033038554382925824, 0.40188375033243984, -0.2977501027821362, 0.07953046541586943, 0.07025540148951745, -0.038417344400694844, 0.3236230213561743, 0.5149363263173844, -0.11916553810870897, -0.3860790316128077, 0.4956938318091834, -0.08763477772646323, -0.256823400526152, -0.4689179171746511, 0.6071461460741658, 0.04499776501797042, 0.5023242859197128, -0.2893337043414539, 0.5161333586812291, 0.5617218956056339, -0.0661068241089145, 0.1921819010910146, 0.21346777025909192, 0.47430042159513913, -0.16385383391937414, 1.0, -0.07851297463409927], [0.079074134341052, -0.1485545232699211, 0.3168043138461918, -0.2987440595362432, 0.4269116333724376, 0.2936894762594288, 0.023220817800986674, -0.4555043760853137, -0.027480316076168725, -0.1698381743455745, -0.5392607078203528, 0.00965008585124145, -0.27310072720704576, 0.14693965133976422, 0.304174594852018, 0.35742584687125306, 0.1297137239229738, 0.4811634574454621, 0.4856801090698336, 0.4418291337301223, -0.022912284021062195, -0.2004257442619687, -0.134564019625189, -0.6201080605274111, -0.11611571520712546, 0.06462620639512484, 0.6976480689138581, -0.07851297463409927, 1.0]]}, {"name": 1, "matrix": [[1.09, 0.5291560778930239, 0.2717410187627743, 0.34964037111195045, -0.1008940240197291, 0.11809621003116921, -0.04998178835889833, -0.19131881274058674, 0.08400151397472974, 0.15440732161094, -0.09235351623772595, -0.13093196671454665, -0.13735061600205645, -0.4438397064808665, 0.03320984632747687, 0.3276583978005748, 0.2003352790841743, 0.39411266477291573, 0.42282016248538096, -0.32109552682162745, 0.06467243359972596, 0.3934115954037347, -0.34888996642402303, -0.01506559496005404, -0.24563042433539073, 0.7519573810006694, 0.08248982430533279, 0.3546331969635902, 0.09014451314879927], [0.44486572920209977, 1.0, 0.1376755098755676, 0.156288060064697, -0.27696751173196954, 0.030440045829751104, 0.39693043223597063, 0.03472675642029952, 0.4394487028060652, 0.1959675938403729, 0.20677327883820112, 0.18029497040912357, 0.17328612667783042, -0.07359867729131905, -0.12220532736496904, 0.23309985831942068, 0.703434782730816, 0.10438082519827063, 0.34754141215025536, -0.23630256860369095, 0.08746763561609366, 0.1308972850452172, -0.05967961691997058, 0.2997196339699426, 0.010151258731646956, 0.3515934013335929, 0.04130484295909391, 0.31295209950096825, -0.15301115896801876], [0.34894017182038056, 0.1503191791498544, 1.09, 0.3147905788651081, -0.14770591509530812, 0.6562565599071232, -0.04545423932110562, -0.5410328420932716, -0.46740077629038246, -0.31364766332345184, -0.2873418086488437, -0.32541121820969576, -0.47447246740726656, -0.16391864216370355, -0.24423529114974143, 0.3504537063572838, 0.0359039671980823, 0.21659841271301022, 0.2443663644767754, 0.33853649114699086, -0.16026665440346125, 0.12143223621833443, -0.05166238032929234, -0.3846344416456152, -0.15505354175210412, 0.40852208144000335, 0.5379918260332479, -0.0029404313400803986, 0.27561975304618686], [0.3533207960710236, 0.12949582119646325, 0.32978060643011325, 0.99, -0.560002234562539, 0.3886638519813281, -0.18603733674213205, -0.13313513867370497, 0.010142181556176284, 0.3471290651567961, -0.15255922179172915, -0.2139824657916644, 0.1347673409608451, -0.4129666507569479, -0.45528020632549077, -0.2363280772668274, 0.23435554538069095, -0.28865311839381813, 0.3465012214832903, -0.2583129323188218, 0.488747799759231, 0.4554143107265191, -0.004772567365475307, -0.10047596433320122, 0.029009698605969126, 0.4239605764449309, -0.1479268349368456, 0.454128637875657, -0.3077063813223305], [-0.10560869803934261, -0.2692739697394148, -0.1150276152954612, -0.5752750227778808, 1.02, -0.05259984572379667, -0.15497134490335776, -0.05796356520485895, -0.22957021984797232, -0.2589287482075489, -0.2524587004960077, 0.0026085118715368032, -0.05296698798238685, -0.21701806829445683, 0.5455070443836286, 0.5330264457297887, -0.34629361969150074, 0.16557966829084114, -0.15599224570883274, 0.3388679286741376, -0.23491663557966874, -0.37706641813574276, 0.04414074116425475, -0.06726365347535772, -0.015835247305697832, -0.382729091054943, 0.25724887651238365, -0.32752511306034987, 0.431180749706162], [0.15242650364488122, 0.027476855527739937, 0.8622905961570339, 0.3341145394225452, -0.04096271171410714, 1.02, 0.010841436012645578, -0.5184732003776065, -0.5059447600378871, -0.3532018415158719, -0.5040170704931359, -0.38325102325537796, -0.20964934419644693, -0.06619900528005067, -0.3909591107046055, 0.15441365673572996, 0.0007735312590961979, 0.19142021511536522, 0.3558495538371185, 0.4235948246094074, 0.06877128812288107, 0.14591183309571223, 0.1269327876000077, -0.5632780445988198, -0.2490967568632925, 0.11447626293227621, 0.6906359884727503, 0.08032577007002813, 0.25550984434570306], [-0.0557088682750221, 0.4293329165001315, -0.04635432326805821, -0.15795622930935738, -0.18457261303096542, 0.012244445378987947, 1.02, 0.06964554533218768, 0.4098745487881375, 0.2724989991861615, 0.5817356786535512, 0.47817286934188225, -0.00781062044474556, 0.41899561405339314, 0.07914275953451454, 0.09117327249112765, 0.5125574966263385, 0.09017144555102118, 0.03942774308877234, 0.23930771946537088, -0.11079072181791759, -0.21380952916395524, -0.129578488313576, 0.18545388711190294, 0.11313844464144956, -0.29219046772794316, 0.2282948081437669, 0.07657838762357402, 0.02275640144496694], [-0.1718326373688603, 0.039988386180950956, -0.5410328420932716, -0.1421831578068694, -0.04321844774046501, -0.6567327204783014, 0.07264105265830327, 1.1, 0.35055223978775024, 0.2975808479441794, 0.5687794040672907, 0.22074563638751188, 0.5768070861599385, 0.0683985215153647, 0.36003622366022053, -0.295825679536428, -0.11442129521472959, -0.3548508159829809, -0.502261376938622, -0.3262094860301152, 0.0024762419225045815, 0.04493391899130148, -0.207316073332377, 0.4297698590560201, -0.03858600422202021, -0.30465911616628916, -0.4856127551401539, -0.034575609960625364, -0.42361906975934177], [0.08310788084733901, 0.43138542385549516, -0.37897360239760736, 0.012307366382775716, -0.23577482038440398, -0.5545932946569146, 0.4467172048589813, 0.4440328370644836, 1.11, 0.6991076635439992, 0.4972531999653771, 0.3528383960162191, 0.5252099265283632, 0.4224891445049022, 0.2771924061453535, -0.1758772356302706, 0.7230950928485279, -0.1882196693152057, 0.2503265255319626, -0.2880893647370979, 0.19711389599090068, 0.049643015369662646, -0.48303905683316456, 0.37492090000717887, 0.4337364253700613, 0.009370422065461428, -0.313545864280378, 0.36569401413247693, -0.03132756032683234], [0.17954339722202328, 0.21010958514844105, -0.3326566126157823, 0.32885911435907, -0.25434593850476045, -0.26954877378842856, 0.2956904033722178, 0.23232189006168394, 0.6084825960475548, 0.87, 0.261754548083534, 0.2693982484260064, 0.44968387895495243, -0.09000082211467414, 0.1409073797244194, -0.21927373384893548, 0.5290880968342658, -0.16764597656611022, 0.23276307817227598, -0.18963888530856987, 0.36826383928054096, 0.5434587844296747, -0.2698424962042217, 0.4677865441543178, 0.5006043191679571, 0.23313360911918032, -0.30475062517799595, 0.5458325058964275, -0.1630446473717515], [-0.09887258797215367, 0.24540125400577717, -0.3297900303810592, -0.1687889262376578, -0.21711448242656664, -0.4069128642513391, 0.49048302317848436, 0.4883459529870677, 0.5737536922677428, 0.261754548083534, 0.95, 0.4024048287791249, 0.09823519200418965, 0.2545013843756046, 0.2764678287161378, -0.0756571127897576, 0.11574466094687823, -0.3782814246459053, -0.5464952226231126, -0.29389941764813476, -0.21821408501732073, -0.15018211736392478, -0.27891525177961496, 0.5505161577066785, 0.12541651519929814, -0.28906686837110246, -0.36168433994392646, -0.12035719348979607, -0.46376420872550345], [-0.11714965442880491, 0.17262284400873534, -0.3546616647903425, -0.24518824205294884, 0.0027948341480751467, -0.319375852712815, 0.5802547178530706, 0.196443364491639, 0.38997927980740005, 0.3367478105325081, 0.4426453116570374, 1.11, -0.17059056247117038, 0.028890388001456213, 0.3674017429559452, 0.16073039638106065, 0.08624439887190113, -0.056457350946384474, -0.13282561885130337, -0.036546785804714745, -0.2825443044614209, -0.20614198086618404, -0.08251136723557558, 0.28116780032901967, -0.013514022171947403, -0.32431716357066026, 0.06788382338954804, -0.42082614445796046, 0.010132590143803523], [-0.11621975200174008, 0.14625985004000366, -0.48753134265700787, 0.1384765338313271, -0.05241524852423699, -0.21441410201909344, -0.006769204385446152, 0.4824204720610394, 0.46943542105632463, 0.44968387895495243, 0.09295373006848053, -0.1481444358302269, 0.98, 0.041199937654740004, -0.012168225339533153, -0.41461139860472984, 0.3924290620925392, -0.28526224630103475, 0.12239429571406565, -0.09421487582554804, 0.3653562922476274, 0.23663052032299153, -0.1106144120887833, 0.4229101384644629, 0.37579535982350326, -0.193329980108263, -0.4748753719739235, 0.5204785233996426, -0.23759763267012982], [-0.4184774375391027, -0.08309528081277957, -0.19598968084790644, -0.40927944851804654, -0.18020250313736147, -0.06679539271500608, 0.37369879091248576, 0.06346254573590539, 0.41075333493532157, -0.09200084038388913, 0.29043099158157226, 0.024683049942991715, 0.03492185191687486, 0.96, 0.02120018123714179, -0.26264055364681455, 0.3037244323125428, 0.042392160465564155, 0.032315253691274165, 0.055221339931750386, 0.1108271783161686, -0.32977467015295253, -0.1414260104331645, -0.15106351054875577, 0.22245018744969647, -0.21478429390278422, -0.02456334375462721, -0.09902729883090344, 0.15428663390675243], [0.02998558940247912, -0.10509658153387337, -0.24893212367185183, -0.41312463166572305, 0.4435431108539784, -0.4224155908762404, 0.06077033321400223, 0.3384340502406073, 0.3320216732949839, 0.1612445273135109, 0.2867073779278466, 0.38758865190956854, -0.010460404239247798, 0.017327071203433193, 1.07, 0.35448526125641977, -0.20911688798323216, 0.09380742578060378, -0.27430490208578673, -0.04744290512531727, -0.37951573125043797, -0.24933057922461418, -0.45174226314970417, 0.2130854638820236, -0.12022987388385611, -0.231899137186692, 0.0536070291185736, -0.22343635845775223, 0.2737571353668162], [0.26096686550488263, 0.22685611211443618, 0.38549907699301217, -0.26489520748589446, 0.49571459452870353, 0.17962404967217566, 0.09198731956694127, -0.26817841976666834, -0.17221312655463997, -0.23717363048966492, -0.07171663816529107, 0.157547616254703, -0.4328360754664762, -0.26524095516807017, 0.38145696591723427, 1.09, -0.13339687447111126, 0.2630240827587004, -0.049756520308296304, 0.4571838950442102, -0.5639709852298777, -0.2781797295075915, -0.21600549424042823, -0.15602095354974402, -0.10883973970820784, -0.04467042404197159, 0.4177099124187883, -0.4454720213159185, 0.3324060375902654], [0.20659575655555476, 0.6906450594084376, 0.03949436391789053, 0.2227537857083795, -0.37485391822275854, 0.0006619642505727078, 0.570148226584354, -0.11217774040659763, 0.7781880523036537, 0.48989638595765356, 0.12920334245232917, 0.09068998644261769, 0.30757953515361175, 0.2930674346875414, -0.20177945331715386, -0.1435466366591306, 0.96, 0.02950022942594914, 0.547567113515174, 0.02294311921079383, 0.37212532553933514, 0.14832706533610088, -0.09119153034441749, 0.14753600498608155, 0.40452420230078007, 0.29209520986535975, -0.009820704378100583, 0.6071461460741658, 0.12452517496605485], [0.34105903682271554, 0.09540182948229035, 0.21659841271301022, -0.3362333027444475, 0.1835774583224543, 0.14944209776550443, 0.08298964900270978, -0.4159004187327411, -0.19812596770021654, -0.14558729543899046, -0.3373861354949966, -0.06061736627927596, -0.24780356749382815, 0.03676488252765741, 0.09185310441017452, 0.31917529143752404, 0.031157545685833923, 0.91, 0.13909946951321006, 0.10717568067496949, -0.07823482926691744, -0.04531941645216472, -0.07772598718798542, -0.24998803774971468, -0.10078019302468537, 0.388608771737543, 0.21088441741433978, 0.04904756386958776, 0.5437147069133721], [0.39975724453163286, 0.33741884674782074, 0.3095307283372488, 0.32438412223967605, -0.1604920220273568, 0.3914345092208304, 0.04059886417061707, -0.561350950696107, 0.27814058392440294, 0.22556422008447363, -0.46916099300663433, -0.13681038741684248, 0.09813596683380038, 0.030584079386384477, -0.32361814291019786, -0.05313803139720964, 0.598503589191004, 0.14979942870653393, 1.13, 0.1391185172862958, 0.4082774191672446, 0.43157461487738025, 0.06338405838034174, -0.3000321976318125, 0.1982017135272244, 0.4862835353895285, 0.3795771098097685, 0.4822313144829243, 0.4176848938000569], [-0.3117432299239101, -0.19313190703186278, 0.434711630677386, -0.23678685462558663, 0.37577433674755856, 0.4692766194202258, 0.19720728733720377, -0.4188826354704888, -0.2621613219107591, -0.17306849727189869, -0.2737298497703216, -0.04009501743624044, -0.0913884295507816, 0.06510305339322152, -0.04702305640739412, 0.39309269480436765, 0.021538438442786047, 0.12374923954223283, 0.14040665170561334, 1.14, -0.24167422390586904, -0.14724089781492466, 0.2668799129218189, -0.3607789244778733, 0.24920214244800457, -0.4115923939775105, 0.4358551997248581, -0.3038003895585266, 0.3888096376825076], [0.06406231630161535, 0.10593302535726899, -0.15317520951835237, 0.4161614928642957, -0.25409350379025397, 0.0657812321175384, -0.09046214900729051, 0.0031090593027001965, 0.191786493396552, 0.30631291304643127, -0.25008805249176086, -0.32290777652733815, 0.3874990978383927, 0.10168679247565986, -0.3339738435003854, -0.5240438358330722, 0.3460765527515817, -0.0717750727219426, 0.36669360795576594, -0.2373968040137298, 1.14, 0.29320476138131657, 0.17727746404679146, -0.2238971942808193, 0.2633170666523295, 0.3541701827183543, -0.26945063326974966, 0.44387468846585704, -0.01993368709832411], [0.38899124039919836, 0.13494565468579092, 0.12474402447883444, 0.5204734979731647, -0.48353223031524667, 0.15713582025692088, -0.23608135511853393, 0.04302183733209717, 0.048740415090214234, 0.46022635798549016, -0.15891363581531576, -0.24737037703942086, 0.21296746829069235, -0.31241810856595503, -0.27766359959104764, -0.2841620892819483, 0.13307848852584753, -0.03707952255177113, 0.34525969190190414, -0.16078029071744648, 0.25210129015963667, 0.85, 0.11184395206699507, 0.09784244221019037, 0.14623561434661417, 0.4982007745706158, -0.1358708587871389, 0.4886980491769015, -0.17437039750791278], [-0.31462398757880644, -0.06084980548702882, -0.0589558928463689, -0.005356963369411059, 0.04335948910825026, 0.1396260663600085, -0.129578488313576, -0.19984522384292197, -0.4110069167790962, -0.2526707009912258, -0.34702246442347445, -0.08251136723557558, -0.11260746455885144, -0.1414260104331645, -0.4942591820343823, -0.22036924159882074, -0.10391592992735946, -0.09784330151899341, 0.06133941133581459, 0.2574328363582147, 0.17914354261570506, 0.12886368390327693, 0.92, -0.07620739362022566, 0.03101509900430875, -0.14581306522793197, -0.06129350134680086, -0.0733785747608951, -0.15205734217646355], [-0.01452269063716921, 0.2742115800150539, -0.3808635157471288, -0.08652096928692327, -0.06584757656008704, -0.47962288946038123, 0.1689282932108423, 0.5348247134919362, 0.39598387191769446, 0.41683949479097626, 0.63910496469396, 0.29770708270131496, 0.39671216528524844, -0.15106351054875577, 0.1746916866059833, -0.12840662548784246, 0.11995918162419714, -0.24756096942204753, -0.32286073440814606, -0.32368950233528815, -0.2333244445663275, 0.12661963109554047, -0.09590143916253117, 1.13, 0.39866180995099904, -0.02728107323377117, -0.6304089552482925, 0.171041891971003, -0.6511134635537816], [-0.25535836193283196, 0.009745208382381078, -0.18324509479794124, 0.028417663940541182, -0.01497463603908382, -0.25379669567203383, 0.10325256112908988, -0.04409829053945167, 0.3838375445752755, 0.6099316992161318, 0.12541651519929814, -0.013882586413000511, 0.32258539737061787, 0.18855301602879032, -0.1149099679597917, -0.10384709109773958, 0.3258667185200728, -0.09639844550187296, 0.18050513196229365, 0.2424057203812408, 0.22068477967052377, 0.14491817637952756, 0.024248168312459562, 0.3767573148987463, 1.03, 0.05466652495509489, -0.34665621234814903, 0.23481454728500112, -0.127727286727838], [0.6164695646041525, 0.38784014373911796, 0.3886909124380614, 0.42851929232068275, -0.39078654560346815, 0.11762698576527464, -0.26833818464811104, -0.3015503496747964, 0.009370422065461428, 0.17791775432779552, -0.32953622994305676, -0.3310041153968595, -0.1749176010503332, -0.25268740459151084, -0.27877236704357655, -0.04467042404197159, 0.22547700410659352, 0.3992071927849305, 0.4602326317079466, -0.4709974817680791, 0.34405103464068704, 0.586423828400829, -0.12081653976028649, -0.025031087812429218, 0.06048211271627521, 1.1, -0.043502890528354037, 0.47430042159513913, 0.07173508909858858], [0.08962836679329426, 0.04484525806987338, 0.5437766843776913, -0.16707030769337855, 0.278911939797637, 0.7432558733087692, 0.19202367040129928, -0.44588080244686856, -0.27327391840950377, -0.26781115545945094, -0.36168433994392646, 0.07943851673244984, -0.4149396454141079, -0.026282777817451114, 0.05460902966284601, 0.4081073856965173, -0.00991891142188159, 0.23724496959113223, 0.31631425817480713, 0.42179535457244327, -0.2541987106318393, -0.1201934520040075, -0.06304474424242375, -0.6247803038621471, -0.30693518801659025, -0.04800318954852859, 0.94, -0.1671309105977616, 0.6627656654681652], [0.34732117228392856, 0.3294232626325982, -0.0029073927856974728, 0.41795910034573747, -0.27095259353174395, 0.07873516076171073, 0.0688502934597271, -0.04264325228477128, 0.33009548178329784, 0.4840401467383413, -0.12154884887088316, -0.39380061224506385, 0.5105646467634589, -0.09289286439005104, -0.28764220858929024, -0.49705299220513016, 0.6496463762993575, 0.05084747447030657, 0.4370221287501501, -0.2777603561677957, 0.44903602205266935, 0.48308083022084514, -0.07007323355544937, 0.19026008208010445, 0.2220064810694556, 0.43161338365157664, -0.14910698886663046, 0.95, -0.06673602843898438], [0.06879449687671524, -0.16192443036421403, 0.3358125726769633, -0.29276917834551835, 0.47387191304340576, 0.2995632657846174, 0.020202111486858406, -0.4782795948895794, -0.02500708762931354, -0.18682199178013195, -0.4853346370383176, 0.009264082417191791, -0.30860382174396167, 0.16604180601393356, 0.34067554623426016, 0.3717228807461032, 0.14398223355450093, 0.42823547712646126, 0.5536753243396103, 0.4418291337301223, -0.020850178459166598, -0.2224725761307853, -0.11437941668141063, -0.6015048187115887, -0.09869835792605665, 0.07367387529044231, 0.7255539916704125, -0.07537245564873529, 1.02]]}, {"name": 2, "matrix": [[1.11, 0.4245256956756288, 0.3152992193061411, 0.38753527547600636, -0.03453542828971616, 0.16168910896781402, 0.0004404172746202442, -0.14302610543448463, 0.11172916158393516, 0.19364094456039854, -0.053557608505254345, -0.1153086247689505, -0.06515811210752348, -0.3121876713542207, 0.10560289512145281, 0.29907720551535055, 0.2496139200131, 0.45186900923753215, 0.3393760812798349, -0.22763827674214046, 0.10094550267635288, 0.39949992334548123, -0.23505350964680438, -0.04781241871851309, -0.23050457015926418, 0.7366067713729262, 0.12034349077140308, 0.36280686466380174, 0.13075356552303694], [0.4345145355738789, 0.87, 0.2153318898657094, 0.22650290967623424, -0.1871689530966677, 0.07166621875210061, 0.38253723810164514, 0.06229123757133411, 0.4090939120126678, 0.21796614769057743, 0.2888309245513654, 0.18605123885956884, 0.16960260793273785, -0.011728413224795642, -0.05583591974984637, 0.1922088581212289, 0.5978523516983435, 0.1409745138307448, 0.30663508079215823, -0.1595042751470798, 0.15001872729128074, 0.1360722772992093, -0.002268728035506448, 0.3069041109514658, 0.04019009116599692, 0.41258348356294533, 0.09058213654122753, 0.24719039372221746, -0.08252053614410512], [0.39152540419334, 0.17531445900571033, 1.08, 0.38633289315548797, -0.06257428897815172, 0.8677670586141659, 0.0194356596998622, -0.5471925974306079, -0.3239238928866911, -0.2253164674289756, -0.25824055576617994, -0.32445978079983584, -0.41987721398470995, -0.09684346584564311, -0.15072667986515922, 0.3519305702761793, 0.10049871309302193, 0.24585478589538276, 0.31361123604269264, 0.4017676024361424, -0.06861223239368551, 0.1592308426825654, -0.004288310607693895, -0.39621877746598755, -0.12020625662549084, 0.47322082090935547, 0.5477631604108667, -0.02186649186462562, 0.31784416783307107], [0.3997732315436697, 0.2124717559794764, 0.29483299740813557, 1.08, -0.45129850472804084, 0.3873934896717408, -0.12650725886882813, -0.08578731535208896, 0.05291759875041224, 0.391768662630444, -0.1078420010769875, -0.15799721564056798, 0.16545750025054554, -0.29966145517270915, -0.2858208090025814, -0.20373719445137758, 0.27705491368936097, -0.23681765936609708, 0.33716449036308316, -0.14245029974670095, 0.4340303231531499, 0.5171853777341407, 0.05434439162110361, -0.11707803121858708, 0.05163664327646843, 0.5297171616880257, -0.1284237498751506, 0.39474021051707975, -0.23692971838325136], [-0.028476581221344905, -0.15393334460286687, -0.05836255798923766, -0.3844394669905533, 1.1, -0.0005904586380399458, -0.11234549381992139, -0.03640202243928345, -0.12651463542162086, -0.16931005024738396, -0.18125176771092924, 0.054028585028856435, -0.009078569466094468, -0.10453750918376888, 0.5342763313988234, 0.41714930348127427, -0.23771338146145626, 0.25079165614880244, -0.09381706766748174, 0.3482173955418165, -0.14269031802096058, -0.36947263703470545, 0.08000627131189411, -0.07787314923792973, 0.010705860611990232, -0.3297768587730928, 0.283049817097075, -0.3458673207541201, 0.5121365231879652], [0.19646096035874172, 0.054879536882239205, 0.8216909316081041, 0.3504988716077655, -0.0006560651533777176, 0.99, 0.05159229794906939, -0.628124559647109, -0.3816893841713183, -0.27354898431202446, -0.3607676338323188, -0.33114501460976375, -0.1823614180203768, -0.012571905042716176, -0.40938688390958794, 0.1490366906155496, 0.05269496451794314, 0.2137247997497702, 0.4063162453500864, 0.4238251771244447, 0.13758692185118232, 0.16044563211253074, 0.168455816865311, -0.5574472492876132, -0.18690808358670374, 0.1511057732767315, 0.6613341131010813, 0.09314264374261584, 0.27631120013447497], [0.00037813604386586623, 0.4738245335577196, 0.018864022649866252, -0.12420712688939489, -0.1133397017298322, 0.052764850175184605, 1.03, 0.06910915904819005, 0.5302260565535838, 0.29928147384541026, 0.6158183186310727, 0.5858415513840459, 0.01465507839383436, 0.40425604695459993, 0.12535613527743672, 0.040457889517628486, 0.6370342081626714, 0.15914407310301895, 0.09053211090744752, 0.22214099698880402, -0.030086054944984446, -0.16383626416543196, -0.07482116671397249, 0.15964281203957892, 0.12126004518888896, -0.21804153605949822, 0.2646589480361622, 0.041552292652939055, 0.07895522817417165], [-0.13873532227145008, 0.051628773482547186, -0.5418279641224646, -0.10294477842250675, -0.034599942120507036, -0.5725383154305508, 0.06533956855465241, 1.03, 0.3104866512015711, 0.20121346074536398, 0.4973027484322877, 0.19519599593837716, 0.5593134925625846, 0.08147214649497293, 0.3972102377097643, -0.27905800844858597, -0.09362499214156345, -0.351380529924687, -0.5099362784338192, -0.3117565767124548, 0.001183575961702445, 0.02877757443231234, -0.1930108312393835, 0.39075255185611424, -0.05094350596474401, -0.23403057934705374, -0.4264384114913974, -0.07265151150503928, -0.44493137436135605], [0.11525745089711206, 0.396309727262272, -0.3204778940261944, 0.04224124110778522, -0.151001339051612, -0.3604844183840228, 0.5105880544590066, 0.3461747720293379, 1.08, 0.6858878924707813, 0.49434620596513246, 0.4229325468340423, 0.44253726325876563, 0.42243529318502726, 0.36084412175766406, -0.2153749456165796, 0.765458351787884, -0.13830967042740538, 0.2933833182899018, -0.23266306218268246, 0