{"times": [{"name": 0, "matrix": [[1.0, 0.36342285915783107, 0.7127853798498928, 0.39556839005522226, 0.08264878963291723, 0.45184088739939526, 0.18526916207226096, -0.24644782215217223, -0.052447526624624936, 0.1019069185279421, 0.03867481575968458, 0.1658829809431784, -0.20812718498583802, 0.1254951143896211, -0.21927238385094702, 0.44146125266173186, 0.2174784314968332, 0.4665462746427314, 0.476889550961644, -0.35141131016509236, 0.03279666950394989, 0.2058336229444186, -0.12997106846880463, -0.2105611472986188, -0.34074952367257616, 0.7593488953807913, 0.4796526011636582, 0.2068531043587001, 0.5068745047053175], [0.36342285915783107, 1.0, 0.1765811286681846, 0.09353475221823498, -0.19153354699753786, 0.18992897344778784, 0.5822343312494256, -0.016998790720220973, 0.20849701728527711, 0.38966030894914544, 0.19804912840638128, 0.3311875824838758, -0.08540762765556692, 0.3873820890066627, -0.11417759178792897, 0.29045775528809853, 0.5326333513636013, 0.4290863385517163, 0.6420649668379141, -0.21583886093163376, 0.27534043632668426, 0.33478842788034785, 0.18204615318035228, 0.0033171758074994817, -0.0657061116873338, 0.408249506174655, 0.4450582072426454, 0.6080241195796132, -0.019565318239046715], [0.7127853798498928, 0.1765811286681846, 1.0, 0.4281204004947391, 0.05017122285375204, 0.5377799659342782, 0.018968388252084, -0.4768960118201408, -0.24382215584779096, -0.09680678316170752, -0.04598467551200838, 0.11655826286056538, -0.25150320148652794, -0.17167216824999348, -0.247333141874499, 0.22637226016068243, 0.024805550297115876, 0.08535020564891828, 0.23944279158038867, 0.07754667048059388, -0.09499173371588056, -0.1699804502487267, 0.1954679446466666, -0.23103107017268015, -0.18192795289063565, 0.5403923785015964, 0.47379611490116597, -0.03723496774361432, 0.40972010480632853], [0.39556839005522226, 0.09353475221823498, 0.4281204004947391, 1.0, -0.2573035194241962, 0.18129836253479553, 0.07552051773521512, -0.25413104389743846, -0.28094111171767555, -0.052411630120197304, -0.2264389497270816, -0.02685992801179206, -0.1322839703209322, -0.32206067730518323, -0.5010059074310429, 0.18582153148108715, 0.26750621716332174, -0.012783845581266821, 0.4032093037271826, -0.04979900004147125, 0.14656916299503153, 0.2860877400881647, 0.24183416146748044, -0.47661751141191594, -0.3210692951116352, 0.520676440494293, 0.06462475140891424, -0.08100863355994456, 0.11403316741493943], [0.08264878963291723, -0.19153354699753786, 0.05017122285375204, -0.2573035194241962, 1.0, 0.06485297983092854, -0.26967154286049266, -0.18458447862589383, -0.5407732911306118, -0.2913438592375973, -0.35532624248151545, -0.14081752328771882, -0.025136304788782617, 0.09951923579297108, 0.3713690974608301, -0.002511704025907219, -0.48218955141794784, -0.032613910788515804, -0.3050594729195162, 0.149246506776003, 0.0090788941039449, -0.38836660765083086, 0.008808350786074882, 0.03279784422954643, -0.031135804476359587, -0.1912360336384755, 0.30990142428182105, -0.04500175272361242, 0.41247722189882136], [0.45184088739939526, 0.18992897344778784, 0.5377799659342782, 0.18129836253479553, 0.06485297983092854, 1.0, 0.3880876426990923, -0.06162005002464235, -0.050749168985695516, 0.003057276098316796, 0.0033819594807657067, 0.3699352481696065, -0.17962983743131125, -0.09156450314992078, 0.005461962926696474, 0.4305020970676391, 0.25843110515232076, 0.4737467400668156, 0.36443324533253424, -0.009347275997328945, -0.13745075870644147, -0.013643589627316197, 0.041054487500543066, -0.029132205966531162, -0.17717718666829343, 0.030510934321098367, 0.4394753248980498, -0.21067865662706217, -0.04042801819396866], [0.18526916207226096, 0.5822343312494256, 0.018968388252084, 0.07552051773521512, -0.26967154286049266, 0.3880876426990923, 1.0, 0.4126648345026677, 0.44987992520770903, 0.6002623008765103, 0.5496782719854884, 0.7604352411427379, -0.0032835528695968155, 0.2055339216534038, -0.08315124437950658, 0.4070672829718342, 0.6060676096462754, 0.6343146340912156, 0.3943699941590369, -0.2662859184462018, 0.0063878676094650125, 0.31873568761567284, 0.26055802142206974, -0.057954957632810736, -0.2291630654771746, 0.03635443692100519, 0.3213796916766622, 0.20592396426254905, -0.2566285888721954], [-0.24644782215217223, -0.016998790720220973, -0.4768960118201408, -0.25413104389743846, -0.18458447862589383, -0.06162005002464235, 0.4126648345026677, 1.0, 0.5643374687159831, 0.4855567042535514, 0.4557740446407177, 0.5450641096573839, 0.6807074258653387, 0.3080377419241193, 0.33346647570323956, -0.08324303696208805, 0.24549751535379555, 0.1826422627277067, -0.1477130623039633, -0.3328939547494727, 0.13172566616986797, 0.36784947299951315, -0.14399271921267745, 0.45352259125559985, 0.0783399766583351, -0.39825428088606807, -0.1639470140669041, -0.039584070884421826, -0.3540345670470827], [-0.052447526624624936, 0.20849701728527711, -0.24382215584779096, -0.28094111171767555, -0.5407732911306118, -0.050749168985695516, 0.44987992520770903, 0.5643374687159831, 1.0, 0.6854254896998111, 0.7009608670079801, 0.5112778182966846, 0.3163296711912352, 0.14626140354324857, 0.05400957750015342, 0.14898170855106596, 0.5579786154775163, 0.27130786602850626, 0.26489057463988924, -0.5093451908921423, 0.021975923862555355, 0.2941940281658382, -0.12831329095049326, 0.4791530155955165, 0.22109479344675814, -0.02324991183283278, -0.22604274340403246, 0.32755341015959016, -0.31160703583477867], [0.1019069185279421, 0.38966030894914544, -0.09680678316170752, -0.052411630120197304, -0.2913438592375973, 0.003057276098316796, 0.6002623008765103, 0.4855567042535514, 0.6854254896998111, 1.0, 0.8469864153880409, 0.5619533686205117, 0.20313405516409236, 0.1208080997731342, -0.03096490105030147, 0.5212413301720986, 0.2929904700808476, 0.2936160625171684, 0.1492508812133446, -0.3062632549262757, -0.025091956341727124, 0.4519971978251147, 0.04081143602007372, 0.39711202449460975, 0.13647229701660538, 0.012568863179759396, 0.011461368652038392, 0.36586155112325847, -0.35997106664846457], [0.03867481575968458, 0.19804912840638128, -0.04598467551200838, -0.2264389497270816, -0.35532624248151545, 0.0033819594807657067, 0.5496782719854884, 0.4557740446407177, 0.7009608670079801, 0.8469864153880409, 1.0, 0.5097366261588858, 0.14514050938002016, 0.017525586118824467, -0.15677209536554196, 0.470095699298423, 0.12948293144621245, 0.21833309704375814, 0.0015594057976549634, -0.16424681665219787, -0.2136717578990881, 0.2778993670019876, 0.053590414001044986, 0.30726128746274073, 0.006464245857662748, -0.09257001690527744, -0.07280235978267882, 0.15839309488339387, -0.3256666030132097], [0.1658829809431784, 0.3311875824838758, 0.11655826286056538, -0.02685992801179206, -0.14081752328771882, 0.3699352481696065, 0.7604352411427379, 0.5450641096573839, 0.5112778182966846, 0.5619533686205117, 0.5097366261588858, 1.0, 0.1534227772463273, 0.15220921854755456, 0.18956258121259367, 0.24627096290842498, 0.4569283441231527, 0.38153227917281846, 0.19855499521727815, -0.35852182861847787, -0.13882634407114713, 0.18703998150469242, 0.25409045902223626, 0.322623207702446, -0.05193564413350409, -0.11505158766282243, 0.256201310040237, -0.056202498031144216, -0.21339086009802508], [-0.20812718498583802, -0.08540762765556692, -0.25150320148652794, -0.1322839703209322, -0.025136304788782617, -0.17962983743131125, -0.0032835528695968155, 0.6807074258653387, 0.3163296711912352, 0.20313405516409236, 0.14514050938002016, 0.1534227772463273, 1.0, 0.22264637914717786, 0.012650047446325988, -0.3450746023197375, 0.1626644603938655, -0.2764682921176421, -0.18421220897807986, -0.10599741573867268, 0.3920804359785699, 0.13461536203314906, -0.048005338492504476, 0.497126407867565, 0.3224155446508397, -0.2747445086778952, -0.06251458849193839, 0.1626152470772815, -0.1264689322247883], [0.1254951143896211, 0.3873820890066627, -0.17167216824999348, -0.32206067730518323, 0.09951923579297108, -0.09156450314992078, 0.2055339216534038, 0.3080377419241193, 0.14626140354324857, 0.1208080997731342, 0.017525586118824467, 0.15220921854755456, 0.22264637914717786, 1.0, 0.26884365447886477, -0.13591711244771223, 0.08447977455116937, 0.32659816769696914, 0.01426101304625142, -0.337503712413041, 0.3453426621500505, 0.30299969488360995, 0.0012539797013814055, -0.05518532148754594, -0.076412665677662, 0.10854135712978401, 0.07931091025271143, 0.14690053447086995, 0.10217092324625651], [-0.21927238385094702, -0.11417759178792897, -0.247333141874499, -0.5010059074310429, 0.3713690974608301, 0.005461962926696474, -0.08315124437950658, 0.33346647570323956, 0.05400957750015342, -0.03096490105030147, -0.15677209536554196, 0.18956258121259367, 0.012650047446325988, 0.26884365447886477, 1.0, -0.3017534751453814, -0.16227379268923753, 0.19417314561358934, -0.3191646692588444, -0.32640157123790686, -0.11477609817047087, -0.1307383356294483, -0.37078963214279503, 0.2909402213128234, -0.02025199518527037, -0.28466566613884214, -0.004429199522394376, -0.0057575263548768, 0.0047800920406443495], [0.44146125266173186, 0.29045775528809853, 0.22637226016068243, 0.18582153148108715, -0.002511704025907219, 0.4305020970676391, 0.4070672829718342, -0.08324303696208805, 0.14898170855106596, 0.5212413301720986, 0.470095699298423, 0.24627096290842498, -0.3450746023197375, -0.13591711244771223, -0.3017534751453814, 1.0, 0.06997959318423734, 0.3748286345003456, 0.2888613996659393, 0.007374549209445898, -0.13500360441340334, 0.3256324890541045, 0.24645444508198563, -0.015241548786309976, -0.0675872651301956, 0.13923428836483395, 0.1926214950878284, -0.011638174761031574, -0.06480776396144157], [0.2174784314968332, 0.5326333513636013, 0.024805550297115876, 0.26750621716332174, -0.48218955141794784, 0.25843110515232076, 0.6060676096462754, 0.24549751535379555, 0.5579786154775163, 0.2929904700808476, 0.12948293144621245, 0.4569283441231527, 0.1626644603938655, 0.08447977455116937, -0.16227379268923753, 0.06997959318423734, 1.0, 0.45731393820015187, 0.7210553059198386, -0.43444807308397243, 0.3385663634685953, 0.2589134505657338, 0.032362105939169, 0.08925534187540178, -0.002706874763374612, 0.31033489504609924, 0.09985028572307905, 0.4211166568089536, -0.16475769598944798], [0.4665462746427314, 0.4290863385517163, 0.08535020564891828, -0.012783845581266821, -0.032613910788515804, 0.4737467400668156, 0.6343146340912156, 0.1826422627277067, 0.27130786602850626, 0.2936160625171684, 0.21833309704375814, 0.38153227917281846, -0.2764682921176421, 0.32659816769696914, 0.19417314561358934, 0.3748286345003456, 0.45731393820015187, 1.0, 0.44274923300679747, -0.480346335163838, 0.05159885260315347, 0.12981292230841152, -0.28110495261412294, -0.153281161508555, -0.29259649717099684, 0.3449247251158763, 0.10707105455344756, 0.20748933036740924, -0.031433058353082396], [0.476889550961644, 0.6420649668379141, 0.23944279158038867, 0.4032093037271826, -0.3050594729195162, 0.36443324533253424, 0.3943699941590369, -0.1477130623039633, 0.26489057463988924, 0.1492508812133446, 0.0015594057976549634, 0.19855499521727815, -0.18421220897807986, 0.01426101304625142, -0.3191646692588444, 0.2888613996659393, 0.7210553059198386, 0.44274923300679747, 1.0, -0.2540835747684713, 0.21006467996908357, 0.33853665570584174, 0.0024188679523181535, -0.045560223764695054, -0.03620734595231762, 0.4949596203856629, 0.27586105314818415, 0.3897607258667831, 0.05715723262811247], [-0.35141131016509236, -0.21583886093163376, 0.07754667048059388, -0.04979900004147125, 0.149246506776003, -0.009347275997328945, -0.2662859184462018, -0.3328939547494727, -0.5093451908921423, -0.3062632549262757, -0.16424681665219787, -0.35852182861847787, -0.10599741573867268, -0.337503712413041, -0.32640157123790686, 0.007374549209445898, -0.43444807308397243, -0.480346335163838, -0.2540835747684713, 1.0, 0.018600967155284955, -0.33629624020063525, 0.3665220907743158, -0.035944275204262265, 0.3972045986973645, -0.4611177530510913, 0.12410382643971694, -0.3753534970357468, -0.06754799952450016], [0.03279666950394989, 0.27534043632668426, -0.09499173371588056, 0.14656916299503153, 0.0090788941039449, -0.13745075870644147, 0.0063878676094650125, 0.13172566616986797, 0.021975923862555355, -0.025091956341727124, -0.2136717578990881, -0.13882634407114713, 0.3920804359785699, 0.3453426621500505, -0.11477609817047087, -0.13500360441340334, 0.3385663634685953, 0.05159885260315347, 0.21006467996908357, 0.018600967155284955, 1.0, -0.10456064884023773, -0.005473075773379539, -0.05477254912575199, 0.17087691360032292, 0.05934700891929925, 0.09515437691977041, 0.30770348900855204, 0.34721646478730384], [0.2058336229444186, 0.33478842788034785, -0.1699804502487267, 0.2860877400881647, -0.38836660765083086, -0.013643589627316197, 0.31873568761567284, 0.36784947299951315, 0.2941940281658382, 0.4519971978251147, 0.2778993670019876, 0.18703998150469242, 0.13461536203314906, 0.30299969488360995, -0.1307383356294483, 0.3256324890541045, 0.2589134505657338, 0.12981292230841152, 0.33853665570584174, -0.33629624020063525, -0.10456064884023773, 1.0, 0.06551153021194543, -0.018421148861716242, -0.19093456818810836, 0.23529202232925892, 0.02573427771723157, 0.10648831666367051, -0.2721740464609046], [-0.12997106846880463, 0.18204615318035228, 0.1954679446466666, 0.24183416146748044, 0.008808350786074882, 0.041054487500543066, 0.26055802142206974, -0.14399271921267745, -0.12831329095049326, 0.04081143602007372, 0.053590414001044986, 0.25409045902223626, -0.048005338492504476, 0.0012539797013814055, -0.37078963214279503, 0.24645444508198563, 0.032362105939169, -0.28110495261412294, 0.0024188679523181535, 0.3665220907743158, -0.005473075773379539, 0.06551153021194543, 1.0, -0.20453278252298066, 0.09453793866974251, -0.11288025636504696, 0.13846814683824415, -0.25782923160436133, -0.08467783554079411], [-0.2105611472986188, 0.0033171758074994817, -0.23103107017268015, -0.47661751141191594, 0.03279784422954643, -0.029132205966531162, -0.057954957632810736, 0.45352259125559985, 0.4791530155955165, 0.39711202449460975, 0.30726128746274073, 0.322623207702446, 0.497126407867565, -0.05518532148754594, 0.2909402213128234, -0.015241548786309976, 0.08925534187540178, -0.153281161508555, -0.045560223764695054, -0.035944275204262265, -0.05477254912575199, -0.018421148861716242, -0.20453278252298066, 1.0, 0.6742849575870536, -0.3931619721088688, -0.11100867132925137, 0.1384246784492086, -0.38570357556780144], [-0.34074952367257616, -0.0657061116873338, -0.18192795289063565, -0.3210692951116352, -0.031135804476359587, -0.17717718666829343, -0.2291630654771746, 0.0783399766583351, 0.22109479344675814, 0.13647229701660538, 0.006464245857662748, -0.05193564413350409, 0.3224155446508397, -0.076412665677662, -0.02025199518527037, -0.0675872651301956, -0.002706874763374612, -0.29259649717099684, -0.03620734595231762, 0.3972045986973645, 0.17087691360032292, -0.19093456818810836, 0.09453793866974251, 0.6742849575870536, 1.0, -0.34635182540170706, -0.1650139600649415, 0.04879132728127431, -0.2754084429009357], [0.7593488953807913, 0.408249506174655, 0.5403923785015964, 0.520676440494293, -0.1912360336384755, 0.030510934321098367, 0.03635443692100519, -0.39825428088606807, -0.02324991183283278, 0.012568863179759396, -0.09257001690527744, -0.11505158766282243, -0.2747445086778952, 0.10854135712978401, -0.28466566613884214, 0.13923428836483395, 0.31033489504609924, 0.3449247251158763, 0.4949596203856629, -0.4611177530510913, 0.05934700891929925, 0.23529202232925892, -0.11288025636504696, -0.3931619721088688, -0.34635182540170706, 1.0, 0.09868577671570207, 0.4244461450122548, 0.34964081030145505], [0.4796526011636582, 0.4450582072426454, 0.47379611490116597, 0.06462475140891424, 0.30990142428182105, 0.4394753248980498, 0.3213796916766622, -0.1639470140669041, -0.22604274340403246, 0.011461368652038392, -0.07280235978267882, 0.256201310040237, -0.06251458849193839, 0.07931091025271143, -0.004429199522394376, 0.1926214950878284, 0.09985028572307905, 0.10707105455344756, 0.27586105314818415, 0.12410382643971694, 0.09515437691977041, 0.02573427771723157, 0.13846814683824415, -0.11100867132925137, -0.1650139600649415, 0.09868577671570207, 1.0, 0.26848808375859123, 0.5170146141099244], [0.2068531043587001, 0.6080241195796132, -0.03723496774361432, -0.08100863355994456, -0.04500175272361242, -0.21067865662706217, 0.20592396426254905, -0.039584070884421826, 0.32755341015959016, 0.36586155112325847, 0.15839309488339387, -0.056202498031144216, 0.1626152470772815, 0.14690053447086995, -0.0057575263548768, -0.011638174761031574, 0.4211166568089536, 0.20748933036740924, 0.3897607258667831, -0.3753534970357468, 0.30770348900855204, 0.10648831666367051, -0.25782923160436133, 0.1384246784492086, 0.04879132728127431, 0.4244461450122548, 0.26848808375859123, 1.0, 0.15514346243683041], [0.5068745047053175, -0.019565318239046715, 0.40972010480632853, 0.11403316741493943, 0.41247722189882136, -0.04042801819396866, -0.2566285888721954, -0.3540345670470827, -0.31160703583477867, -0.35997106664846457, -0.3256666030132097, -0.21339086009802508, -0.1264689322247883, 0.10217092324625651, 0.0047800920406443495, -0.06480776396144157, -0.16475769598944798, -0.031433058353082396, 0.05715723262811247, -0.06754799952450016, 0.34721646478730384, -0.2721740464609046, -0.08467783554079411, -0.38570357556780144, -0.2754084429009357, 0.34964081030145505, 0.5170146141099244, 0.15514346243683041, 1.0]]}, {"name": 1, "matrix": [[1.11, 0.3379832590167829, 0.7626803564393853, 0.443036596861849, 0.0743839106696255, 0.4563592962733892, 0.1723003207272027, -0.26616364792434605, -0.05821675455333369, 0.10496412608378038, 0.03674107497170035, 0.18247127903749627, -0.2185335442351299, 0.11796540752624383, -0.2280432792049849, 0.49443660298113973, 0.20877929423695987, 0.40589525893917633, 0.5341162970770413, -0.34086897086013956, 0.031156836028752393, 0.19965861425608603, -0.11307482956786002, -0.17897697520382597, -0.31689705701549586, 0.7517554064269834, 0.47005954914038506, 0.21305869748946113, 0.5068745047053175], [0.4143020594399274, 0.97, 0.183644373814912, 0.10475892248442319, -0.18387220511763633, 0.20512329132361087, 0.5647673013119427, -0.017678742349029813, 0.22934671901380485, 0.43641954602304295, 0.19804912840638128, 0.3643063407322634, -0.08796985648523394, 0.41837265612719576, -0.11760291954156683, 0.3311218410284323, 0.5326333513636013, 0.4677041090213708, 0.5585965211489853, -0.23526435841548082, 0.24229958396748214, 0.3749630392259896, 0.1911484608393699, 0.0033171758074994817, -0.057821378284853744, 0.46540443703910667, 0.4984651921117629, 0.5472217076216519, -0.019565318239046715], [0.6343789880664046, 0.17834693995486645, 0.96, 0.3810271564403178, 0.05117464731082708, 0.5539133649123066, 0.016692181661833918, -0.5341235332385578, -0.2340692696138793, -0.10455132581464413, -0.04598467551200838, 0.10839918446032581, -0.26156332954598904, -0.14763806469499438, -0.26959312464320395, 0.22410853755907562, 0.025301661303058193, 0.07681518508402645, 0.24662607532780034, 0.08685227093826516, -0.10829057643610383, -0.17338005925370126, 0.1661477529496666, -0.2495135557864946, -0.19830146865079287, 0.5349884547165804, 0.42641650341104936, -0.0353732193564336, 0.4506921152869614], [0.3520558671491478, 0.09353475221823498, 0.3810271564403178, 0.97, -0.24958441384147032, 0.15954255903062006, 0.08156215915403234, -0.2668375960923104, -0.29498816730355937, -0.056604560529813094, -0.21285261274345668, -0.024442534490730774, -0.11376421447600168, -0.2737515757094057, -0.4709455529851803, 0.2044036846291959, 0.2568059684767889, -0.011888976390578145, 0.34676000120537703, -0.05029699004188597, 0.15682900440468375, 0.32327914629962606, 0.25392586954085444, -0.40512488470012853, -0.35638691757391505, 0.5050561472794641, 0.07108722654980568, -0.07047751119715176, 0.12771714750473218], [0.07851635015127137, -0.1781261987077102, 0.05167635953936461, -0.23671923787026053, 1.02, 0.06161033083938211, -0.2507945348602582, -0.179046944267117, -0.5840351544210608, -0.25638259612908565, -0.30202730610928813, -0.12814394619182412, -0.023125400405680008, 0.1015096205088305, 0.42336077110534626, -0.0028131085090160857, -0.4725457603895889, -0.03228777168063065, -0.2959076887319307, 0.1671560875891234, 0.007717059988353165, -0.4349706005689306, 0.010041519896125364, 0.034437736441023756, -0.02646543380490565, -0.20462255599316878, 0.2882083245820936, -0.040951594978487306, 0.46197448852667994], [0.4156936164074437, 0.20512329132361087, 0.5861801628683633, 0.16135554265596802, 0.06096180104107282, 0.92, 0.353159754856174, -0.06100384952439593, -0.052779135745123336, 0.003057276098316796, 0.0033819594807657067, 0.3921313630597829, -0.18861132930287683, -0.08881756805542315, 0.00518886478036165, 0.45633222289169745, 0.23258799463708868, 0.4358470008614704, 0.38629924005248634, -0.009908112557168683, -0.13470174353231262, -0.013643589627316197, 0.04187557725055393, -0.02651030742954336, -0.19312313346843984, 0.028375168918621484, 0.49221236388581585, -0.23174652228976841, -0.03921517764814959], [0.21120684476237747, 0.6288130777493797, 0.01745091719191728, 0.07703092808991942, -0.256187965717468, 0.36092150771015585, 1.02, 0.4580579662979612, 0.4183883304431694, 0.5582439398151546, 0.5386847065457786, 0.6996004218513189, -0.0036447436852524656, 0.1788145118384613, -0.07151007016637566, 0.46405670258789095, 0.6606136945144402, 0.6660303657957763, 0.44563809339971167, -0.27161163681512585, 0.006643382313843613, 0.2804874051017921, 0.27358592249317326, -0.05331856102218588, -0.2589542639892073, 0.03380962633653483, 0.28602792559222934, 0.20592396426254905, -0.279725161870693], [-0.2316609528230419, -0.014448972112187826, -0.45782017134733516, -0.21601138731282268, -0.16981772033582235, -0.0653172530261209, 0.44567802126288114, 1.03, 0.6094844662132618, 0.5195456735513, 0.5104669299976039, 0.5723173151402532, 0.5854083862441913, 0.2618320806355014, 0.32679714618917477, -0.07575116363550013, 0.2528624408144094, 0.20455933425503153, -0.13146462545052734, -0.3328939547494727, 0.1290911528464706, 0.3604924835395229, -0.14255279202055068, 0.45805781716815586, 0.07285617829225165, -0.43011462335695355, -0.15083125294155178, -0.04077159301095448, -0.40359940643367426], [-0.05506990295585618, 0.21892186814954098, -0.2072488324706223, -0.2837505228348523, -0.5407732911306118, -0.05227164405526638, 0.4093907319390152, 0.5925543421517823, 0.85, 0.7265510190817998, 0.743018519028459, 0.5726311564922868, 0.34796263831035873, 0.12871003511805873, 0.045908140875130406, 0.14302244020902333, 0.5858775462513921, 0.2333247647845154, 0.27018838613268703, -0.49406483516537797, 0.02417351624881089, 0.323613430982422, -0.11933136058395874, 0.407280063256189, 0.24983711659483668, -0.019762425057907863, -0.2531678726125164, 0.3635842852771451, -0.35211595049329986], [0.10802133363961863, 0.40524672130711126, -0.11035973280434656, -0.04717046710817757, -0.2592960347214616, 0.003363003708148476, 0.5582439398151546, 0.548679075806513, 0.5894659211418375, 1.13, 0.8978056003113234, 0.5057580317584606, 0.18282064964768313, 0.13772123374137296, -0.03096490105030147, 0.5785778764910295, 0.24904189956872047, 0.24957365313959312, 0.16417596933467907, -0.2848248270814364, -0.02810299110273438, 0.4881569736511239, 0.04040332165987298, 0.3454874613103105, 0.13783701998677142, 0.01269455181155699, 0.010659072846395706, 0.40244770623558435, -0.36717048798143387], [0.03674107497170035, 0.17230274171355173, -0.04598467551200838, -0.24908284469978978, -0.3126870933837336, 0.0032466811015350785, 0.566168620145053, 0.39652341883742437, 0.7500281276985388, 0.7199384530798347, 0.99, 0.5810997538211298, 0.14514050938002016, 0.018577121285953936, -0.13795944392167692, 0.4888995272703599, 0.1217139555594397, 0.2379830757776964, 0.0015594057976549634, -0.17081668931828578, -0.19657801726716106, 0.2862363480120472, 0.05519812642107634, 0.28882561021497627, 0.00562389389616659, -0.08516441555285525, -0.07717050136963956, 0.13463413065088478, -0.3386932671337381], [0.16090649151488307, 0.32125195500935955, 0.13171083703243885, -0.02712852729190998, -0.14926657468498195, 0.3181443134258616, 0.8516874700798664, 0.6050211617196962, 0.5777439346752535, 0.48327989701364005, 0.5250287249436524, 1.08, 0.16262814388110694, 0.16438595603135894, 0.1706063230913343, 0.24873367253750925, 0.415804793152069, 0.3662709880059057, 0.20649719502596928, -0.3872035749079561, -0.12910849998616683, 0.19826238039497399, 0.26425407738312573, 0.3419806001645928, -0.05193564413350409, -0.10699797652642487, 0.2305811790362133, -0.06238477281457008, -0.18778395688626207], [-0.21645227238527154, -0.07345055978378755, -0.25401823350139324, -0.14683520705623476, -0.02639312002822175, -0.18501873255425058, -0.0037104147426444013, 0.7079357228999523, 0.32581956132697226, 0.19907137406081052, 0.1596545603180222, 0.14421741061154766, 1.11, 0.21151406018981894, 0.011891044599546428, -0.36232833243572443, 0.17893090643325207, -0.29305638964470065, -0.17684372061895665, -0.0911577775352585, 0.36071400110028434, 0.1413461301348065, -0.05424603249653005, 0.4623275593168355, 0.31274307831131454, -0.2500175028968846, -0.055637983757825166, 0.15936294213573587, -0.11255734968006159], [0.12800501667741354, 0.35251770099606305, -0.1527882297424942, -0.28341339602856125, 0.09653365871918194, -0.0824080528349287, 0.21992129616914208, 0.31111811934336053, 0.16235015793300592, 0.1038949658048954, 0.01577302750694202, 0.14916503417660348, 0.251590408436311, 0.96, 0.23927085248618965, -0.15222716594143773, 0.08447977455116937, 0.32659816769696914, 0.012977521872088792, -0.37462912077847554, 0.32807552904254794, 0.26966972844641285, 0.001341758280478104, -0.05242605541316864, -0.06724314579634257, 0.11396842498627321, 0.08486267397040125, 0.14983854516028736, 0.0909321216891683], [-0.22585055536647544, -0.10732693628065322, -0.28195978173692887, -0.4509053166879386, 0.3973649342830882, 0.004697288116958968, -0.09396090614884242, 0.37014778803059595, 0.054549673275154954, -0.027868410945271323, -0.17088158394844075, 0.16871069727920837, 0.013156049344179027, 0.2634667813892875, 1.04, -0.30477100989683525, -0.1638965306161299, 0.16893063668382272, -0.3638477229550826, -0.3133455083883906, -0.11707162013388028, -0.1477343192612766, -0.37449752846422296, 0.32876245008349037, -0.01802427571489063, -0.2789723528160653, -0.003986279570154939, -0.0057575263548768, 0.004875693881457237], [0.39290051486894134, 0.3224081083697894, 0.1946801437381869, 0.15980651707373494, -0.0028131085090160857, 0.49077239065710854, 0.4437033384392993, -0.08823761917981335, 0.13110390352493806, 0.5837902897927505, 0.4277870863615649, 0.21179302810124548, -0.37613131652851395, -0.14407213919457498, -0.3289112879084658, 1.12, 0.05948265420660174, 0.3223526256702972, 0.3090816976425551, 0.007153312733162521, -0.11745313583966091, 0.3419141135068098, 0.2686353451393644, -0.014327055859131377, -0.0723183736893093, 0.15594240296861403, 0.1906952801369501, -0.010474357284928416, -0.06415968632182716], [0.23922627464651655, 0.5113280173090573, 0.02629388331494283, 0.2514558441335224, -0.47736765590376834, 0.24550954989470472, 0.5515215247781106, 0.21603781351134008, 0.6193562631800431, 0.31642970768731543, 0.12430361418836394, 0.4020969428283744, 0.13826479133478567, 0.08194538131463429, -0.18499212366573076, 0.07697755250266108, 1.11, 0.44816765943614884, 0.6705814345054499, -0.4170701501606135, 0.37242299981545485, 0.2615025850713911, 0.03495107441430252, 0.09728832264418795, -0.0030858372302470572, 0.26378466078918433, 0.11083381715261775, 0.4716506556260281, -0.14333919551081975], [0.41056072168560365, 0.4033411582386133, 0.08876421387487501, -0.014190068595206173, -0.03620144097525255, 0.5069090118714927, 0.5962557560457427, 0.17351014959132136, 0.25502939406679587, 0.2525098137647648, 0.2030497802506951, 0.38153227917281846, -0.29305638964470065, 0.3396620944048479, 0.1786392939645022, 0.33734577105031105, 0.5213378895481731, 1.0, 0.4029018020361857, -0.5187740419769451, 0.04850292144696426, 0.12981292230841152, -0.269860754509558, -0.17014208927449606, -0.3306340418032264, 0.35182321961819385, 0.09315181746149938, 0.21578890358210562, -0.028918413684835807], [0.45304507341356176, 0.5585965211489853, 0.25620378699101587, 0.3669204663917362, -0.2806547150859549, 0.3352785857059315, 0.406201093983808, -0.1388502785657255, 0.2860818206110804, 0.1268632490313429, 0.0014970295657487649, 0.18664169550424145, -0.16394886599049108, 0.012834911741626279, -0.36065607626249413, 0.3293019956191708, 0.7498975181566322, 0.44274923300679747, 0.95, -0.23629772453467834, 0.20376273957001106, 0.35884885504819225, 0.0027333207861195133, -0.045560223764695054, -0.03077624405946998, 0.5098084089972328, 0.2593093899592931, 0.4443272274881327, 0.055442515649269095], [-0.2986996136403285, -0.22447241536889911, 0.08762773764307108, -0.05278694004395953, 0.15223143691152308, -0.007945184597729603, -0.2662859184462018, -0.31957819655949377, -0.4533172198940066, -0.3123885200248012, -0.15274953948654402, -0.3441809554737387, -0.11553718315515323, -0.35437889803369305, -0.3035534612512534, 0.0063421123201234724, -0.4474815152764916, -0.4947567252187532, -0.25916524626384074, 0.98, 0.01636885109665076, -0.2993036537785654, 0.31154377715816844, -0.03378761869200653, 0.33762390889275984, -0.42883951033751494, 0.10797032900255374, -0.3415716823025296, -0.07565375946744018], [0.03378056958906839, 0.3111346930491532, -0.0854925603442925, 0.13924070484527995, 0.009986783514339391, -0.13332723594524823, 0.00542968746804526, 0.13567743615496403, 0.020657368430802032, -0.02233184114413714, -0.24144908642596952, -0.14437939783399303, 0.3803180228992128, 0.32462210242104744, -0.11248057620706145, -0.15255407298714577, 0.2945527362176779, 0.055726760811405755, 0.2058633863697019, 0.019158996169943505, 0.89, -0.1014238293750306, -0.005363614257911948, -0.05422482363449447, 0.14524537656027448, 0.061127419186878224, 0.10181518330415434, 0.2830872098878679, 0.3229113122521926], [0.23053365769774883, 0.3615715021107757, -0.18867829977608666, 0.31755739149786283, -0.4194359362628974, -0.013507153731043034, 0.31236097386335937, 0.38992044137948395, 0.323613430982422, 0.5017168895858773, 0.2751203733319677, 0.18703998150469242, 0.1521153590974584, 0.27875971929292115, -0.12812356891685933, 0.27678761569598886, 0.2589134505657338, 0.13500543920074798, 0.37577568783348436, -0.30602957858257807, -0.11397110723585914, 1.14, 0.055684800680153614, -0.019526417793419217, -0.18138783977870293, 0.2188215807662108, 0.025991620494403886, 0.09051506916411993, -0.29939145110699505], [-0.1286713577841166, 0.18750753777576284, 0.17592115018199997, 0.24667084469683004, 0.007927515707467393, 0.04680211575061909, 0.25795244120784905, -0.13967293763629712, -0.1218976264029686, 0.042443893460876674, 0.05948535954115994, 0.26425407738312573, -0.04656517833772934, 0.0014044572655471743, -0.3596659431785112, 0.25138353398362534, 0.030096758523427174, -0.2473723583004282, 0.0023463019137486088, 0.3518612071433432, -0.005965652592983698, 0.0602706077949898, 1.01, -0.20862343817344028, 0.08792028296286054, -0.11288025636504696, 0.1232366506860373, -0.27587727781666666, -0.07536327363130677], [-0.20634992435264643, 0.0031844887751995023, -0.22410013806749973, -0.40512488470012853, 0.030174016691182717, -0.02651030742954336, -0.05621630890382641, 0.39456465439237187, 0.407280063256189, 0.38122754351482535, 0.33798741620901485, 0.3677904567807884, 0.5468390486543215, -0.05242605541316864, 0.2938496235259516, -0.015393964274173076, 0.08122236110661563, -0.14255148020295616, -0.051938655091752356, -0.03270929043587866, -0.06079752952958471, -0.015657976532458807, -0.1861248320959124, 0.95, 0.7349706037698885, -0.3695722537823366, -0.10767841118937382, 0.12873495095776402, -0.4397020761472936], [-0.33734202843585037, -0.07424790620668718, -0.18374723241954202, -0.3307013739649842, -0.02802222402872363, -0.1754054148016105, -0.2520793720248921, 0.08617397432416862, 0.2034072099710175, 0.13783701998677142, 0.007304597819158904, -0.05141628769216905, 0.29339814563226413, -0.07870504564799186, -0.017416715859332518, -0.06555964717628973, -0.0026527372681071195, -0.32478211185980654, -0.040552227466595744, 0.4448691505410483, 0.16404183705631, -0.19284391386998945, 0.08981104173625538, 0.728227754194018, 0.91, -0.3117166428615364, -0.1881159144740333, 0.04635176091721059, -0.2919329494749918], [0.8656577407341021, 0.35109457531020327, 0.5025649120064847, 0.5102629116844071, -0.21609671801147728, 0.030510934321098367, 0.03344608196732478, -0.3902891952683467, -0.02324991183283278, 0.012820240443354584, -0.09627281758148855, -0.1265567464291047, -0.30496640463246366, 0.09551639427420992, -0.29320563612300743, 0.14201897413213063, 0.34136838455070917, 0.32767848886008244, 0.4949596203856629, -0.525674238478244, 0.05222536784898334, 0.26352706500877, -0.10836504611044508, -0.39709359182995746, -0.3394247888936729, 1.05, 0.1095412121544293, 0.4244461450122548, 0.33215876978638226], [0.47005954914038506, 0.4984651921117629, 0.5306516486893059, 0.06656349395118168, 0.3470895951956396, 0.4966071171347962, 0.34387627009402855, -0.15411019322288985, -0.25542830004655664, 0.012378278144201465, -0.06479410020658415, 0.24339124453822514, -0.06876604734113223, 0.08803511038050969, -0.005049287455529588, 0.17721177548080214, 0.0948577714369251, 0.11991958109986128, 0.24827494783336573, 0.11665759685333392, 0.09705746445816582, 0.022388821613991465, 0.13292942096471438, -0.10878849790266634, -0.1419120056558497, 0.11151492768874333, 1.06, 0.2416392753827321, 0.47048329884003126], [0.22960694583815713, 0.5472217076216519, -0.031649722582072166, -0.08991958325153847, -0.04635180530532079, -0.19593115066316782, 0.17503536962316668, -0.03839654875788917, 0.366859819378741, 0.32195816498846747, 0.15680916393455993, -0.04889617328709547, 0.16586755201882714, 0.16012158257324827, -0.0061029779361694075, -0.010357975537318102, 0.46743948905793853, 0.20541443706373513, 0.3780679040907796, -0.31905047248038476, 0.34462790768957835, 0.11926691466331098, -0.2655641085524922, 0.13288769131124026, 0.05171880691815077, 0.4711352209636029, 0.24969391789548986, 1.07, 0.15514346243683041], [0.5423557200346897, -0.01897835869187531, 0.458886517383088, 0.10719117737004306, 0.3712294997089392, -0.03840661728427022, -0.26176116064963934, -0.3009293819900203, -0.34276773941825656, -0.3887687519803418, -0.3647465953747949, -0.21339086009802508, -0.13405706815827562, 0.10421434171118164, 0.005162499403895898, -0.06869622979912807, -0.14169161855092527, -0.027346760767181684, 0.0508699370390201, -0.06349511955303015, 0.3090226536607004, -0.2531218632086413, -0.09653273251650528, -0.4397020761472936, -0.27816252732994506, 0.36362644271351324, 0.4756534449811305, 0.15359202781246212, 1.07]]}, {"name": 2, "matrix": [[0.91, 0.4484506211400538, 0.8113888864467073, 0.41204417367439633, 0.12918370937840473, 0.40382703837089456, 0.20490885082725, -0.25506690577087937, 0.008428204940123057, 0.1376835975550889, 0.05726560059806521, 0.221151578827232, -0.19699945018994527, 0.10066372023037623, -0.15885378328140357, 0.4636123531129736, 0.2813342515957023, 0.5398109255078305, 0.5413753959591059, -0.29529023603088567, 0.07019411385436626, 0.17635885094220158, -0.07265221902476775, -0.13874802192632438, -0.27304097992375215, 0.8249360805026349, 0.5549548923422644, 0.2368905115063533, 0.48358657683196776], [0.39639831690058325, 1.01, 0.2265124824928591, 0.1282253037914865, -0.1089982137472095, 0.2087853502432113, 0.6103244587391783, -0.0142722680356001, 0.22193804267882897, 0.400789927825705, 0.19262959853995232, 0.33339112380859626, -0.07392660123068885, 0.35274838295300437, -0.05829656732666836, 0.29035046841827994, 0.5309739512809931, 0.4642382397147313, 0.732076750224644, -0.18131758816915644, 0.31607096901153015, 0.32900163727908316, 0.2429164396245448, 0.051721793368483954, -0.015496187096544732, 0.3817826564032451, 0.4571663884292514, 0.6441472591632939, 0.03469739966909682], [0.8186334300756956, 0.239707384385647, 0.89, 0.39284971059830875, 0.10925238488893894, 0.5684106938366497, 0.06314687812869438, -0.4539543617200563, -0.20375690930447146, -0.05906631307495249, -0.01568542616218285, 0.1462731359355415, -0.2145587006583258, -0.13447621649744715, -0.18492577300735305, 0.2578930737812064, 0.07252675637925567, 0.12481121074246584, 0.24667705356984346, 0.10997952371003658, -0.05575882813134347, -0.12027857974444152, 0.22589144631733157, -0.16179663465140176, -0.11059561238507444, 0.47899016615533707, 0.5083788312027837, 0.009634677910972653, 0.38685922300394476], [0.41204417367439633, 0.13869267552956704, 0.510253072386309, 0.94, -0.19620447704255783, 0.1971939926381889, 0.14028979592668905, -0.2887030936958895, -0.21606404824594466, -0.0071563820390781775, -0.22320956777933038, 0.029654608803574907, -0.15685033634150028, -0.28718416060631957, -0.44956774938490185, 0.22840110699528848, 0.2688718416191979, 0.04310084452821965, 0.4546514141178946, 0.009466235376215165, 0.170128652568863, 0.2676741766997142, 0.25093037887574215, -0.38482987016519155, -0.23247014993015683, 0.5798939883974177, 0.10920652736575112, -0.021301874070250616, 0.1673181460546979], [0.15666960499083127, -0.11505367006649891, 0.10925238488893894, -0.18096529435964073, 0.87, 0.1213640870034347, -0.18413693807240755, -0.19930506490145283, -0.3970317232330637, -0.25215172867142316, -0.30482975440773247, -0.082316442196732, -0.02612955263744902, 0.09499614314385263, 0.3639218532945319, 0.01320040513315169, -0.4489310966630066, 0.0308924688241957, -0.2181244948169121, 0.1639673607925613, 0.050287509878837476, -0.3718881575034416, 0.06937402050042958, 0.08350809393322124, 0.021620040600217095, -0.12800548042463744, 0.3382230083158758, 0.009286821124767487, 0.481166342716286], [0.45608700804242214, 0.22450037660560354, 0.4959661936417825, 0.24591250846644735, 0.11569286798458261, 0.97, 0.3757985466826019, -0.09204106817980376, 0.001127288813717521, 0.0378762915042705, -0.0020856752314052656, 0.4419547830124139, -0.18362307735263048, -0.0961955650670435, 0.059674131794542444, 0.42519941373456893, 0.2638289539206815, 0.468946085898535, 0.38963400528503206, 0.04107246300051536, -0.06473199176718977, -0.01217540532923451, 0.08015067769428157, 0.026020043004977175, -0.11686839876584049, 0.08378728676123781, 0.4508835957372606, -0.13651031249783274, 0.010800845012929623], [0.2520143337760431, 0.6103244587391783, 0.08180391030308135, 0.11198571429235707, -0.1726283794428821, 0.3883251649053553, 1.1, 0.34108458617033294, 0.43203000832193866, 0.6923482658832053, 0.6011838639162032, 0.7206262657804708, -0.008475489582022868, 0.16505728807076592, -0.02104615180114291, 0.40298238214113413, 0.5467096296090007, 0.5622901297280839, 0.4251838420133197, -0.19450410809867233, 0.044616787574629155, 0.2698617482165378, 0.2938804697321985, 0.0004606130967715317, -0.14381695876435394, 0.09624321124343324, 0.3287915470308724, 0.23505103580291825, -0.18706975892427946], [-0.22859769856824091, -0.012215004174612697, -0.46285542763613585, -0.2617214961542176, -0.17736322289395343, -0.08359693348440891, 0.3596217919404597, 1.11, 0.555769795560751, 0.4206975535124461, 0.40757711417022274, 0.5447030383675944, 0.6208296198210701, 0.33362782063714697, 0.2576538657079673, -0.10379905304618542, 0.2048257016730736, 0.136895469241421, -0.15531076244013384, -0.30156587051953077, 0.08577154049245862, 0.3627220257609335, -0.14751292651984307, 0.4086770214871371, 0.03563243270201635, -0.4240924159610768, -0.15367508315350012, -0.07473022392531271, -0.32100184890020583], [0.007750938471720311, 0.2269820891033478, -0.19647987682931178, -0.2355098125880797, -0.4104148150274366, 0.0010287878494121064, 0.42722967489613933, 0.5142169136496668, 0.92, 0.6046604579449103, 0.6710643716677422, 0.5181903168691319, 0.2645800998327593, 0.14053386326086859, 0.08883960916309996, 0.13245936588792284, 0.6288977781601014, 0.3453404440816994, 0.31891879