{"times": [{"name": 0, "matrix": [[1.0, 0.29313652651259225, 0.11545942170535256, 0.31171026040022565, -0.1798743020172802, 0.018679818585332818, 0.12742539840919667, -0.079672534628219, -0.23760660852736207, -0.19574306270397568, -0.07584976475447847, 0.13239234597633656, 0.1262955840628695, -0.029812090160278575, 0.022507060480030296, -0.42892608336597315, 0.14476362355409902, 0.055643954979741915, 0.24756518036214875, -0.02932869973508869, -0.17028943040722358, -0.014726568568278845, -0.4128002217577192, -0.20376240149840963, -0.4622537470718758, 0.5132253928166525, 0.3591970662694378, -0.050636163356359086, 0.17528253207161987], [0.29313652651259225, 1.0, 0.1329875727637931, -0.055909723784555984, -0.11166250524946583, -0.13423132126795873, 0.2806049943176166, 0.18843464136091065, 0.04240046850677542, -0.23434564856944864, 0.10712008490329572, 0.49640995864916754, -0.30948121473387696, -0.498144824082493, -0.15662171598025612, 0.0061420789627806205, -0.10669460049128109, -0.0031855514024900205, -0.07821792138689361, -0.18531815533764734, -0.13549857202867124, -0.4425580390965022, 0.1047374756992552, -0.2445797094276809, -0.1616232469186158, 0.24606659633642458, 0.2189895120192143, -0.398312178340907, 0.21364410885072602], [0.11545942170535256, 0.1329875727637931, 1.0, 0.3753171509844078, 0.3640655541419206, 0.6002082800802806, -0.42674713130468644, -0.26788572859157234, -0.08681381502315957, -0.1397231337171869, -0.5049949947782613, -0.5061413327281657, -0.07071538658474748, -0.0025163912824246737, -0.15479324841978814, -0.11456590192282635, -0.4752018607735032, -0.2386108278152195, -0.02969554216245712, 0.3488958613513607, 0.06294888117353668, -0.08658901036882138, -0.055516174685434384, -0.20474586968818823, 0.40266312419107886, -0.08920575135392693, 0.1377009341741712, -0.25716294260626377, 0.22485364190084872], [0.31171026040022565, -0.055909723784555984, 0.3753171509844078, 1.0, 0.028992531481748168, 0.26112380823771736, -0.02939153700955669, -0.17293360612985129, -0.09754327993170667, -0.16734940567692227, -0.04107519479732342, -0.12386182654388864, 0.17117031225620136, -0.01996363061987577, -0.16120487451563598, -0.2511000631433571, -0.17388333020044322, 0.11218729789562637, 0.33769019874264006, -0.2572206854426316, 0.5637632687170163, 0.6289823161723667, -0.09833739275485415, -0.24523604886700054, -0.134603057860793, 0.4238713520204642, 0.4188841691103006, 0.44961328239819076, 0.39115579237808984], [-0.1798743020172802, -0.11166250524946583, 0.3640655541419206, 0.028992531481748168, 1.0, 0.37904617022175807, -0.02963255827007933, 0.23368186866575122, -0.14364457461561195, -0.06601905026601086, -0.061942625181479985, -0.04029014203222161, 0.2674393472484009, 0.4003501910230373, 0.0489722020436621, -0.22910380862083682, 0.0939690536240387, 0.05332732507754898, 0.07170457594532498, 0.1544935128410868, 0.2656055831251763, 0.09954018973748978, -0.07510395736791861, -0.18208777019392489, 0.3645807764752835, -0.14762382350215456, 0.2573285878569501, -0.12295222490177672, 0.5280990592862215], [0.018679818585332818, -0.13423132126795873, 0.6002082800802806, 0.26112380823771736, 0.37904617022175807, 1.0, -0.21810226295516238, -0.09527176735572063, 0.10003396351492304, 0.1171778210953306, -0.04446909058767012, -0.36386848099252406, 0.3269987465784164, 0.22836885144948435, -0.12468841350759981, -0.1809711633461218, -0.0027604657399282907, 0.1135041362897881, 0.24048035580265215, 0.1901630084910438, 0.025854962993187167, 0.10484051896795434, -0.1358816089512698, -0.008275986043061415, 0.34214152150823723, -0.2467747308564719, 0.07291371349752179, 0.20823818278267267, 0.13365127461310197], [0.12742539840919667, 0.2806049943176166, -0.42674713130468644, -0.02939153700955669, -0.02963255827007933, -0.21810226295516238, 1.0, 0.44755739497856784, -0.04679673715093887, 0.27874131478132136, 0.7937980562944281, 0.8044394144346682, -0.007055916256095002, 0.10531183454359044, 0.4339652118398762, 0.22738883008145347, 0.5955763010193272, 0.6117800330119009, 0.20554647534341863, -0.3357428225517303, -0.18831935030874075, 0.11377444361248978, -0.4462211429414776, -0.3585039680038117, -0.5702459591414736, 0.056141130694655615, 0.14979432786204755, -0.0710693054493107, -0.10195944732600122], [-0.079672534628219, 0.18843464136091065, -0.26788572859157234, -0.17293360612985129, 0.23368186866575122, -0.09527176735572063, 0.44755739497856784, 1.0, 0.5293148453370773, 0.40264331752215465, 0.6810684817179785, 0.3601636297461967, 0.5520862681017703, 0.4814527857760501, 0.3811448222349148, 0.34992434989584065, 0.25101966792543984, 0.41575413079121554, -0.0757742160547615, -0.29397209906436317, -0.03583970497214893, 0.14592881189436321, 0.1494190708598508, 0.2976910435569587, 0.05648971386205921, -0.4053841304175666, -0.2804145154086625, -0.18113464894497566, -0.15678497699365168], [-0.23760660852736207, 0.04240046850677542, -0.08681381502315957, -0.09754327993170667, -0.14364457461561195, 0.10003396351492304, -0.04679673715093887, 0.5293148453370773, 1.0, 0.5985713460379489, 0.2853563497584412, -0.09528448632465117, 0.4590656528374833, 0.10680424631213857, 0.06197123852961935, 0.44518257199359706, -0.11964267513763831, 0.15746257528255717, -0.12997474099394166, 0.24654249025317737, 0.14008513766900824, 0.04648377204339452, 0.39010330309110786, 0.5942970035155829, 0.36997380014560644, -0.49118926880497027, -0.569564542386322, 0.1865858449160285, -0.3536762691831953], [-0.19574306270397568, -0.23434564856944864, -0.1397231337171869, -0.16734940567692227, -0.06601905026601086, 0.1171778210953306, 0.27874131478132136, 0.40264331752215465, 0.5985713460379489, 1.0, 0.4592554823732322, 0.10932083815007565, 0.388768846094239, 0.340208238631165, 0.39170886699067836, 0.5269612489653948, 0.2048883802502218, 0.3989191120519765, 0.11825363765374204, 0.32368714861309156, -0.07117124553680895, 0.0451623960122967, -0.09851204315395767, 0.4010315661142113, 0.05821560682701713, -0.5924407487546138, -0.6160028577589954, 0.06665135384904385, -0.5382150372869551], [-0.07584976475447847, 0.10712008490329572, -0.5049949947782613, -0.04107519479732342, -0.061942625181479985, -0.04446909058767012, 0.7937980562944281, 0.6810684817179785, 0.2853563497584412, 0.4592554823732322, 1.0, 0.6204999739453191, 0.38650705317577344, 0.22550265526787236, 0.2692206320648121, 0.23575432378733882, 0.5276854124526886, 0.6616135944488971, 0.18568850497049383, -0.46114057929664415, -0.028227540821625995, 0.2795285454483268, -0.12233582590344706, 0.08177645619406707, -0.2984967484660199, -0.10156349254163917, -0.07758408834148618, 0.11427163019915906, -0.1672130290378457], [0.13239234597633656, 0.49640995864916754, -0.5061413327281657, -0.12386182654388864, -0.04029014203222161, -0.36386848099252406, 0.8044394144346682, 0.3601636297461967, -0.09528448632465117, 0.10932083815007565, 0.6204999739453191, 1.0, -0.18682193455968713, -0.1073385391615134, 0.31972881027947525, 0.16357939452638934, 0.43318366064364827, 0.43187795457565487, 0.15373703351199242, -0.3308294966243457, -0.10506210153905406, -0.04469010826486973, -0.34666420227961137, -0.1710948306320566, -0.5218020938898276, 0.23926791639342712, 0.1491516788924415, -0.1054156175139876, 0.0817936613802284], [0.1262955840628695, -0.30948121473387696, -0.07071538658474748, 0.17117031225620136, 0.2674393472484009, 0.3269987465784164, -0.007055916256095002, 0.5520862681017703, 0.4590656528374833, 0.388768846094239, 0.38650705317577344, -0.18682193455968713, 1.0, 0.5533189264334925, 0.08306662213784174, -0.042136589569948237, 0.35468779336098044, 0.33042272540445083, 0.23808391654258587, -0.1258784916515691, 0.30291671427913147, 0.42234952634210216, 0.10615309144141674, 0.43442739802267316, 0.2132970798755676, -0.24572587583337488, -0.20516703946521034, 0.3153197189325212, -0.017613989491405423], [-0.029812090160278575, -0.498144824082493, -0.0025163912824246737, -0.01996363061987577, 0.4003501910230373, 0.22836885144948435, 0.10531183454359044, 0.4814527857760501, 0.10680424631213857, 0.340208238631165, 0.22550265526787236, -0.1073385391615134, 0.5533189264334925, 1.0, 0.7095373287750709, 0.31776292805720946, 0.33622067385456733, 0.4123528164223467, 0.04591782128200486, -0.02801233036846856, -0.12637702227808711, 0.22195008556030651, -0.35574092097352755, 0.18502899558312758, 0.07942467234563753, -0.5060505945959337, -0.33038442425260817, -0.04523139213963416, -0.24775244708472338], [0.022507060480030296, -0.15662171598025612, -0.15479324841978814, -0.16120487451563598, 0.0489722020436621, -0.12468841350759981, 0.4339652118398762, 0.3811448222349148, 0.06197123852961935, 0.39170886699067836, 0.2692206320648121, 0.31972881027947525, 0.08306662213784174, 0.7095373287750709, 1.0, 0.6737921717209892, 0.38322377566876453, 0.4376174947771551, 0.05948735445858179, 0.049531879257960224, -0.4531721606147235, -0.03525463632898001, -0.6068712506255717, -0.023472561207057974, -0.3251863194889775, -0.4908868664749437, -0.34583945407194483, -0.2768820736709263, -0.47178588563305734], [-0.42892608336597315, 0.0061420789627806205, -0.11456590192282635, -0.2511000631433571, -0.22910380862083682, -0.1809711633461218, 0.22738883008145347, 0.34992434989584065, 0.44518257199359706, 0.5269612489653948, 0.23575432378733882, 0.16357939452638934, -0.042136589569948237, 0.31776292805720946, 0.6737921717209892, 1.0, 0.03385148920468226, 0.27798035582416514, -0.2273657380258267, 0.09399370953445711, -0.2917229088844498, -0.12844404814207896, -0.08212583701513383, 0.21826276837370073, 0.04496988940438056, -0.6634981015755106, -0.6801396750932751, -0.1796212026578682, -0.6395555763210563], [0.14476362355409902, -0.10669460049128109, -0.4752018607735032, -0.17388333020044322, 0.0939690536240387, -0.0027604657399282907, 0.5955763010193272, 0.25101966792543984, -0.11964267513763831, 0.2048883802502218, 0.5276854124526886, 0.43318366064364827, 0.35468779336098044, 0.33622067385456733, 0.38322377566876453, 0.03385148920468226, 1.0, 0.4594983536617231, 0.32450784027169, -0.19474954322570073, -0.10109628144039173, -0.014078918368809883, -0.33529662871325006, -0.18705207284644412, -0.42363668388530024, -0.08828412983137716, -0.03585858475582493, -0.025943928606180503, -0.12351479276578056], [0.055643954979741915, -0.0031855514024900205, -0.2386108278152195, 0.11218729789562637, 0.05332732507754898, 0.1135041362897881, 0.6117800330119009, 0.41575413079121554, 0.15746257528255717, 0.3989191120519765, 0.6616135944488971, 0.43187795457565487, 0.33042272540445083, 0.4123528164223467, 0.4376174947771551, 0.27798035582416514, 0.4594983536617231, 1.0, 0.5646028666994285, -0.09513806348409024, -0.07147862853237337, 0.04703907815905341, -0.3458490955979099, -0.16381138891098176, -0.30108175059962966, -0.026727592237683947, 0.023188279851203555, 0.2583877331748671, 0.06877410089718904], [0.24756518036214875, -0.07821792138689361, -0.02969554216245712, 0.33769019874264006, 0.07170457594532498, 0.24048035580265215, 0.20554647534341863, -0.0757742160547615, -0.12997474099394166, 0.11825363765374204, 0.18568850497049383, 0.15373703351199242, 0.23808391654258587, 0.04591782128200486, 0.05948735445858179, -0.2273657380258267, 0.32450784027169, 0.5646028666994285, 1.0, 0.012558571326878236, 0.08496683204548539, 0.08188444122368913, -0.28154153250268765, -0.3293618149764794, -0.36982053940771353, 0.1816659555773348, 0.44934265501181375, 0.3553109638071392, 0.3669367358459656], [-0.02932869973508869, -0.18531815533764734, 0.3488958613513607, -0.2572206854426316, 0.1544935128410868, 0.1901630084910438, -0.3357428225517303, -0.29397209906436317, 0.24654249025317737, 0.32368714861309156, -0.46114057929664415, -0.3308294966243457, -0.1258784916515691, -0.02801233036846856, 0.049531879257960224, 0.09399370953445711, -0.19474954322570073, -0.09513806348409024, 0.012558571326878236, 1.0, -0.18816689351961294, -0.4419766411324134, -0.07229458730928912, 0.03657274669434045, 0.25297666942417474, -0.24441117030815634, -0.22360212944602842, -0.12004675980046821, -0.04407132686677739], [-0.17028943040722358, -0.13549857202867124, 0.06294888117353668, 0.5637632687170163, 0.2656055831251763, 0.025854962993187167, -0.18831935030874075, -0.03583970497214893, 0.14008513766900824, -0.07117124553680895, -0.028227540821625995, -0.10506210153905406, 0.30291671427913147, -0.12637702227808711, -0.4531721606147235, -0.2917229088844498, -0.10109628144039173, -0.07147862853237337, 0.08496683204548539, -0.18816689351961294, 1.0, 0.5388083619268713, 0.3274404217499966, 0.172082601515852, 0.39962688698303606, 0.31953275749873755, 0.10236055604106575, 0.49199672198033223, 0.4481871029525816], [-0.014726568568278845, -0.4425580390965022, -0.08658901036882138, 0.6289823161723667, 0.09954018973748978, 0.10484051896795434, 0.11377444361248978, 0.14592881189436321, 0.04648377204339452, 0.0451623960122967, 0.2795285454483268, -0.04469010826486973, 0.42234952634210216, 0.22195008556030651, -0.03525463632898001, -0.12844404814207896, -0.014078918368809883, 0.04703907815905341, 0.08188444122368913, -0.4419766411324134, 0.5388083619268713, 1.0, -0.09840855185668611, 0.19318704089979827, 0.040309909452983246, 0.15629178314704253, 0.15599852110794726, 0.5999706140355663, 0.07007905503037894], [-0.4128002217577192, 0.1047374756992552, -0.055516174685434384, -0.09833739275485415, -0.07510395736791861, -0.1358816089512698, -0.4462211429414776, 0.1494190708598508, 0.39010330309110786, -0.09851204315395767, -0.12233582590344706, -0.34666420227961137, 0.10615309144141674, -0.35574092097352755, -0.6068712506255717, -0.08212583701513383, -0.33529662871325006, -0.3458490955979099, -0.28154153250268765, -0.07229458730928912, 0.3274404217499966, -0.09840855185668611, 1.0, 0.2885627791689646, 0.3950010893815554, -0.09761118153680341, -0.17473225595571848, 0.030056294412378677, 0.09809115149758786], [-0.20376240149840963, -0.2445797094276809, -0.20474586968818823, -0.24523604886700054, -0.18208777019392489, -0.008275986043061415, -0.3585039680038117, 0.2976910435569587, 0.5942970035155829, 0.4010315661142113, 0.08177645619406707, -0.1710948306320566, 0.43442739802267316, 0.18502899558312758, -0.023472561207057974, 0.21826276837370073, -0.18705207284644412, -0.16381138891098176, -0.3293618149764794, 0.03657274669434045, 0.172082601515852, 0.19318704089979827, 0.2885627791689646, 1.0, 0.49728918164577635, -0.32097045687008413, -0.7029655854564474, 0.17774426194576687, -0.4424935921022252], [-0.4622537470718758, -0.1616232469186158, 0.40266312419107886, -0.134603057860793, 0.3645807764752835, 0.34214152150823723, -0.5702459591414736, 0.05648971386205921, 0.36997380014560644, 0.05821560682701713, -0.2984967484660199, -0.5218020938898276, 0.2132970798755676, 0.07942467234563753, -0.3251863194889775, 0.04496988940438056, -0.42363668388530024, -0.30108175059962966, -0.36982053940771353, 0.25297666942417474, 0.39962688698303606, 0.040309909452983246, 0.3950010893815554, 0.49728918164577635, 1.0, -0.3294525023040239, -0.3952903876868337, 0.05347055108341149, 0.03201919837461231], [0.5132253928166525, 0.24606659633642458, -0.08920575135392693, 0.4238713520204642, -0.14762382350215456, -0.2467747308564719, 0.056141130694655615, -0.4053841304175666, -0.49118926880497027, -0.5924407487546138, -0.10156349254163917, 0.23926791639342712, -0.24572587583337488, -0.5060505945959337, -0.4908868664749437, -0.6634981015755106, -0.08828412983137716, -0.026727592237683947, 0.1816659555773348, -0.24441117030815634, 0.31953275749873755, 0.15629178314704253, -0.09761118153680341, -0.32097045687008413, -0.3294525023040239, 1.0, 0.672464784003705, 0.2837124028564083, 0.6391562169433814], [0.3591970662694378, 0.2189895120192143, 0.1377009341741712, 0.4188841691103006, 0.2573285878569501, 0.07291371349752179, 0.14979432786204755, -0.2804145154086625, -0.569564542386322, -0.6160028577589954, -0.07758408834148618, 0.1491516788924415, -0.20516703946521034, -0.33038442425260817, -0.34583945407194483, -0.6801396750932751, -0.03585858475582493, 0.023188279851203555, 0.44934265501181375, -0.22360212944602842, 0.10236055604106575, 0.15599852110794726, -0.17473225595571848, -0.7029655854564474, -0.3952903876868337, 0.672464784003705, 1.0, 0.15972930403861554, 0.7729004345634057], [-0.050636163356359086, -0.398312178340907, -0.25716294260626377, 0.44961328239819076, -0.12295222490177672, 0.20823818278267267, -0.0710693054493107, -0.18113464894497566, 0.1865858449160285, 0.06665135384904385, 0.11427163019915906, -0.1054156175139876, 0.3153197189325212, -0.04523139213963416, -0.2768820736709263, -0.1796212026578682, -0.025943928606180503, 0.2583877331748671, 0.3553109638071392, -0.12004675980046821, 0.49199672198033223, 0.5999706140355663, 0.030056294412378677, 0.17774426194576687, 0.05347055108341149, 0.2837124028564083, 0.15972930403861554, 1.0, 0.2113520932762377], [0.17528253207161987, 0.21364410885072602, 0.22485364190084872, 0.39115579237808984, 0.5280990592862215, 0.13365127461310197, -0.10195944732600122, -0.15678497699365168, -0.3536762691831953, -0.5382150372869551, -0.1672130290378457, 0.0817936613802284, -0.017613989491405423, -0.24775244708472338, -0.47178588563305734, -0.6395555763210563, -0.12351479276578056, 0.06877410089718904, 0.3669367358459656, -0.04407132686677739, 0.4481871029525816, 0.07007905503037894, 0.09809115149758786, -0.4424935921022252, 0.03201919837461231, 0.6391562169433814, 0.7729004345634057, 0.2113520932762377, 1.0]]}, {"name": 1, "matrix": [[1.02, 0.32538154442897743, 0.12469617544178077, 0.3210615682122324, -0.17267932993658897, 0.020361002258012774, 0.1223283824728288, -0.06772165443398614, -0.22097414593044673, -0.17616875643357813, -0.06674779298394105, 0.14563158057397024, 0.1262955840628695, -0.03070645286508693, 0.025658048947234533, -0.47610795253623023, 0.150554168496263, 0.057869713178931595, 0.25251648396939175, -0.027862264748334257, -0.17199232471129583, -0.012812114654402594, -0.45820824615106837, -0.2180257696032983, -0.4345185222475632, 0.4516383456786542, 0.3125014476544109, -0.054180694791304225, 0.19806926124093044], [0.30193062230797, 0.98, 0.13165769703615518, -0.05535062654671043, -0.09491312946204596, -0.13423132126795873, 0.26376869465855957, 0.1695911772248196, 0.03731241228596237, -0.20388071425542031, 0.10926248660136163, 0.5410868549275927, -0.2971019661445219, -0.5081077205641429, -0.13782711006262538, 0.006572024490175264, -0.11416322252567077, -0.0034722510287141226, -0.07039612924820425, -0.20940951553154147, -0.14362848635039152, -0.41157897635974705, 0.08902685434436693, -0.2494713036162345, -0.17940180407966355, 0.21161727284932513, 0.2036602461778693, -0.4421265179584068, 0.23500851973579864], [0.10622266796892436, 0.12101869121505174, 1.14, 0.31901957833674666, 0.38226883184901667, 0.6542270252875059, -0.45235195918296767, -0.2410971557324151, -0.0807368479715384, -0.15928437243759305, -0.42924574556152206, -0.43528154614622255, -0.07990838684076464, -0.0027680304106671412, -0.13776599109361146, -0.12373117407665248, -0.44668974912709297, -0.26247191059674146, -0.026429032524586837, 0.37331857164595594, 0.05728348186791839, -0.08658901036882138, -0.06328843914139519, -0.19450857620377882, 0.45500933033591906, -0.09455809643516255, 0.15284803693333004, -0.25201968375413847, 0.254084615347959], [0.3459983890442505, -0.06317798787654826, 0.3227727498465907, 0.93, 0.03218170994474047, 0.22195523700205974, -0.026452383308601023, -0.18330962249764238, -0.09071525033648721, -0.14224699482538394, -0.03943218700543048, -0.12014597174757198, 0.18315223411413548, -0.02156072106946583, -0.13863619208344694, -0.23603405935475566, -0.17040566359643436, 0.10433418704293253, 0.33769019874264006, -0.22635420318951582, 0.5412127379683357, 0.660431431980985, -0.11112125381298518, -0.2305218859349805, -0.14133321075383265, 0.4281100655406689, 0.40631764403699155, 0.38666742286244404, 0.44591760331102237], [-0.18706927409797142, -0.11054588019697117, 0.32401834318630934, 0.02812275553729572, 1.08, 0.32597970639071194, -0.029336232687378536, 0.22667141260577867, -0.16088192356948539, -0.0686598122766513, -0.061942625181479985, -0.03666402924932167, 0.280811314610821, 0.3443011642798121, 0.042116093757549405, -0.2153575801035866, 0.0798736955804329, 0.04959441232212056, 0.06453411835079248, 0.1544935128410868, 0.2735737506189316, 0.09754938594273999, -0.06759356163112676, -0.1675207485784109, 0.3682265842400363, -0.15648125291228385, 0.2315957290712551, -0.12541126939981226, 0.4858511345433238], [0.019427011328746132, -0.14362751375671584, 0.6602291080883087, 0.26112380823771736, 0.4017889404350636, 1.06, -0.22464533084381727, -0.10098807339706387, 0.08702954825798304, 0.12186493393914384, -0.04313501787004001, -0.32020426327342116, 0.35969862123625806, 0.2306525399639792, -0.14214479139866376, -0.19001972151342789, -0.0027328610825290076, 0.10442380538660506, 0.24769476647673172, 0.17875322798158116, 0.022752367434004706, 0.1111309501060316, -0.1290875285037063, -0.007448387438755273, 0.39004133451939044, -0.2714522039421191, 0.08166335911722442, 0.19157912816005887, 0.12830522362857788], [0.1376194302819324, 0.28621709420396896, -0.36700253292203033, -0.028803706269365556, -0.026372976860370604, -0.22900737610292052, 1.0, 0.5102154302755673, -0.04679673715093887, 0.25086718330318925, 0.7461701729167624, 0.8285725968677082, -0.0059975288176807515, 0.10847118957989815, 0.4860410372606614, 0.21374550027656625, 0.6193993530601003, 0.666840235982972, 0.20554647534341863, -0.3726745330324207, -0.16760422177477927, 0.10922346586799019, -0.437296720082648, -0.40510948384430717, -0.5930557975071326, 0.05221125154602972, 0.13631283835446328, -0.07391207766728312, -0.09380269153992113], [-0.07728235858937242, 0.18655029494730155, -0.28128001502115096, -0.1504522373329706, 0.19862958836588854, -0.10194079107062108, 0.46545969077771054, 1.08, 0.46050391544325725, 0.38653758482126843, 0.7491753298897764, 0.38897672012589246, 0.6238574829550004, 0.5007108972070922, 0.43450509734780285, 0.3989137588812583, 0.26608084800096626, 0.45732954387033714, -0.08638260630242811, -0.3057309830269377, -0.03046374922632659, 0.16635884555957406, 0.1494190708598508, 0.3304370583482242, 0.051405639614473884, -0.35268419346328295, -0.24676477355962304, -0.1702665700082771, -0.14581002860409606], [-0.25899120329482467, 0.03985644039636889, -0.0824731242720016, -0.087788951938536, -0.12497077991558239, 0.10203464278522151, -0.042585030807354374, 0.4499176185365157, 0.97, 0.610542772958708, 0.27108853227051916, -0.08766172741867907, 0.47742827895098267, 0.11321250109086689, 0.06940778715317368, 0.40511614051417333, -0.12083910188901469, 0.16061182678820832, -0.11697726689454749, 0.21942281632532787, 0.15549450281259916, 0.04648377204339452, 0.33548884065835277, 0.5170383930585571, 0.39957170415725496, -0.43224655654837385, -0.6322166420488176, 0.15859796817862423, -0.3289189303403716], [-0.17029646455245884, -0.22028490965528172, -0.15788714110042118, -0.14894097105246082, -0.06403847875803054, 0.13241093783772356, 0.27874131478132136, 0.4549869488000347, 0.6045570594983284, 1.09, 0.48681081131562615, 0.09948196271656884, 0.3343412076410455, 0.3231978266996067, 0.3564550689615173, 0.46899551157920133, 0.1946439612377107, 0.3630163919672986, 0.13362661054872849, 0.3269240200992225, -0.06049555870628761, 0.050581883533772305, -0.09555668185933894, 0.4451450383867746, 0.06520147964625919, -0.515423451416514, -0.5975227720262256, 0.07065043507998647, -0.5435971876598247], [-0.07660826240202324, 0.10176408065813093, -0.494895094882696, -0.03902143505745725, -0.060084346426035586, -0.04713723602293032, 0.7144182506649853, 0.6061509487290009, 0.3167455482318698, 0.5143661402580201, 0.96, 0.6701399718609446, 0.39810226477104665, 0.2525629739000171, 0.24499077517897902, 0.200391175219238, 0.601561370196065, 0.5756038271705405, 0.2079711255669531, -0.4473063619177448, -0.025687062147679657, 0.271142689084877, -0.12967597545765389, 0.09158963093735512, -0.33133139079728213, -0.09953222269080639, -0.07448072480782673, 0.11541434650115065, -0.16219663816671034], [0.12180095829822964, 0.5609432532735593, -0.5213255727100108, -0.11890735348213309, -0.03464952214771058, -0.3747845354222998, 0.8124838085790148, 0.331350539366501, -0.0905202620084186, 0.11806650520208171, 0.6763449716003979, 1.0, -0.17374439914050904, -0.1105586953363588, 0.3261233864850648, 0.17339415819797271, 0.36820611154710103, 0.44915307275868105, 0.17526021820367133, -0.3705290362192672, -0.10506210153905406, -0.04066799852103146, -0.32586435014283466, -0.17964957216365945, -0.5739823032788104, 0.24644595388522994, 0.14318561173674382, -0.09276574341230909, 0.07688604169741468], [0.10861420229406778, -0.2847227175551668, -0.07212969431644242, 0.1882873434818215, 0.22732344516114075, 0.31064880924949556, -0.006985357093534051, 0.4968776412915933, 0.47742827895098267, 0.41987035378177817, 0.4019673353028044, -0.2017676893244621, 0.96, 0.5975844405481718, 0.07974395725232807, -0.0383442965086529, 0.38660969476346874, 0.3403354071665844, 0.26427314736227037, -0.14098391064975743, 0.3241208842786707, 0.4181260310786811, 0.10721462235583092, 0.4822144118051673, 0.22396193386934599, -0.2506403933500424, -0.19080534670264562, 0.3184729161218464, -0.019375388440545968], [-0.02593651843944236, -0.4931633758416681, -0.002667374759370154, -0.019165085395080737, 0.38433618338211584, 0.22836885144948435, 0.09794000612553912, 0.4284929793406846, 0.09185165182843917, 0.340208238631165, 0.24354286768930217, -0.09338452907051666, 0.5477857371691576, 1.1, 0.6882512089118188, 0.30187478165434894, 0.3160474334232933, 0.37111753478011206, 0.0509687816230254, -0.03165393331636947, -0.10742046893637404, 0.2086330804266881, -0.3343964657151159, 0.1924301554064527, 0.08339590596291942, -0.43014300540654365, -0.30064982606987345, -0.04523139213963416, -0.2700501673223485], [0.02160677806082908, -0.1362608929028228, -0.15014945096719448, -0.1724892157317305, 0.05533858830933817, -0.14214479139866376, 0.4469841681950725, 0.38876771867961313, 0.057633251832546, 0.3564550689615173, 0.25845180678221963, 0.3389125388962438, 0.07559062614543599, 0.6456789691853145, 0.97, 0.7276955454586683, 0.35639811137195104, 0.4507460196204698, 0.05056425128979452, 0.043092734954425393, -0.49395765507004863, -0.03525463632898001, -0.5947338256130602, -0.02182948192256392, -0.28616396115030024, -0.43688931116269986, -0.32854748136834755, -0.30733910177472823, -0.4057358616444293], [-0.43750460503329264, 0.006019237383525008, -0.10310931173054372, -0.23101205809188854, -0.2313948467070452, -0.20268770294765642, 0.23421049498389707, 0.34642510639688223, 0.48524900347302086, 0.47953473655850926, 0.24754203997670576, 0.18320892186955606, -0.04424341904844565, 0.34636159158235835, 0.5929371111144704, 1.08, 0.038590697693337776, 0.29465917717361506, -0.2569232839691842, 0.09399370953445711, -0.3121435125063613, -0.12972848862349975, -0.09115967908679856, 0.21608014068996373, 0.049466878344818624, -0.6369581775124902, -0.6665368815914096, -0.17423256657813216, -0.7226978012427936], [0.13607780614085307, -0.09282430242741455, -0.5417301212817935, -0.193010496522492, 0.08081338611667328, -0.002677651767730442, 0.6074878270397138, 0.25604006128394863, -0.11246411462938, 0.2151327992627329, 0.5857308078224844, 0.4894975365273225, 0.34404715956015103, 0.3732049479785698, 0.36789482464201395, 0.038590697693337776, 0.88, 0.41814350183216803, 0.36993893790972654, -0.2220144792772988, -0.08694280203873689, -0.014923653470938476, -0.28500213440626254, -0.190793114303373, -0.43210941756300625, -0.08740128853306339, -0.03585858475582493, -0.02776000360861314, -0.13586627204235863], [0.05063599903156515, -0.002930707290290819, -0.20759142019924096, 0.10321231406397627, 0.052260778575998, 0.09988363993501354, 0.6607224356528529, 0.42406921340703985, 0.17163420705798732, 0.3670055830878184, 0.6351490506709412, 0.4275591750298983, 0.2973804528640058, 0.4700822107214752, 0.4857554192026422, 0.25018232024174863, 0.40435855122231634, 1.05, 0.5815409527004114, -0.10370048919765837, -0.07934127767093445, 0.052683767538139824, -0.3873509870696591, -0.15234459168721304, -0.29204929808164076, -0.02619304039293027, 0.026202756231860014, 0.2299650825256317, 0.06258443181644202], [0.24261387675490578, -0.07978227981463148, -0.030883363848955406, 0.30054427688094965, 0.06453411835079248, 0.24048035580265215, 0.19938008108311606, -0.07198550525202342, -0.11437777207466866, 0.13126153779565367, 0.20054358536813335, 0.13067647848519354, 0.2666539865276962, 0.04545864306918481, 0.052348871923551976, -0.20690282160350232, 0.3439783106879914, 0.6267091820363657, 1.0, 0.012181814187071888, 0.09176417860912423, 0.08188444122368913, -0.3068802704279296, -0.34582990572530337, -0.4031043879544078, 0.16531601957537467, 0.49427692051299515, 0.3943951698259246, 0.3742754705628849], [-0.028155551745685143, -0.19087769999777676, 0.32447315105676544, -0.2726539265691895, 0.16376312361155201, 0.20917930934014822, -0.28538139916897076, -0.2498762842047087, 0.22435366613039143, 0.3301608915853534, -0.45191776771071124, -0.31759631675937183, -0.11958456706899065, -0.025211097331621704, 0.05398974839117665, 0.08929402405773425, -0.2083820112514998, -0.08847839904020392, 0.013563257033028495, 1.07, -0.1731135420380439, -0.44639640754373755, -0.06795691207073176, 0.031086834690189382, 0.250446902729933, -0.2468552820112379, -0.23254621462386957, -0.13325190337851972, -0.047156319747451804], [-0.16007206458279016, -0.13820854346924466, 0.05791297067965375, 0.5130245745324848, 0.24170108064391044, 0.024303665213595935, -0.21468405935196444, -0.03082214627604808, 0.1344817321622479, -0.07401809535828131, -0.023993409698382095, -0.11346706966217839, 0.31503338285029675, -0.10994800938193579, -0.43504527419013456, -0.3208951997728948, -0.09604146736837214, -0.06290119310848856, 0.09006484196821452, -0.16558686629725938, 1.04, 0.5226441110690652, 0.3405380386199965, 0.1548743413642668, 0.38763808037354497, 0.3003607920488133, 0.10543137272229773, 0.48215678754072555, 0.4347414898640041], [-0.014726568568278845, -0.402727815577817, -0.07966188953931568, 0.660431431980985, 0.10252639542961448, 0.10484051896795434, 0.10125925481511591, 0.13279521882387052, 0.05159698696816792, 0.04606564393254264, 0.25157569090349413, -0.04647771259546452, 0.38433806897131295, 0.204194078715482, -0.03067153360621261, -0.11303076236502949, -0.012530237348240795, 0.0428055611247386, 0.07451484151355711, -0.4508161739550617, 0.5010917765919903, 0.96, -0.10529715048665414, 0.21636948580777407, 0.035069621224095425, 0.17504679712468765, 0.1357187133639141, 0.6299691447373447, 0.06587431172855619], [-0.3921602106698332, 0.09007422910135948, -0.05274036595116266, -0.09145377526201436, -0.07209979907320187, -0.14403450548834598, -0.45068335437089235, 0.14643068944265378, 0.4135095012765743, -0.09654180229087851, -0.11866575112634364, -0.3674640544163881, 0.10615309144141674, -0.3984298314903509, -0.5886651131068045, -0.08294709538528518, -0.28500213440626254, -0.3700585322897636, -0.29561860912782206, -0.07880110016712515, 0.3732820807949961, -0.09447220978241866, 1.02, 0.2683633846271371, 0.434501198319711, -0.09273062245996323, -0.15900635291970383, 0.02885404263588353, 0.09416750543768435], [-0.20783764952837783, -0.27148347746472584, -0.22317299796012519, -0.25259313033301056, -0.19119215870362113, -0.007944946601338957, -0.3656740473638879, 0.3363908792193633, 0.588354033480427, 0.389000619130785, 0.08995410181347378, -0.17280577893837717, 0.4127060281215395, 0.20353189514144035, -0.026054542939834353, 0.19643649153633067, -0.18518155211797968, -0.1867449833585192, -0.35900437832436255, 0.03803565656211407, 0.16003681940974238, 0.18352768885480836, 0.25393524566868886, 0.97, 0.5420452079938962, -0.29529282032047743, -0.667817306183625, 0.15463750789281716, -0.5044426949965367], [-0.4483861346597195, -0.1810180365488497, 0.3583701805300602, -0.14537130248965643, 0.3244768910630023, 0.32503444543282534, -0.5645434995500589, 0.049146051059991515, 0.3551748481397822, 0.05414051434912594, -0.27461700858873833, -0.5583282404621155, 0.21543005067432328, 0.08498439940983217, -0.2764083715656309, 0.042721394934161536, -0.47870945279038923, -0.2559194880096852, -0.38091515558994493, 0.28586363644931745, 0.38763808037354497, 0.03789131488580425, 0.3555009804433999, 0.48237050619640304, 0.93, -0.3459251274192251, -0.3478555411644137, 0.04865820148590446, 0.03650188614705803], [0.4567705996068207, 0.24852726229978883, -0.0990183840028589, 0.41539392498005495, -0.1520525382072192, -0.23443599431364828, 0.0628780663780143, -0.3972764478092153, -0.44698223461252296, -0.6635336386051676, -0.08937587343664247, 0.2177338039180187, -0.2604694283833774, -0.49592958270401505, -0.5448844217871875, -0.7298479117330617, -0.09976106670945618, -0.02512393670342291, 0.1544160622407346, -0.22485827668350386, 0.32592341264871233, 0.14691427615821998, -0.085897839752387, -0.324180161438785, -0.29321272705058127, 0.85, 0.5783197142431863, 0.2837124028564083, 0.5752405952490433], [0.34123721295596593, 0.22774909249998287, 0.13494691549068777, 0.4482060609480216, 0.2856347325212147, 0.07583026203742267, 0.1602799308123909, -0.30284767664135553, -0.5467819606908692, -0.5605626005606859, -0.08767001982587938, 0.15660926283706358, -0.19901202828125403, -0.3138652030399777, -0.3423810595312254, -0.6529340880895441, -0.03263131212780069, 0.020637569067571165, 0.4628229346621682, -0.2526704062740121, 0.11464382276599365, 0.1481985950525499, -0.19744744922996185, -0.6748469620381895, -0.33599682953380866, 0.7262619667240015, 1.09, 0.1820914066040217, 0.803816451945942], [-0.05468705642486782, -0.4102615436911342, -0.25716294260626377, 0.38666742286244404, -0.12418174715079448, 0.22281485557745978, -0.06254098879539341, -0.17207791649772688, 0.1884517033651888, 0.05665365077168727, 0.1097007649911927, -0.1149030230902465, 0.28063454984994385, -0.04523139213963416, -0.23534976262028737, -0.15267802225918797, -0.029316639324983965, 0.2790587518288565, 0.3233329770644967, -0.1128439542124401, 0.4181972136832824, 0.5759717894741436, 0.027651790859388386, 0.17418937670685153, 0.05988701721342088, 0.2666896586850238, 0.13736720147320935, 0.98, 0.19233040488137632], [0.15424862822302549, 0.2200534321162478, 0.23609632399589117, 0.43027137161589885, 0.5597850028433948, 0.136324300105364, -0.10399863627252125, -0.14110647929428652, -0.3147718795730438, -0.4843935335582596, -0.15383598671481807, 0.08261159799403067, -0.01902310865071786, -0.24775244708472338, -0.40101800278809874, -0.658742243610688, -0.13339597618704302, 0.06327217282541392, 0.3485898990536673, -0.04318990032944184, 0.4974876842773656, 0.06937826448007514, 0.11084300119227428, -0.39381929697098045, 0.03362015829334293, 0.5816321574184771, 0.6569653693788948, 0.2219196979400496, 0.87]]}, {"name": 2, "matrix": [[1.04, 0.31787387018664237, 0.17502644504195505, 0.3255412303384224, -0.17702162852591563, 0.0737513893599603, 0.09582469137924994, -0.08035332253913449, -0.2912530998075131, -0.16966947140095356, -0.08184744271502253, 0.1225300407025201, 0.14890088075638427, -0.03904641489168482, 0.019011905757828528, -0.4546704286371909, 0.14521874916480024, 0.07172676245067201, 0.2606850146209583, -0.034133890964978944, -0.15095201581847045, 0.014533345456798324, -0.3500750281866509, -0.2140461181471528, -0.46518162048398165, 0.5905967452645917, 0.3420979663292422, -0.02331583932974246, 0.18518596401973203], [0.28350912746376206, 1.04, 0.13132798055197054, -0.07268154916674509, -0.12380272946067936, -0.10176170672807841, 0.2477344378692263, 0.19641770463452346, 0.04452158898566229, -0.16693453899879634, 0.09287560422712392, 0.41919378983608035, -0.30866881670152885, -0.4986078258701447, -0.1355927703502553, 0.04404396557334558, -0.09238685581884248, -0.004719702470036032, -0.06827447966989658, -0.20705795860280118, -0.1142909352051969, -0.44371607367156196, 0.08269680276618291, -0.251574581599018, -0.17013953004221286, 0.23233111377385657, 0.16207984441507636, -0.3952793145550088, 0.14562957214293865], [0.1620615231869954, 0.14622084432590537, 0.94, 0.4186615462262892, 0.327885143529557, 0.6698381991851976, -0.3599929126624453, -0.272694250126083, -0.1341926840135844, -0.11768717634636586, -0.48543412674859454, -0.4824423953490522, -0.0716915062517043, -0.027306712852928263, -0.14298109739627748, -0.10724971583437239, -0.45159677992651714, -0.21060573370328642, 0.010642734141607038, 0.35997681932978715, 0.06439565739537453, -0.06050777530498447, -0.03150186841897341, -0.20570048095942195, 0.3200002329047581, -0.047054033612490616, 0.13806768125834024, -0.20159054127192128, 0.2423982945748422], [0.29008624485602, -0.06684106753727449, 0.32684980363280475, 1.06, 0.00010563292079348772, 0.2677142129953515, -0.06823571643867088, -0.18323760361798322, -0.08986219937003201, -0.11396493397567209, -0.03524181394957998, -0.1366890447029241, 0.1471642821400256, -0.006987255774948422, -0.15729902707658908, -0.2361136995763623, -0.13661603473006723, 0.12679402281555124, 0.38873463290026, -0.22633870882730808, 0.5463207502382097, 0.5486190167339848, -0.10010411529935356, -0.22106833818147384, -0.14760806696759826, 0.43476420259748816, 0.3828831671560865, 0.4419707361791982, 0.3787898858462556], [-0.14925352993361513, -0.10118492311690139, 0.3414061803761367, 9.269827743101983e-05, 1.1, 0.3222289846876938, -0.026663248298719862, 0.16729199050226928, -0.16179207583172883, -0.07634370897697611, -0.0762873091916414, -0.03823487633439949, 0.21431874435638829, 0.3151517536321627, 0.014684010721247047, -0.21012439912162453, 0.07142475085456026, 0.036727545835542226, 0.051066056709842406, 0.18488733148783093, 0.2325496240524285, 0.07120718641269398, -0.07950940939700836, -0.11731922837806764, 0.32351870025386587, -0.12078247372615271, 0.23569165156886498, -0.12075559817680688, 0.4399269843342376], [0.061127277667714836, -0.11696747899779128, 0.6454804464875541, 0.305959100566116, 0.29480524131001773, 0.97, -0.2420640423978942, -0.07674992602924825, 0.06397396602106563, 0.13804725944394755, -0.06443868043954222, -0.35953759463645407, 0.26842291289476566, 0.23094648903677814, -0.09613744802319713, -0.18048836894981288, 0.014477858981548212, 0.1406576490249354, 0.27140731948543795, 0.17137953188938299, 0.04330846453968772, 0.13037275809685783, -0.1040766748287172, -0.029088636104123527, 0.28763566438269367, -0.2333710211543049, 0.0841673353870641, 0.24430122972166918, 0.13027731151359034], [0.08783930043097911, 0.27902720896849703, -0.4279915739431295, -0.05812672141071963, -0.02611349060183904, -0.2335705672260383, 0.86, 0.40081349784774944, -0.015110292414021176, 0.2753945244546803, 0.6953042600480798, 0.7741852688687387, -0.02740002844550674, 0.11419898957748875, 0.4292532231071151, 0.20978798687699854, 0.5634745970306754, 0.5915512633650691, 0.17909229601445542, -0.29566613860897106, -0.22062260129989172, 0.11762379408176601, -0.34968663768228975, -0.3357341168221689, -0.5312517113311953, 0.03054023066180567, 0.13194330869269033, -0.05727546568283555, -0.11250290926616202], [-0.06898256934963433, 0.17695288705812923, -0.24720880618906585, -0.17987544575343306, 0.19517398891931417, -0.09880450247443454, 0.37303434453156875, 1.11, 0.5299415189681477, 0.40087246035896623, 0.6750248046890563, 0.3496950232386275, 0.48105915557775225, 0.4632999231089067, 0.36813672394318064, 0.3614920872671929, 0.21619410803352798, 0.43308620014514815, -0.06397539502330925, -0.27989574600862865, -0.026170349640095257, 0.14881918594990484, 0.11463924822732197, 0.25721976791619733, 0.03407427325826533, -0.43860439442345317, -0.3105125091220175, -0.14459502840927319, -0.172520443501257], [-0.2351401172757904, 0.039751418737198466, -0.13540162711280587, -0.08784282410328971, -0.16179207583172883, 0.05905289171175288, -0.01714763521141729, 0.4528591162091443, 0.88, 0.5241542904524457, 0.2526250877987027, -0.06019996650989731, 0.40816639484348916, 0.12001656967504476, 0.06773674200634582, 0.461873