{"times": [{"name": 0, "matrix": [[1.0, 0.1390433793488474, 0.39004541040079693, -0.03508248033855881, 0.19311455799632746, 0.17675497280011174, 0.22995446382273133, -0.21517071124962917, -0.045284181815832554, -0.01923776117772173, 0.2761347006042631, 0.05749952796277905, -0.15869777263331997, -0.13182786777857958, 0.052424224780219526, 0.1771453578451177, 0.07514271356945613, 0.601959389849013, -0.23630706856239492, 0.4711481569343251, -0.39371838677123167, -0.19568911788844606, -0.002669941945162682, 0.009471497193407036, 0.053859219287977184, 0.5357145273548715, 0.44840228038161406, -0.4929043852116085, 0.5724611498399915], [0.1390433793488474, 1.0, 0.12430645983434643, 0.029961876128790345, 0.39182830948656594, 0.02247886660877103, -0.2933165666247086, -0.217042167623071, -0.23095521697167118, -0.2811329882003812, -0.48378653052596243, -0.043409222638737054, -0.3379604708695469, 0.23919451657587404, -0.031244672990908922, 0.33201105321558594, 0.34686462140539, 0.08526715035200863, 0.34818910617130483, -0.08190592104871977, 0.34579524919059434, -0.08760999306438953, -0.07009524991145256, 0.23875094747937695, 0.016950960565925235, 0.2571591586199976, -0.1382721774748537, -0.14395050093463993, 0.07064546532681153], [0.39004541040079693, 0.12430645983434643, 1.0, -0.6461787786236194, -0.2010404161416093, 0.76359537635754, 0.45458095702993245, -0.35938775136035805, 0.2630922909258259, 0.14038035738071852, 0.26036815630786786, 0.1537305769556738, -0.3721845843278735, 0.0671308950441958, -0.16748009741215744, -0.23644573866193572, 0.3610242197134697, 0.48405518621243654, 0.24644593591124, 0.3052052533383903, -0.027631915117211872, -0.4434798390335015, 0.020449554598205057, -0.09149024536047846, 0.09180779926428241, -0.022088782693824322, 0.17488225782887065, 0.1326839117112609, 0.3241021230407446], [-0.03508248033855881, 0.029961876128790345, -0.6461787786236194, 1.0, 0.2338352690584609, -0.5578941216330461, -0.4860659147654118, 0.25563055935930135, -0.3561436244669282, -0.15951155396956973, -0.10080632891616473, -0.2695527366648696, 0.22678952237780928, -0.3011337581381061, 0.023205431955652528, 0.21989252946789828, -0.277857459034092, -0.27975260099786825, -0.37152522345041195, -0.0232214166126587, -0.035486116895034135, 0.45174447078976254, -0.002852361914266147, 0.09486234867471281, 0.07101004028129072, 0.38377843051318583, -0.29610874280810484, -0.2742293658037266, -0.3096357576363652], [0.19311455799632746, 0.39182830948656594, -0.2010404161416093, 0.2338352690584609, 1.0, -0.3937007985943298, -0.16928559367464302, 0.3480716859227743, 0.05906558164791225, 0.15512477235277228, -0.3219308700493052, 0.2934564226506863, 0.37039332151063686, 0.38701567080955845, 0.14999068064169965, 0.4285164486182672, 0.18866176082352704, -0.18736811249292373, -0.18638751954745594, -0.1846905314290624, 0.29182025459690425, 0.08820961110927447, 0.4030126703721736, 0.6008943844622125, 0.4738540269364511, 0.389834748689665, 0.15132133793974348, 0.06360494759503175, 0.2462743215112512], [0.17675497280011174, 0.02247886660877103, 0.76359537635754, -0.5578941216330461, -0.3937007985943298, 1.0, 0.3628708059354256, -0.24640139482232218, 0.1965114212145051, 0.006034530035097553, 0.1879402650229881, -0.09596303964240348, -0.436977116294312, -0.3141977212590792, -0.0941127645111232, -0.03355598908144281, 0.05019323951202106, 0.34536088268328363, 0.5029290771372801, 0.4508605401274797, -0.07353960329003227, -0.4407167529342614, -0.07411959133300221, -0.4602338050484274, -0.10904645793405242, -0.07693682915033856, 0.23020379418018422, 0.21793074646049743, 0.10604114273617568], [0.22995446382273133, -0.2933165666247086, 0.45458095702993245, -0.4860659147654118, -0.16928559367464302, 0.3628708059354256, 1.0, 0.22623687610792945, 0.5609797182366671, 0.5141162937713487, 0.7388545742151392, 0.578756687045918, 0.21497986212707731, 0.17573509439022336, 0.1457370429113684, 0.07576101656218935, 0.41069703985962447, 0.5220955381379323, 0.2108555362690823, 0.41311479498084197, 0.045589021130315745, 0.09072395186017962, 0.04390102523917729, -0.23982485533202846, 0.0013805188854479952, 0.008764739017469226, 0.5088357153532488, 0.2805218922877341, 0.07796482759329072], [-0.21517071124962917, -0.217042167623071, -0.35938775136035805, 0.25563055935930135, 0.3480716859227743, -0.24640139482232218, 0.22623687610792945, 1.0, 0.4216617473270241, 0.42218330522478814, 0.13659354410080776, 0.2820229533549331, 0.7958966348960619, 0.10574169749557216, 0.46937687389857863, 0.29268358207442297, -0.03647973372438865, -0.3061471912070569, -0.1608856383719266, 0.1494961216456709, 0.36125196038940943, 0.43906418054031215, 0.07863329321550501, 0.10874157099576151, 0.27910858016905826, 0.17079697971607896, 0.22026431281847242, 0.39809118151907713, -0.3712106729133278], [-0.045284181815832554, -0.23095521697167118, 0.2630922909258259, -0.3561436244669282, 0.05906558164791225, 0.1965114212145051, 0.5609797182366671, 0.4216617473270241, 1.0, 0.7835951899371288, 0.2750274220832245, 0.6205369476162561, 0.44646480113865894, 0.36914468731770533, 0.4033314515470314, 0.10219115872973973, 0.5656142044429515, -0.021402682749481382, 0.18233481936256213, 0.024781273276997775, 0.5445314373731146, 0.28906945281802127, 0.1098288258851075, 0.27138148887356145, 0.2323168218642879, -0.15028747941760273, 0.4145041085762722, 0.7404703656984303, -0.056176456813025966], [-0.01923776117772173, -0.2811329882003812, 0.14038035738071852, -0.15951155396956973, 0.15512477235277228, 0.006034530035097553, 0.5141162937713487, 0.42218330522478814, 0.7835951899371288, 1.0, 0.3620717011515217, 0.5091841955316041, 0.5620738603046342, 0.3670322337101496, 0.14760160117544965, 0.00036817588148462834, 0.4945903436480726, -0.2514888073290221, -0.23728226918366283, -0.18641695855844087, 0.4303147399200675, 0.32200833955313934, 0.14724033353810992, 0.4437726843461066, 0.4136841543808868, 0.011728558740210795, 0.07635474014132038, 0.5327496187128359, -0.18938465823646108], [0.2761347006042631, -0.48378653052596243, 0.26036815630786786, -0.10080632891616473, -0.3219308700493052, 0.1879402650229881, 0.7388545742151392, 0.13659354410080776, 0.2750274220832245, 0.3620717011515217, 1.0, 0.46609109930645365, 0.10676564577678249, -0.1919128253244854, -0.08156970863086684, -0.1609471619253054, 0.14119842096402238, 0.36697166427021016, -0.13804802309066025, 0.3761983950854877, -0.2961577553197092, 0.06229266579151692, -0.12348960397496293, -0.40516444535621543, -0.10230647305813521, 0.1232432996770842, 0.2786567714402483, 0.004834113552697573, -0.052248514201658706], [0.05749952796277905, -0.043409222638737054, 0.1537305769556738, -0.2695527366648696, 0.2934564226506863, -0.09596303964240348, 0.578756687045918, 0.2820229533549331, 0.6205369476162561, 0.5091841955316041, 0.46609109930645365, 1.0, 0.38737290690478204, 0.5609903240925823, 0.2710021078492602, 0.2047417780601184, 0.6760380346730885, 0.22721528005252214, 0.09525696579475695, -0.12275049768766713, 0.3637200764476134, 0.3337135287844953, 0.23027455856066176, 0.17541095759106265, 0.2627286586767091, 0.018592282147714214, 0.4005519016068912, 0.46853500442028223, 0.06247912282869181], [-0.15869777263331997, -0.3379604708695469, -0.3721845843278735, 0.22678952237780928, 0.37039332151063686, -0.436977116294312, 0.21497986212707731, 0.7958966348960619, 0.44646480113865894, 0.5620738603046342, 0.10676564577678249, 0.38737290690478204, 1.0, 0.42985310405266897, 0.47075694637376747, 0.32732110074956833, 0.19537484289433266, -0.26448911768048533, -0.29037358820539205, -0.06485362014009793, 0.4694257279522714, 0.6402941966418323, 0.27743714062251873, 0.31739679408620564, 0.5455592834996474, 0.11035821380515944, 0.23297942909873756, 0.2649554370231821, -0.07066050781459034], [-0.13182786777857958, 0.23919451657587404, 0.0671308950441958, -0.3011337581381061, 0.38701567080955845, -0.3141977212590792, 0.17573509439022336, 0.10574169749557216, 0.36914468731770533, 0.3670322337101496, -0.1919128253244854, 0.5609903240925823, 0.42985310405266897, 1.0, 0.16285435466739187, 0.05754688037254436, 0.7259618922346903, -0.06156584541500245, 0.024825583843644555, -0.4512944703645911, 0.6018889876334536, 0.29756537523235943, 0.12873249307240603, 0.5529064860250811, 0.3746495643059343, -0.29270088762983953, 0.05892025278256882, 0.2513544011538123, 0.23801053856015975], [0.052424224780219526, -0.031244672990908922, -0.16748009741215744, 0.023205431955652528, 0.14999068064169965, -0.0941127645111232, 0.1457370429113684, 0.46937687389857863, 0.4033314515470314, 0.14760160117544965, -0.08156970863086684, 0.2710021078492602, 0.47075694637376747, 0.16285435466739187, 1.0, 0.49720923251880483, 0.045237135648156554, 0.17263116443213797, 0.14591987441239473, 0.03786880222670816, 0.23521869353848396, 0.2598754035506168, 0.3476187024156508, -0.0789320015041247, -0.08160564710732503, -0.025751617486743247, 0.33439463715076256, 0.09243491715617821, 0.05632518770308251], [0.1771453578451177, 0.33201105321558594, -0.23644573866193572, 0.21989252946789828, 0.4285164486182672, -0.03355598908144281, 0.07576101656218935, 0.29268358207442297, 0.10219115872973973, 0.00036817588148462834, -0.1609471619253054, 0.2047417780601184, 0.32732110074956833, 0.05754688037254436, 0.49720923251880483, 1.0, 0.17518305514191074, 0.24461935152453085, 0.3809204459419227, 0.31186775175678333, 0.37091449962812684, 0.42813125274866, 0.43968008083483445, -0.04700240451636965, 0.18359033028580132, 0.5109873850417053, 0.39997184518990264, 0.036166787937553166, 0.09818894048164428], [0.07514271356945613, 0.34686462140539, 0.3610242197134697, -0.277857459034092, 0.18866176082352704, 0.05019323951202106, 0.41069703985962447, -0.03647973372438865, 0.5656142044429515, 0.4945903436480726, 0.14119842096402238, 0.6760380346730885, 0.19537484289433266, 0.7259618922346903, 0.045237135648156554, 0.17518305514191074, 1.0, 0.22495163386542583, 0.29633533262557304, -0.10833968956497209, 0.6742455205282188, 0.4014186521226841, 0.0050654689284252395, 0.3878245656141045, 0.3909734055854567, -0.0135707164146467, 0.1811857494386369, 0.3674786352483467, 0.17487669643460202], [0.601959389849013, 0.08526715035200863, 0.48405518621243654, -0.27975260099786825, -0.18736811249292373, 0.34536088268328363, 0.5220955381379323, -0.3061471912070569, -0.021402682749481382, -0.2514888073290221, 0.36697166427021016, 0.22721528005252214, -0.26448911768048533, -0.06156584541500245, 0.17263116443213797, 0.24461935152453085, 0.22495163386542583, 1.0, 0.3621218211548694, 0.5894804923615483, -0.25181064644921336, -0.038708466326426466, 0.1087949751463809, -0.4153438181840703, -0.11804811127939235, 0.29118644541479927, 0.5435218406472887, -0.28760450298703744, 0.4904580714844321], [-0.23630706856239492, 0.34818910617130483, 0.24644593591124, -0.37152522345041195, -0.18638751954745594, 0.5029290771372801, 0.2108555362690823, -0.1608856383719266, 0.18233481936256213, -0.23728226918366283, -0.13804802309066025, 0.09525696579475695, -0.29037358820539205, 0.024825583843644555, 0.14591987441239473, 0.3809204459419227, 0.29633533262557304, 0.3621218211548694, 1.0, 0.27309827744947845, 0.40086778457909156, -0.04926707602270424, 0.1103009851337682, -0.39875657569399686, -0.2190823795706131, -0.12451843400387205, 0.331192700409088, 0.30109618183063946, 0.12363773707992537], [0.4711481569343251, -0.08190592104871977, 0.3052052533383903, -0.0232214166126587, -0.1846905314290624, 0.4508605401274797, 0.41311479498084197, 0.1494961216456709, 0.024781273276997775, -0.18641695855844087, 0.3761983950854877, -0.12275049768766713, -0.06485362014009793, -0.4512944703645911, 0.03786880222670816, 0.31186775175678333, -0.10833968956497209, 0.5894804923615483, 0.27309827744947845, 1.0, -0.2141740424266518, 0.02109663741753909, -0.14974177053150423, -0.5035309497470623, -0.07088637277082714, 0.4474060360098705, 0.5205262573557525, -0.13983840579800957, 0.16376963721679572], [-0.39371838677123167, 0.34579524919059434, -0.027631915117211872, -0.035486116895034135, 0.29182025459690425, -0.07353960329003227, 0.045589021130315745, 0.36125196038940943, 0.5445314373731146, 0.4303147399200675, -0.2961577553197092, 0.3637200764476134, 0.4694257279522714, 0.6018889876334536, 0.23521869353848396, 0.37091449962812684, 0.6742455205282188, -0.25181064644921336, 0.40086778457909156, -0.2141740424266518, 1.0, 0.5091897108476823, 0.1769327270224253, 0.4590034473352416, 0.4645748985947418, -0.034655974348829346, 0.05651739775518202, 0.5985526138936926, -0.1192466157241982], [-0.19568911788844606, -0.08760999306438953, -0.4434798390335015, 0.45174447078976254, 0.08820961110927447, -0.4407167529342614, 0.09072395186017962, 0.43906418054031215, 0.28906945281802127, 0.32200833955313934, 0.06229266579151692, 0.3337135287844953, 0.6402941966418323, 0.29756537523235943, 0.2598754035506168, 0.42813125274866, 0.4014186521226841, -0.038708466326426466, -0.04926707602270424, 0.02109663741753909, 0.5091897108476823, 1.0, -0.027789969278308697, 0.24184206968172375, 0.4558861550667636, 0.21005130987978934, 0.09664585821796863, 0.26217068525524034, -0.3114863065058513], [-0.002669941945162682, -0.07009524991145256, 0.020449554598205057, -0.002852361914266147, 0.4030126703721736, -0.07411959133300221, 0.04390102523917729, 0.07863329321550501, 0.1098288258851075, 0.14724033353810992, -0.12348960397496293, 0.23027455856066176, 0.27743714062251873, 0.12873249307240603, 0.3476187024156508, 0.43968008083483445, 0.0050654689284252395, 0.1087949751463809, 0.1103009851337682, -0.14974177053150423, 0.1769327270224253, -0.027789969278308697, 1.0, 0.09279529904701815, 0.24639496129645536, 0.2868795404485048, 0.12795580419136934, 0.11003266623884976, 0.2662638260163113], [0.009471497193407036, 0.23875094747937695, -0.09149024536047846, 0.09486234867471281, 0.6008943844622125, -0.4602338050484274, -0.23982485533202846, 0.10874157099576151, 0.27138148887356145, 0.4437726843461066, -0.40516444535621543, 0.17541095759106265, 0.31739679408620564, 0.5529064860250811, -0.0789320015041247, -0.04700240451636965, 0.3878245656141045, -0.4153438181840703, -0.39875657569399686, -0.5035309497470623, 0.4590034473352416, 0.24184206968172375, 0.09279529904701815, 1.0, 0.5730961989802732, 0.06353250668875547, -0.16903231604195326, 0.2649781080462481, 0.03236165264754272], [0.053859219287977184, 0.016950960565925235, 0.09180779926428241, 0.07101004028129072, 0.4738540269364511, -0.10904645793405242, 0.0013805188854479952, 0.27910858016905826, 0.2323168218642879, 0.4136841543808868, -0.10230647305813521, 0.2627286586767091, 0.5455592834996474, 0.3746495643059343, -0.08160564710732503, 0.18359033028580132, 0.3909734055854567, -0.11804811127939235, -0.2190823795706131, -0.07088637277082714, 0.4645748985947418, 0.4558861550667636, 0.24639496129645536, 0.5730961989802732, 1.0, 0.3864635806857599, 0.15772625152972805, 0.263963721305408, 0.1547255807320461], [0.5357145273548715, 0.2571591586199976, -0.022088782693824322, 0.38377843051318583, 0.389834748689665, -0.07693682915033856, 0.008764739017469226, 0.17079697971607896, -0.15028747941760273, 0.011728558740210795, 0.1232432996770842, 0.018592282147714214, 0.11035821380515944, -0.29270088762983953, -0.025751617486743247, 0.5109873850417053, -0.0135707164146467, 0.29118644541479927, -0.12451843400387205, 0.4474060360098705, -0.034655974348829346, 0.21005130987978934, 0.2868795404485048, 0.06353250668875547, 0.3864635806857599, 1.0, 0.24815136637373642, -0.23713724331965794, 0.09043014505788592], [0.44840228038161406, -0.1382721774748537, 0.17488225782887065, -0.29610874280810484, 0.15132133793974348, 0.23020379418018422, 0.5088357153532488, 0.22026431281847242, 0.4145041085762722, 0.07635474014132038, 0.2786567714402483, 0.4005519016068912, 0.23297942909873756, 0.05892025278256882, 0.33439463715076256, 0.39997184518990264, 0.1811857494386369, 0.5435218406472887, 0.331192700409088, 0.5205262573557525, 0.05651739775518202, 0.09664585821796863, 0.12795580419136934, -0.16903231604195326, 0.15772625152972805, 0.24815136637373642, 1.0, 0.11520988495142205, 0.5298115485260224], [-0.4929043852116085, -0.14395050093463993, 0.1326839117112609, -0.2742293658037266, 0.06360494759503175, 0.21793074646049743, 0.2805218922877341, 0.39809118151907713, 0.7404703656984303, 0.5327496187128359, 0.004834113552697573, 0.46853500442028223, 0.2649554370231821, 0.2513544011538123, 0.09243491715617821, 0.036166787937553166, 0.3674786352483467, -0.28760450298703744, 0.30109618183063946, -0.13983840579800957, 0.5985526138936926, 0.26217068525524034, 0.11003266623884976, 0.2649781080462481, 0.263963721305408, -0.23713724331965794, 0.11520988495142205, 1.0, -0.42432275180804546], [0.5724611498399915, 0.07064546532681153, 0.3241021230407446, -0.3096357576363652, 0.2462743215112512, 0.10604114273617568, 0.07796482759329072, -0.3712106729133278, -0.056176456813025966, -0.18938465823646108, -0.052248514201658706, 0.06247912282869181, -0.07066050781459034, 0.23801053856015975, 0.05632518770308251, 0.09818894048164428, 0.17487669643460202, 0.4904580714844321, 0.12363773707992537, 0.16376963721679572, -0.1192466157241982, -0.3114863065058513, 0.2662638260163113, 0.03236165264754272, 0.1547255807320461, 0.09043014505788592, 0.5298115485260224, -0.42432275180804546, 1.0]]}, {"name": 1, "matrix": [[0.98, 0.11957730624000876, 0.3393395070486933, -0.03227588191147411, 0.16800966545680487, 0.180290072256114, 0.22995446382273133, -0.2087155899121403, -0.04935975817925749, -0.020199649236607817, 0.2678506595861352, 0.051749575166501145, -0.14124101764365476, -0.1489654905897949, 0.05923937400164806, 0.15057355416835005, 0.08265698492640175, 0.6681749227324044, -0.22449171513427515, 0.4240333412408926, -0.3543465480941085, -0.20155979142509944, -0.0027233407840659358, 0.009376782221472965, 0.047396112973419925, 0.46607163879873814, 0.48875848561595936, -0.5569819552891175, 0.6182580418271909], [0.1279199090009396, 1.1, 0.11436194304759872, 0.029063019844926635, 0.41925629115062557, 0.020905345946157058, -0.2639849099622378, -0.19099710750830248, -0.24481252998997147, -0.24739702961633545, -0.5031379917470009, -0.04471149931789917, -0.34134007557824236, 0.23919451657587404, -0.030307332801181655, 0.32205072161911835, 0.3572705600475517, 0.07929844982736803, 0.3690804525415831, -0.07535344736482219, 0.3008418667958171, -0.09812319223211628, -0.06869334491322351, 0.24830098537855202, 0.018307037411199253, 0.2571591586199976, -0.12029679440312273, -0.12235792579444393, 0.06852610136700718], [0.42904995144087665, 0.11187581385091179, 1.09, -0.5880226885474936, -0.1708843537203679, 0.6948717924853615, 0.38639381347544255, -0.3486061188195473, 0.29729428874618324, 0.1417841609545257, 0.23433134067708108, 0.14296943656877664, -0.42429042613377577, 0.05974649658933426, -0.1825533061792516, -0.2553613977548906, 0.4043471260790861, 0.46953353062606346, 0.26123269206591443, 0.33572577867222936, -0.026250319361351276, -0.4434798390335015, 0.02188102342007941, -0.10063926989652631, 0.08538125331578264, -0.021647007039947836, 0.1573940320459836, 0.13799126817971133, 0.30789701688870735], [-0.037538253962257934, 0.029362638606214537, -0.633255203051147, 1.14, 0.21746680022436865, -0.5467362392003852, -0.5200905287989906, 0.2888625320760105, -0.39888085940295964, -0.1674871316680482, -0.10383051878364967, -0.2614661545649235, 0.23586110327292165, -0.3282357963705357, 0.024365703553435154, 0.1913065006370715, -0.25007171313068277, -0.25177734089808146, -0.33437270110537076, -0.02624020077230433, -0.032647227543431405, 0.5149886967003292, -0.002595649341982194, 0.1043485835421841, 0.07882114471223271, 0.3492383717669991, -0.30203091766426693, -0.27971395311980113, -0.29105761217818327], [0.1738031021966947, 0.36831861091737195, -0.21511324527152198, 0.2502037378925532, 0.93, -0.33464567880518037, -0.18621415304210734, 0.3376295353450911, 0.06615345144566173, 0.17373974503510498, -0.3670011918562079, 0.27878360151815196, 0.32224218971425406, 0.36379473056098494, 0.16798956231870363, 0.4113757906735365, 0.18677514321529176, -0.1761260257433483, -0.16961264278818491, -0.15883385702899366, 0.3151658749646566, 0.0926200916647382, 0.4473440641131127, 0.5708496652391019, 0.426468624242806, 0.43661491853242484, 0.1437552710427563, 0.06360494759503175, 0.2610507808019263], [0.18736027116811846, 0.022029289276595608, 0.8475908677568695, -0.569052004065707, -0.3897637906083865, 0.9, 0.3193263092231745, -0.22422526928831318, 0.2083021064873754, 0.005431077031587798, 0.18606086237275823, -0.0940437788495554, -0.44134688745725514, -0.3267656301094424, -0.10070065802690183, -0.02885815061004082, 0.0522009690925019, 0.359175317990615, 0.558251275622381, 0.41479169691728135, -0.0808935636190355, -0.42749525034623354, -0.06300165263305188, -0.4418244528464903, -0.10032274129932824, -0.06924314623530471, 0.2555262115400045, 0.24408243603575713, 0.09543702846255811], [0.227654919184504, -0.2551854129634965, 0.4227602900378372, -0.41801668669825415, -0.145585610560193, 0.3193263092231745, 0.93, 0.253385301240881, 0.4992719492306338, 0.5398221084599162, 0.6723576625357767, 0.5382437189527037, 0.21927945936961887, 0.17573509439022336, 0.12533385690377682, 0.07954906739029882, 0.4640876550413756, 0.5482003150448289, 0.19820420409293735, 0.38832790728199146, 0.04194189943989049, 0.09435290993458681, 0.039510922715259564, -0.2494178495453096, 0.0012562721857576756, 0.009027681187993304, 0.5393658582744437, 0.25527492198183804, 0.07406658621362619], [-0.21732241836212546, -0.2344055410329167, -0.3701693839011688, 0.2684120873272664, 0.2993416498935859, -0.2143692134954203, 0.1968260822138986, 1.1, 0.44274483469337533, 0.4306269713292839, 0.15161883395189663, 0.30458478962332775, 0.7799787021981406, 0.10362686354566071, 0.44121426146466386, 0.2956104178951672, -0.037938923073364196, -0.32145455076740975, -0.17697420220911927, 0.15248604407858432, 0.3973771564283504, 0.4785799567889403, 0.08413762374059036, 0.09460516676631252, 0.26236206535891476, 0.16908900991891818, 0.2180616696902877, 0.44586212330136643, -0.3155290719763286], [-0.04030292181609097, -0.2170979039533709, 0.28677059710915026, -0.4060037318922981, 0.05670295838199576, 0.20633699227523036, 0.4992719492306338, 0.44274483469337533, 1.14, 0.7757592380377576, 0.3080307127332115, 0.6143315781400935, 0.5045052252866845, 0.3802190279372365, 0.3831648789696798, 0.08788439650757617, 0.5373334942208039, -0.023756977851924335, 0.15680794465180342, 0.027259400604697556, 0.4955236080095343, 0.27172528564894, 0.09335450200234138, 0.30394726753838885, 0.21373147611514487, -0.12924723229913834, 0.3771987388044077, 0.7923032912973205, -0.05842351508554701], [-0.017506362671726772, -0.27832165831837735, 0.1558221966925976, -0.13877505195352566, 0.1489197814586614, 0.006698328338958284, 0.46784582733192737, 0.4095178060680445, 0.6895637671446734, 1.12, 0.38741672023212825, 0.5702862989953966, 0.5789360761137733, 0.39639481240696156, 0.15645769724597663, 0.0003460853285955506, 0.4995362470845533, -0.23136970274270036, -0.20643557418978667, -0.16591109311701238, 0.4733462139120743, 0.32844850634420214, 0.12515428350739344, 0.3816445085376517, 0.3516315312237538, 0.012549557852025552, 0.07864538234555998, 0.4848021530286807, -0.18370311848936724], [0.26508931258009255, -0.4208942815575873, 0.23693502224015975, -0.08870956944622496, -0.27686054824240247, 0.19169907032344788, 0.7388545742151392, 0.15161883395189663, 0.3135312611748759, 0.3910374372436435, 0.94, 0.5080392982440345, 0.1195775232699964, -0.16888328628554714, -0.08564819406241019, -0.18347976459484813, 0.12284262623869947, 0.4036688306972312, -0.12010178008887441, 0.36491244323292304, -0.32281195329848306, 0.05419461923861972, -0.11114064357746664, -0.4537841787989613, -0.10332953778871656, 0.12201086668031336, 0.3065224485842732, 0.0050758192303324515, -0.047546147923509426], [0.05577454212389568, -0.037331931469313864, 0.16756632888168446, -0.26685720929822093, 0.26704534461212454, -0.09308414845313137, 0.49194318398903025, 0.2961241010226798, 0.6577691644732315, 0.47863314379970784, 0.4754129212925827, 0.92, 0.3563830743523995, 0.5834299370562857, 0.24390189706433418, 0.19245727137651128, 0.5949134705123179, 0.25675326645935, 0.08477869955733369, -0.12643301261829715, 0.37826887950551796, 0.3237021229209604, 0.20033886594777572, 0.18768972462243705, 0.2574740855031749, 0.01989374189805421, 0.4245850157033047, 0.47790570450868786, 0.06372870528526564], [-0.15393683945432035, -0.3514788897043288, -0.38707196770098845, 0.23812899849669975, 0.33335398935957317, -0.4194980316425395, 0.20208107039945267, 0.7163069714064557, 0.5089698732980712, 0.5676945989076806, 0.09502142474133642, 0.39124663597382986, 1.12, 0.4083604488500355, 0.40485097388144003, 0.34696036679454245, 0.197328591323276, -0.2618442265036805, -0.31941094702593126, -0.06161093913309303, 0.42248315515704427, 0.6082794868097406, 0.2607909121851676, 0.3523104414356883, 0.5564704691696404, 0.1191868709095722, 0.20269210331590168, 0.28615187198503667, -0.061474641798693594], [-0.12655475306743638, 0.2320186810785978, 0.058403878688450345, -0.2559636944173902, 0.3483141037286026, -0.34561749338498715, 0.1616762868390055, 0.0972823616959264, 0.420824943542184, 0.31564772099072863, -0.16312590152581258, 0.5946497435381373, 0.4470472282147757, 0.91, 0.15471163693402226, 0.05754688037254436, 0.8275965571475469, -0.052946627056902104, 0.024080816328335218, -0.40165207862448604, 0.674115666149468, 0.2529305689475055, 0.13388179279530227, 0.5639646157455828, 0.370903068662875, -0.28977387875354116, 0.05361743003213763, 0.21616478499227856, 0.26657180318737894], [0.0550454360192305, -0.03155711972081801, -0.14235808280033382, 0.0211169430796438, 0.16948946912512058, -0.08093697747956595, 0.12533385690377682, 0.47876441137655024, 0.35089836284591736, 0.14022152111667716, -0.0799383144582495, 0.2357718338288564, 0.43309639066386607, 0.14819746274732662, 0.92, 0.4723487708928646, 0.047498992430564387, 0.15709435963324556, 0.13278708571527922, 0.03446061002630443, 0.22110557192617492, 0.25467789547960445, 0.36847582456058986, -0.07261744138379472, -0.07834142122303202, -0.02497906896214095, 0.2875793879496558, 0.08504012378368396, 0.05181917268683591], [0.19840280078653186, 0.3253708321512742, -0.2695481420746067, 0.20669897769982437, 0.43280161310444987, -0.03624046820795824, 0.07879145722467693, 0.31902510446112103, 0.09605968920595534, 0.00032031301689162663, -0.18187029297559507, 0.18222018247350538, 0.32077467873457693, 0.06215063080234791, 0.46240458624248854, 1.01, 0.1909495301046827, 0.21526502934158714, 0.3542560147259881, 0.336817171897326, 0.3264047596727516, 0.385318127473794, 0.4352832800264861, -0.04183214001956899, 0.16339539395436317, 0.5109873850417053, 0.3879726898342056, 0.03291177702317338, 0.08738815702866341], [0.06837986934820509, 0.32952139033512046, 0.3754651885020085, -0.2639645860823874, 0.16036249669999797, 0.048687442326660425, 0.4148040102582207, -0.037938923073364196, 0.548645778309663, 0.4253476955373424, 0.15531826306042462, 0.6287153722459724, 0.18755984917855933, 0.7187022733123434, 0.04976084921297221, 0.18219037734758717, 1.05, 0.21370405217215452, 0.26670179936301575, -0.09208873613022626, 0.6742455205282188, 0.3572626003891889, 0.005774634578404773, 0.3645550916772582, 0.3948831396413113, -0.012756473429767897, 0.18662132192179604, 0.3895273533632475, 0.15389149286244977], [0.6681749227324044, 0.08441447884848854, 0.5421418085579289, -0.3049303350876764, -0.16863130124363138, 0.33845366502961793, 0.5482003150448289, -0.2969627754708452, -0.024399058334408773, -0.21879526237624924, 0.396329397411827, 0.2544811136588248, -0.26977890003409505, -0.05910321159840235, 0.17090485278781659, 0.21037264231109654, 0.2204526011881173, 0.93, 0.34401573009712594, 0.5423220529726245, -0.2165571559463235, -0.04064388964274779, 0.1229383219154104, -0.4278041327295924, -0.1156871490538045, 0.3203050899562792, 0.5217809670213971, -0.28472845795716706, 0.519885555773498], [-0.24339628061926677, 0.30640641343074826, 0.25383931398857723, -0.3826709801539243, -0.19197914513387962, 0.5733391479364992, 0.1939870933675557, -0.17697420220911927, 0.15680794465180342, -0.24202791456733608, -0.15461378586153948, 0.10573523203218023, -0.26133622938485285, 0.022094769620843654, 0.14008307943589893, 0.40377567269843806, 0.2548483860579928, 0.3512581665202233, 0.85, 0.23759550138104626, 0.4489719187285826, -0.04828173450225016, 0.11581603439045661, -0.4067317072078768, -0.18841084643072728, -0.1332347243841431, 0.3742477514622694, 0.31314002910386507, 0.12487411445072462], [0.4617251937956386, -0.07617250657530938, 0.28078883307131913, -0.022524774114278938, -0.1680683836004468, 0.49594659414022774, 0.4296393867800757, 0.1509910828621276, 0.027011587871927575, -0.17150360187376562, 0.33105458767522916, -0.13134303252580384, -0.06809630114710283, -0.47385919388282066, 0.0390048662935094, 0.336817171897326, -0.09317213302587599, 0.5069532234309315, 0.24305746693003583, 0.95, -0.21845752327518483, 0.019197940049960574, -0.16771078299528475, -0.5287074972344153, -0.06734205413228578, 0.4966206999709563, 0.515320994782195, -0.14403355797194986, 0.15558115535595593], [-0.3819068351680947, 0.38383272660155976, -0.027079276814867635, -0.03335694988133209, 0.2480472164073686, -0.07353960329003227, 0.04786847218683153, 0.30706416633099803, 0.4955236080095343, 0.4389210347184689, -0.2783882900005267, 0.3237108680383759, 0.4506486988341805, 0.595870097757119, 0.21169682418463556, 0.36720535463184556, 0.6135634236806792, -0.28454603048761107, 0.4329372073454189, -0.18204793606265404, 0.95, 0.5601086819324506, 0.15747012704995852, 0.5003137575954134, 0.49244939251042635, -0.034655974348829346, 0.05086565797966382, 0.658407875283062, -0.12282401419592415], [-0.1976460090673305, -0.09987539209340406, -0.4523494358141716, 0.4065700237107863, 0.09791266833129467, -0.4142737477582057, 0.08709499378577243, 0.4127203297078934, 0.26305320206439936, 0.27692717201569983, 0.06104681247568658, 0.37375915223863476, 0.6274883127089956, 0.3124436439939774, 0.2962579600477031, 0.449537815386093, 0.4255037712500452, -0.036773043010105144, -0.042369685379525644, 0.02257340203676683, 0.5295572992815896, 1.08, -0.02473307265769474, 0.22249470410718586, 0.46956273971876655, 0.2289559277689704, 0.0908471067248905, 0.2831443400756596, -0.2896822650504417], [-0.002616543106259428, -0.06098286742296373, 0.019836067960258906, -0.002424507627126225, 0.3748017834461215, -0.06744882811303202, 0.04390102523917729, 0.08649662253705552, 0.12081170847361827, 0.14724033353810992, -0.10743595545821776, 0.26021025117354774, 0.2413703123415913, 0.13130714293385415, 0.3580472634881203, 0.4792512881099696, 0.0050654689284252395, 0.1229383219154104, 0.10809496543109283, -0.1707056184059148, 0.17339407248197677, -0.03168056497727191, 0.87, 0.08908348708513743, 0.22175546516680983, 0.2897483358529898, 0.10876243356266393, 0.12543723951228872, 0.29821548513826873], [0.009566212165341106, 0.20771332430705794, -0.09606475762850239, 0.10150271308194271, 0.5528228337052356, -0.4878478333513331, -0.25661259520527047, 0.11635348096546483, 0.30394726753838885, 0.4526481380330288, -0.3889578675419668, 0.1841815054706158, 0.27296124291413687, 0.5971390049070876, -0.07419608141387722, -0.04841247665186074, 0.3684333373333993, -0.39457662727486675, -0.3947690099370569, -0.493460330752121, 0.4222831715484223, 0.2128210213199169, 0.0807319101709058, 0.93, 0.5845581229598786, 0.06607380695630569, -0.14705811495649934, 0.27292745128763557, 0.03009633696221473], [0.05332062709509741, 0.01796801819988075, 0.10190665718335348, 0.06106863464191002, 0.5022852685526382, -0.11449878083075504, 0.0012700773746121556, 0.30422835238427354, 0.2462558311761452, 0.36817889739898924, -0.08900663156057763, 0.2259466464619698, 0.5892040261796193, 0.3896355468781717, -0.07670930828088553, 0.17073900716579524, 0.37924420341789294, -0.12395051684336197, -0.22784567475343764, -0.0744306914093685, 0.45063765163689956, 0.4376507088640931, 0.24639496129645536, 0.5616342750006678, 1.07, 0.33235867938975355, 0.14826267643794436, 0.2402069863879213, 0.16710362719060978], [0.5089288009871279, 0.2905898492405973, -0.02385588530933027, 0.42983184217476816, 0.4210215285848382, -0.07078188281831148, 0.008151207286246381, 0.15542525154163186, -0.1547961038001308, 0.010790274040993933, 0.11091896970937577, 0.016547131111465652, 0.10042597456269509, -0.31318994976392833, -0.0293568439348873, 0.5212071327425394, -0.015470616712697238, 0.2504203430567274, -0.13946064608433673, 0.4116135531290809, -0.032230056144411295, 0.18274463959541673, 0.28114194963953465, 0.06035588135431769, 0.35941113003775677, 0.87, 0.21092866141767594, -0.24425136061924768, 0.07867422620036076], [0.3856259611281881, -0.12167951617787126, 0.16613814493742712, -0.2635367810992133, 0.12862313724878197, 0.23020379418018422, 0.5597192868885738, 0.24449338722850442, 0.47253468377695024, 0.07330055053566756, 0.248004526581821, 0.364502230462271, 0.23763901768071233, 0.051849822448660564, 0.37452199360885413, 0.34397578686331626, 0.1884331794161824, 0.5109105302084513, 0.331192700409088, 0.5413473076499826, 0.050300484002112, 0.10824336120412488, 0.12411713006562826, -0.14367746863566028, 0.14353088889205254, 0.2555959073649485, 0.91, 0.10829729185433672, 0.5986870498344052], [-0.5323367360285373, -0.12955545084117595, 0.14860598111661222, -0.3016523023840993, 0.06805729392668398, 0.21575143899589244, 0.27210623551910207, 0.39809118151907713, 0.7626844766693832, 0.4794746568415523, 0.005510889450075232, 0.46853500442028223, 0.251707665172023, 0.2563814891768886, 0.09613231384242535, 0.03327344490254892, 0.4005517124206979, -0.3077368181961301, 0.2770084872841883, -0.1300497173921489, 0.5087697218096388, 0.28052263322310717, 0.0935277663030223, 0.25172920264393567, 0.22436916310959681, -0.2561082227852306, 0.10023259990773718, 1.05, -0.3776472491091605], [0.4865919773639928, 0.07982937581929701, 0.2819688470454478, -0.34679204855272905, 0.27090175366237634, 0.11770566843715502, 0.07406658621362619, -0.3823469931007277, -0.05561469224489571, -0.20264158431301338, -0.05120354391762553, 0.053107254404388037, -0.07136711289273624, 0.24277074933136294, 0.04956616517871261, 0.10113460869609361, 0.15738902679114183, 0.5296947172031867, 0.13229237867552016, 0.15230576261162002, -0.1264014126676501, -0.31460116957090983, 0.2769143790569638, 0.033332502226969, 0.16555637138328932, 0.08500433635441276, 0.5033209710997213, -0.3946201591814823, 0.95]]}, {"name": 2, "matrix": [[0.99, 0.20704764419398047, 0.41519908984335246, 0.03058640104047777, 0.2929229945336968, 0.20991739889200906, 0.3225658614630447, -0.22892061859126386, 0.030674237033344473, 0.05125179216962324, 0.31381680722288663, 0.13753791799145376, -0.15854085397784598, -0.13658024248068235, 0.1333396341599691, 0.16853367816944173, 0.14307013169816396, 0.6666683853307853, -0.15446740974436618, 0.5524538535188772, -0.28310365595892706, -0.16413700298924608, 0.07295823007983948, 0.08486453142462758, 0.10107479104051567, 0.6154307246479033, 0.5083493824574296, -0.3816966642329688, 0.5937175372236625], [0.23189336149725814, 0.92, 0.17711915843779663, 0.08925294890393659, 0.4545986108856989, 0.08995578856412995, -0.19477672858733558, -0.1792626416347725, -0.1374210634513327, -0.18029597076547027, -0.4151361434819096, 0.039568143225047606, -0.27664667429513823, 0.22361702792253813, 0.03901266761076306, 0.2983573615974677, 0.37458108624158626, 0.13675892319775004, 0.3725875963391301, -0.01984945030718584, 0.3376034904591903, -0.0832570345474625, 0.005707188827946124, 0.3042732746455494, 0.08224514823301761, 0.2639461355973317, -0.06067798160891448, -0.07409355059808732, 0.13865313513040484], [0.43249905192015886, 0.186441219408207, 1.08, -0.5096501499293198, -0.10769106488723489, 0.7707579857290471, 0.45445920643358456, -0.36919716143281367, 0.2912427638269657, 0.20227943683165306, 0.30988980714805714, 0.21939525537395443, -0.3569516159748313, 0.07684473342329991, -0.08206824702586209, -0.18313394888129822, 0.3889858016863481, 0.5926894950351975, 0.30208210188503315, 0.3625560913351409, 0.026513552670848588, -0.3788927058726478, 0.08133106691570362, -0.031339002647892494, 0.1546538301209126, 0.048288345375693625, 0.20224481902570032, 0.20691216868605503, 0.3580682566000975], [0.033645041144525545, 0.09350308932793357, -0.5411749014713396, 1.12, 0.3158310600127751, -0.38583178918028843, -0.379638230738264, 0.17493583719326755, -0.24493781731122985, -0.0798656109133088, -0.11026460305151363, -0.19212546262901528, 0.1648113647456502, -0.3023088149703791, 0.10362440918245046, 0.2668517566957441, -0.1825636662635587, -0.18689483946165777, -0.2407547903083343, 0.05592388642860649, 0.04370271231602516, 0.44232550815663085, 0.043368911228533306, 0.13069028431663002, 0.15557233990452068, 0.4405031023697896, -0.22885161274341467, -0.1874899180586845, -0.24609113147593387], [0.25694999520499723, 0.4021449250142721, -0.10315670426040395, 0.2791720976898637, 1.1, -0.29654063865735547, -0.07457312741175118, 0.28457820124093963, 0.1380121036874217, 0.1839730096627046, -0.2656798541817137, 0.2987509576660902, 0.34237468521942255, 0.35215524727505143, 0.22092051466276816, 0.36025939740068136, 0.24605980705137323, -0.09728294979131855, -0.08408823190356322, -0.11384220378819715, 0.288185113624152, 0.05310517293790067, 0.40262300515397387, 0.5842945821107994, 0.5165485109691417, 0.4194097678639768, 0.24435775143425736, 0.11225488918530893, 0.2889780830895576], [0.1960766912727557, 0.07097429189463463, 0.8709565238738232, -0.48443324641525093, -0.264560765860974, 1.01, 0.4527718791809212, -0.24835977806184403, 0.27443494873089624, 0.05494635136399246, 0.16876119776252588, -0.013214171336793227, -0.35985131582716784, -0.31223791136755724, -0.004550625617972941, 0.024267558902131198, 0.1133033632121276, 0.40068873674708055, 0.4869505374763081, 0.46910511423067414, 0.009952404672464263, -0.441717079461734, -0.012375465186107833, -0.37604943175457173, -0.02702156764488611, 0.003143856357574476, 0.28337674930007994, 0.2856557141392255, 0.16083133693296078], [0.2991065260839142, -0.2081437589805841, 0.5375323947063904, -0.3909146138294996, -0.08417164876177856, 0.4568144852450365, 0.89, 0.19888972447616038, 0.5149755840230794, 0.57242799520851, 0.7058805958060683, 0.6804270452983675, 0.18796997530817852, 0.1434617081452991, 0.21738994382683147, 0.08784810333462562, 0.38015034341062404, 0.5072903535715433, 0.2779228797615805, 0.45022939285287544, 0.11417144121725725, 0.07022769998675449, 0.12467687428988945, -0.13348027861150596, 0.06431423864826281, 0.08785214132056687, 0.5466297890578086, 0.3731233376028291, 0.14033196902983647], [-0.19531759200906, -0.2084902462491376, -0.316921457159141, 0.21338327393904066, 0.3243579498015011, -0.2797315395012349, 0.18401946470224184, 0.9, 0.3474940018357626, 0.33128712023430607, 0.18913907081104167, 0.28154344208371235, 0.7359802089976816, 0.16927376563681468, 0.4417665633007712, 0.19485828327243776, -0.07109556193561219, -0.3153135406359725, -0.16750662016757176, 0.093624346044984, 0.27645406109649373, 0.39690834124396757, 0.05746674098276213, 0.06577857965607564, 0.21316864270727037, 0.11458508829697792, 0.17719402008196852, 0.3341262398617045, -0.3000967609236481], [0.03714990929593942, -0.12653622674231627, 0.31854677293574374, -0.28971139681973423, 0.14613046272785826, 0.2621833885196955, 0.532733362782496, 0.3474940018357626, 0.85, 0.8197242797321579, 0.29088569747691523, 0.6982240118939538, 0.41799236523524574, 0.3571300307972649, 0.41794713585929366, 0.09435261359023488, 0.6533035658496511, 0.05917314822520692, 0.20872081635989423, 0.08475583752272818, 0.47974946997582785, 0.21172103702035902, 0.20291750241445464, 0.2865369201933333, 0.3101112552796556, -0.05499723768448307, 0.5262814832877961, 0.7262093094394384, 0.030292175830491826], [0.05615887865394888, -0.17060263900388584, 0.19518191273229685, -0.08996356171843979, 0.20934859720238802