{"times": [{"name": 0, "matrix": [[1.0, 0.408098638056764, 0.9035579305970196, 0.11191872325791763, 0.2859032296601143, 0.5254814113424995, 0.28552429927940304, -0.2718856681670248, 0.14224627986032815, -0.1742557171926193, -0.029317131348775453, 0.5641290575364297, -0.21661242213598006, 0.19730367765197857, -0.29482240701306206, -0.4908862421663476, 0.48034839457899525, 0.544114303889249, -0.17149525990572798, -0.2885655544650061, 0.5841418992319952, 0.5446893429254094, -0.03798621617310157, 0.12279516823221881, 0.025946240373617688, 0.6789777621820885, -0.09621171371182217, 0.016536672294205655, 0.0035924676581086377], [0.408098638056764, 1.0, 0.3562661194315066, 0.1106588901311524, 0.11591208851255308, 0.3812491655206637, -0.060914754333090154, -0.18272456945876228, -0.19162770196990858, -0.32595906318426154, -0.32711037324964204, 0.1468084539340041, -0.3855030456420893, -0.2596881872206355, 0.08576105054847141, -0.08794528676255518, 0.023827961525511355, 0.2511753913554688, 0.27825047057553276, -0.19806220447840361, 0.1867204859809802, 0.25338878714311347, 0.12396088519292969, -0.26411689713286063, -0.0133528091436007, 0.4943822548836356, 0.12372428439966801, -0.2425086189304637, -0.030924180082674627], [0.9035579305970196, 0.3562661194315066, 1.0, 0.20146184978601664, 0.1548801850108067, 0.652828298729932, 0.19063109450293644, -0.3186882337817992, -0.045346453642355226, -0.2399675770300715, -0.10534297074051888, 0.3493281299350317, -0.2914304422971936, 0.005244379751028919, -0.15021769632105691, -0.41781013760625624, 0.33794387085926125, 0.3751933118114274, -0.04342352641125893, -0.26192864352323164, 0.33420463707906073, 0.6363217423740778, -0.0994079041298309, -0.04955777812502305, -0.07626175593333215, 0.6777287096741604, 0.034165775426461244, 0.2533341929087306, -0.009380687750054639], [0.11191872325791763, 0.1106588901311524, 0.20146184978601664, 1.0, 0.4715434726444129, 0.26582132301888634, -0.4243002503032728, -0.16266511806792067, -0.12486274458346151, -0.14024437939120918, -0.4387768329087973, -0.20760432454422015, -0.000488316899121349, -0.06181248865247017, 0.002903977180128211, 0.1510005297464771, -0.3110837719310716, -0.17343894512883282, -0.09377215729515609, -0.2716390512165825, 0.18826474700862017, 0.0008194462936011134, 0.1273478891794793, -0.3955998640771194, 0.06497049159746697, 0.18874418628397127, 0.4090893716858607, 0.363003946229415, 0.3096185963410225], [0.2859032296601143, 0.11591208851255308, 0.1548801850108067, 0.4715434726444129, 1.0, -0.1972896792524006, -0.23360148278901952, -0.24804165762491806, 0.02264375896326636, -0.12034624486104825, -0.22386129973124283, 0.11450729704311995, -0.00701596058063681, 0.3104029147193413, -0.20898199077593418, -0.20764247790414436, -0.18472057851767232, 0.11202845514208683, -0.4326830613520732, -0.1517941100480832, 0.6007149519290906, -0.23527402393916347, -0.09031081942885553, -0.28151141760985365, 0.3451727482586234, 0.34868329492112976, 0.5522686987643298, 0.11416725918206906, 0.5995550413001636], [0.5254814113424995, 0.3812491655206637, 0.652828298729932, 0.26582132301888634, -0.1972896792524006, 1.0, 0.13390046564241856, -0.20462483044404348, -0.006050264717281833, -0.26166207385125595, -0.1378440938488311, 0.1987007629548961, -0.08285749041880576, -0.1312677403473716, -0.11805213256966843, -0.15600190934745184, 0.31036624602857504, 0.3950132301999244, 0.24171514171348774, -0.2604888650495456, 0.05577933085939383, 0.6707144791434158, -0.023226932681446814, 0.04098704159577279, -0.03145490222919111, 0.3974960493375871, -0.20887867205221264, 0.17646270791648305, -0.29936157473442393], [0.28552429927940304, -0.060914754333090154, 0.19063109450293644, -0.4243002503032728, -0.23360148278901952, 0.13390046564241856, 1.0, 0.2738460100362293, 0.30323291780271533, 0.5562230969905821, 0.7948072099398379, 0.7774093642086602, 0.23255062768817356, 0.4233535912033533, -0.40574923064526475, -0.5388714801072455, 0.7578620059285319, 0.511807299740308, -0.11618316373310955, -0.3299234022791091, 0.07534697210195121, 0.23644029202690958, 0.15107209663832638, 0.4639850421249712, -0.4707384919731682, 0.2562804253352973, -0.5306657903811923, -0.5875614735853236, -0.18838553901853552], [-0.2718856681670248, -0.18272456945876228, -0.3186882337817992, -0.16266511806792067, -0.24804165762491806, -0.20462483044404348, 0.2738460100362293, 1.0, 0.01672664682980782, 0.1625583982243964, 0.29424836367365587, 0.11458593473641111, 0.4805050305350456, 0.12800482788551737, 0.09895674996626802, -0.04284268810343901, -0.12505310652166493, -0.12943816330428318, 0.2082310699703267, -0.0323738551890398, -0.43504794248717665, -0.44869928461600755, 0.1793821830704886, 0.34166029924054636, -0.19163762464371803, -0.16474977744968067, -0.4000529622631004, -0.3961551742088355, -0.28171839688343914], [0.14224627986032815, -0.19162770196990858, -0.045346453642355226, -0.12486274458346151, 0.02264375896326636, -0.006050264717281833, 0.30323291780271533, 0.01672664682980782, 1.0, 0.502519708998265, 0.2350373662475606, 0.4913530822546476, 0.1371261271721269, 0.7549819660587512, -0.26478305384053774, -0.17731984881708396, 0.6033250832651652, 0.3125757822039799, -0.2971335062359851, -0.033655253384204616, 0.4504341866441958, -0.08411443723196696, 0.2091448510362106, 0.43600174284136595, 0.09617396945629557, -0.4009808453322, -0.39744000189761597, -0.014361660117325974, -0.02816333901406347], [-0.1742557171926193, -0.32595906318426154, -0.2399675770300715, -0.14024437939120918, -0.12034624486104825, -0.26166207385125595, 0.5562230969905821, 0.1625583982243964, 0.502519708998265, 1.0, 0.6487897713386792, 0.4336666054507513, 0.4548220018061756, 0.5483347550912374, -0.2266282137284627, -0.12493750450264991, 0.421407790682863, 0.10148850158656839, -0.4440897199275372, -0.4030324664049885, 0.17549240198768923, -0.09981269945092998, 0.1139717900929747, 0.07654208305864732, -0.4574197194319625, -0.321230371765306, -0.17122764097576745, -0.36021691604437883, 0.13680707967847136], [-0.029317131348775453, -0.32711037324964204, -0.10534297074051888, -0.4387768329087973, -0.22386129973124283, -0.1378440938488311, 0.7948072099398379, 0.29424836367365587, 0.2350373662475606, 0.6487897713386792, 1.0, 0.664379931588461, 0.45860066681072836, 0.5582038755933973, -0.5072357562145974, -0.5241280839144539, 0.534686947183886, 0.3429617545447236, -0.37848688080653975, -0.3438252940394719, -0.044254002065117204, -0.02043233555578388, -9.32116336004949e-05, 0.4452925175792906, -0.3126371118859324, -0.07687428168257543, -0.33923748519203784, -0.571705331780661, 0.016422054886283514], [0.5641290575364297, 0.1468084539340041, 0.3493281299350317, -0.20760432454422015, 0.11450729704311995, 0.1987007629548961, 0.7774093642086602, 0.11458593473641111, 0.4913530822546476, 0.4336666054507513, 0.664379931588461, 1.0, 0.32094997344701476, 0.6902422686908798, -0.5822909092279637, -0.6403960634133217, 0.782403843995857, 0.6665130469860613, -0.34733864051455526, -0.413711012594267, 0.46646122137016643, 0.14718557778664967, -0.016393248928894426, 0.5234150585119897, -0.1941009133120077, 0.24367071064506934, -0.3876471760480559, -0.5898002006408886, 0.02889139505390568], [-0.21661242213598006, -0.3855030456420893, -0.2914304422971936, -0.000488316899121349, -0.00701596058063681, -0.08285749041880576, 0.23255062768817356, 0.4805050305350456, 0.1371261271721269, 0.4548220018061756, 0.45860066681072836, 0.32094997344701476, 1.0, 0.41542684585606493, -0.2937549317155335, -0.1409327795437919, 0.056367476837145186, 0.07615557166479042, -0.35205105420581495, -0.22419747470604193, -0.053778824957377055, -0.36505704065057604, -0.3977829670688772, 0.18684853373257956, -0.10270111171135299, -0.2980667759192019, -0.2143245706555853, -0.3708284481530332, -0.036343346831398976], [0.19730367765197857, -0.2596881872206355, 0.005244379751028919, -0.06181248865247017, 0.3104029147193413, -0.1312677403473716, 0.4233535912033533, 0.12800482788551737, 0.7549819660587512, 0.5483347550912374, 0.5582038755933973, 0.6902422686908798, 0.41542684585606493, 1.0, -0.564855129099283, -0.5541617004095072, 0.5802274465935715, 0.2674629791182807, -0.6325567060032975, -0.15123816806434212, 0.43451041761114645, -0.2953992390106764, 0.09603838746510102, 0.3311495861236982, 0.08422387923854187, -0.20749589824993983, -0.150323399192811, -0.22403441129279417, 0.22754381944376043], [-0.29482240701306206, 0.08576105054847141, -0.15021769632105691, 0.002903977180128211, -0.20898199077593418, -0.11805213256966843, -0.40574923064526475, 0.09895674996626802, -0.26478305384053774, -0.2266282137284627, -0.5072357562145974, -0.5822909092279637, -0.2937549317155335, -0.564855129099283, 1.0, 0.7253518661671818, -0.5426611494834539, -0.32861629945401594, 0.629339343612223, 0.2110371797544582, -0.3405121660347216, 0.015260523098960567, 0.0029380963200228067, -0.23263182286993114, -0.14288645872751812, -0.13063457923236832, -0.03431259861885408, 0.21991597821041056, -0.4005793886733077], [-0.4908862421663476, -0.08794528676255518, -0.41781013760625624, 0.1510005297464771, -0.20764247790414436, -0.15600190934745184, -0.5388714801072455, -0.04284268810343901, -0.17731984881708396, -0.12493750450264991, -0.5241280839144539, -0.6403960634133217, -0.1409327795437919, -0.5541617004095072, 0.7253518661671818, 1.0, -0.5574575622101183, -0.24199642507147362, 0.5332456220754954, 0.20771094498019085, -0.18815420806588443, 0.003350017045696227, 0.04155395873675539, -0.16961119656635457, -0.031589668647914924, -0.34217487482075165, 0.027600382011731307, 0.13917981583438857, -0.18151422450950316], [0.48034839457899525, 0.023827961525511355, 0.33794387085926125, -0.3110837719310716, -0.18472057851767232, 0.31036624602857504, 0.7578620059285319, -0.12505310652166493, 0.6033250832651652, 0.421407790682863, 0.534686947183886, 0.782403843995857, 0.056367476837145186, 0.5802274465935715, -0.5426611494834539, -0.5574575622101183, 1.0, 0.475135065007001, -0.2671648191008888, -0.11666001615062568, 0.3818447529857807, 0.3281052385422524, 0.1815451315621979, 0.41545621341029804, -0.13536462706864066, 0.08754582551991653, -0.5066370873886925, -0.3305375415643123, -0.15158078330874833], [0.544114303889249, 0.2511753913554688, 0.3751933118114274, -0.17343894512883282, 0.11202845514208683, 0.3950132301999244, 0.511807299740308, -0.12943816330428318, 0.3125757822039799, 0.10148850158656839, 0.3429617545447236, 0.6665130469860613, 0.07615557166479042, 0.2674629791182807, -0.32861629945401594, -0.24199642507147362, 0.475135065007001, 1.0, -0.03965303280234878, -0.3931925005742475, 0.5101744753637637, 0.4874580266664367, -0.09954080249812765, 0.43126148939041153, 0.01880101283604387, 0.3942620211484023, -0.39959903370962996, -0.36373221094578434, -0.10465027129276577], [-0.17149525990572798, 0.27825047057553276, -0.04342352641125893, -0.09377215729515609, -0.4326830613520732, 0.24171514171348774, -0.11618316373310955, 0.2082310699703267, -0.2971335062359851, -0.4440897199275372, -0.37848688080653975, -0.34733864051455526, -0.35205105420581495, -0.6325567060032975, 0.629339343612223, 0.5332456220754954, -0.2671648191008888, -0.03965303280234878, 1.0, 0.10014693384541679, -0.5166991425160865, 0.28064209927136574, 0.27610057431301976, 0.03942486540841194, -0.12583451034969934, 0.12853074673306067, -0.192463645254233, -0.06024083512760941, -0.38960270464208896], [-0.2885655544650061, -0.19806220447840361, -0.26192864352323164, -0.2716390512165825, -0.1517941100480832, -0.2604888650495456, -0.3299234022791091, -0.0323738551890398, -0.033655253384204616, -0.4030324664049885, -0.3438252940394719, -0.413711012594267, -0.22419747470604193, -0.15123816806434212, 0.2110371797544582, 0.20771094498019085, -0.11666001615062568, -0.3931925005742475, 0.10014693384541679, 1.0, -0.20379355431004884, -0.44943289550796706, -0.1019708129718479, 0.06100603178580742, 0.1490635957247891, -0.37155630736328404, -0.09768417244001897, 0.28621623144187164, -0.3009419181200316], [0.5841418992319952, 0.1867204859809802, 0.33420463707906073, 0.18826474700862017, 0.6007149519290906, 0.05577933085939383, 0.07534697210195121, -0.43504794248717665, 0.4504341866441958, 0.17549240198768923, -0.044254002065117204, 0.46646122137016643, -0.053778824957377055, 0.43451041761114645, -0.3405121660347216, -0.18815420806588443, 0.3818447529857807, 0.5101744753637637, -0.5166991425160865, -0.20379355431004884, 1.0, 0.1667724500631532, -0.01899314557014278, 0.004892118307468423, 0.2424715740740562, 0.17051455814924577, 0.08557266945453104, -0.041464383155809734, 0.3667372874875572], [0.5446893429254094, 0.25338878714311347, 0.6363217423740778, 0.0008194462936011134, -0.23527402393916347, 0.6707144791434158, 0.23644029202690958, -0.44869928461600755, -0.08411443723196696, -0.09981269945092998, -0.02043233555578388, 0.14718557778664967, -0.36505704065057604, -0.2953992390106764, 0.015260523098960567, 0.003350017045696227, 0.3281052385422524, 0.4874580266664367, 0.28064209927136574, -0.44943289550796706, 0.1667724500631532, 1.0, 0.07516887425578525, -0.024568245666734073, -0.019908237817491937, 0.515155269674165, -0.1593470047321954, 0.09666777572613923, -0.15991817188958582], [-0.03798621617310157, 0.12396088519292969, -0.0994079041298309, 0.1273478891794793, -0.09031081942885553, -0.023226932681446814, 0.15107209663832638, 0.1793821830704886, 0.2091448510362106, 0.1139717900929747, -9.32116336004949e-05, -0.016393248928894426, -0.3977829670688772, 0.09603838746510102, 0.0029380963200228067, 0.04155395873675539, 0.1815451315621979, -0.09954080249812765, 0.27610057431301976, -0.1019708129718479, -0.01899314557014278, 0.07516887425578525, 1.0, -0.11583126268075593, -0.07022574338577153, 0.07322282032004254, -0.0021777622181432554, -0.1495861825572655, 0.13442517484489014], [0.12279516823221881, -0.26411689713286063, -0.04955777812502305, -0.3955998640771194, -0.28151141760985365, 0.04098704159577279, 0.4639850421249712, 0.34166029924054636, 0.43600174284136595, 0.07654208305864732, 0.4452925175792906, 0.5234150585119897, 0.18684853373257956, 0.3311495861236982, -0.23263182286993114, -0.16961119656635457, 0.41545621341029804, 0.43126148939041153, 0.03942486540841194, 0.06100603178580742, 0.004892118307468423, -0.024568245666734073, -0.11583126268075593, 1.0, -0.03918184110572982, -0.17609364385957615, -0.7094416472533341, -0.29956278429837413, -0.3821088256326504], [0.025946240373617688, -0.0133528091436007, -0.07626175593333215, 0.06497049159746697, 0.3451727482586234, -0.03145490222919111, -0.4707384919731682, -0.19163762464371803, 0.09617396945629557, -0.4574197194319625, -0.3126371118859324, -0.1941009133120077, -0.10270111171135299, 0.08422387923854187, -0.14288645872751812, -0.031589668647914924, -0.13536462706864066, 0.01880101283604387, -0.12583451034969934, 0.1490635957247891, 0.2424715740740562, -0.019908237817491937, -0.07022574338577153, -0.03918184110572982, 1.0, -0.10133996238615642, 0.09417933476553736, 0.2927310289666719, 0.13312491523084777], [0.6789777621820885, 0.4943822548836356, 0.6777287096741604, 0.18874418628397127, 0.34868329492112976, 0.3974960493375871, 0.2562804253352973, -0.16474977744968067, -0.4009808453322, -0.321230371765306, -0.07687428168257543, 0.24367071064506934, -0.2980667759192019, -0.20749589824993983, -0.13063457923236832, -0.34217487482075165, 0.08754582551991653, 0.3942620211484023, 0.12853074673306067, -0.37155630736328404, 0.17051455814924577, 0.515155269674165, 0.07322282032004254, -0.17609364385957615, -0.10133996238615642, 1.0, 0.13886146012959313, -0.12129169561480359, 0.04487992920505537], [-0.09621171371182217, 0.12372428439966801, 0.034165775426461244, 0.4090893716858607, 0.5522686987643298, -0.20887867205221264, -0.5306657903811923, -0.4000529622631004, -0.39744000189761597, -0.17122764097576745, -0.33923748519203784, -0.3876471760480559, -0.2143245706555853, -0.150323399192811, -0.03431259861885408, 0.027600382011731307, -0.5066370873886925, -0.39959903370962996, -0.192463645254233, -0.09768417244001897, 0.08557266945453104, -0.1593470047321954, -0.0021777622181432554, -0.7094416472533341, 0.09417933476553736, 0.13886146012959313, 1.0, 0.3257463316078247, 0.8143678607409488], [0.016536672294205655, -0.2425086189304637, 0.2533341929087306, 0.363003946229415, 0.11416725918206906, 0.17646270791648305, -0.5875614735853236, -0.3961551742088355, -0.014361660117325974, -0.36021691604437883, -0.571705331780661, -0.5898002006408886, -0.3708284481530332, -0.22403441129279417, 0.21991597821041056, 0.13917981583438857, -0.3305375415643123, -0.36373221094578434, -0.06024083512760941, 0.28621623144187164, -0.041464383155809734, 0.09666777572613923, -0.1495861825572655, -0.29956278429837413, 0.2927310289666719, -0.12129169561480359, 0.3257463316078247, 1.0, 0.06653130070436569], [0.0035924676581086377, -0.030924180082674627, -0.009380687750054639, 0.3096185963410225, 0.5995550413001636, -0.29936157473442393, -0.18838553901853552, -0.28171839688343914, -0.02816333901406347, 0.13680707967847136, 0.016422054886283514, 0.02889139505390568, -0.036343346831398976, 0.22754381944376043, -0.4005793886733077, -0.18151422450950316, -0.15158078330874833, -0.10465027129276577, -0.38960270464208896, -0.3009419181200316, 0.3667372874875572, -0.15991817188958582, 0.13442517484489014, -0.3821088256326504, 0.13312491523084777, 0.04487992920505537, 0.8143678607409488, 0.06653130070436569, 1.0]]}, {"name": 1, "matrix": [[0.91, 0.40401765167619635, 0.9125935099029898, 0.09625010200180915, 0.320211617219328, 0.5832843665901745, 0.27695857030102095, -0.26372909812201406, 0.15931583344356753, -0.16902804567684074, -0.029903473975750963, 0.47950969890596523, -0.22960916746413887, 0.19927671442849834, -0.3154599755039764, -0.5350660039613189, 0.4755449106332053, 0.5930845912392815, -0.1543457339151552, -0.24528072129525516, 0.5549348042703954, 0.5719238100716799, -0.034567456717522434, 0.11665540982060786, 0.029319251622187983, 0.6653982069384468, -0.10487076794588618, 0.018190339523626222, 0.0037720910410140697], [0.3754507470122229, 1.02, 0.30995152390541075, 0.11840501244033308, 0.09852527523567012, 0.38887414883107696, -0.060914754333090154, -0.15531588403994795, -0.16479982369412138, -0.3520357882390025, -0.36963472177209544, 0.12478718584390348, -0.4009231674677729, -0.24410689598739738, 0.08833388206492555, -0.076512399483423, 0.025972478062807378, 0.2712694226639063, 0.27825047057553276, -0.1921203383440515, 0.20165812485945864, 0.27365989011456254, 0.12396088519292969, -0.2429875453622318, -0.011884000137804622, 0.4597754970417811, 0.11382634164769458, -0.27645982558072857, -0.02906872927771415], [0.8674156133731388, 0.3562661194315066, 0.87, 0.2034764682838768, 0.1688194016617793, 0.6267151667807347, 0.1887247835579071, -0.2900062927414373, -0.0494276344701672, -0.24716660434097365, -0.10112925191089812, 0.31788859824087884, -0.3118305732579972, 0.005559042536090655, -0.13669810365216178, -0.4303444417344439, 0.30752892248192776, 0.3789452449295417, -0.046028937995934466, -0.22263934699474688, 0.30412621974194526, 0.5535999158654477, -0.08747895563425119, -0.043610844750020285, -0.07702437349266547, 0.6302876999969692, 0.03758235296910737, 0.23053411554694486, -0.010693984035062287], [0.10184603816470504, 0.10512594562459478, 0.1752718093138345, 0.85, 0.4998360810030777, 0.27113774947926406, -0.4794592828426982, -0.16429176924859987, -0.13734901904180769, -0.14024437939120918, -0.4431646012378853, -0.19722410831700912, -0.0005566812649983378, -0.05254061535459964, 0.0030491760391346216, 0.16006056153126574, -0.32352712280831447, -0.17690772403140947, -0.10127392987876858, -0.26620627019225085, 0.17696886218810295, 0.0007293072013049909, 0.12098049472050534, -0.3481278803878651, 0.057823737521745605, 0.20195627932384927, 0.4172711591195779, 0.3267035516064735, 0.34367664193853503], [0.30877548803292343, 0.09852527523567012, 0.16572179796156317, 0.51398238518241, 1.02, -0.18939809208230457, -0.23360148278901952, -0.25052207420116723, 0.024228822090695004, -0.1034977705805015, -0.24848604270167957, 0.11679744298398234, -0.0068054817632177056, 0.29488276898337423, -0.2236107301302496, -0.2097189026831858, -0.19765101901390938, 0.10418646328214075, -0.4370098919655939, -0.16849146215337235, 0.5887006528905088, -0.24468498489673002, -0.08127973748596998, -0.2786963034337551, 0.35207620322379585, 0.31381496542901677, 0.574359446714903, 0.11987562214117252, 0.6655060958431817], [0.4834428984350995, 0.4231865737279367, 0.5549040539204422, 0.23658097748680884, -0.21109995680006866, 0.93, 0.13256146098599436, -0.21485607196624565, -0.005747751481417741, -0.29044490197489414, -0.12268124352545967, 0.1788306866594065, -0.07788604099367741, -0.11682828890916072, -0.134579431129422, -0.17784217665609509, 0.35381752047257553, 0.4029134948039229, 0.2610523530505668, -0.22923020124360013, 0.0524325710078302, 0.6908359135177182, -0.022762394027817878, 0.035658726188322325, -0.03239854929606684, 0.44519557525809755, -0.19425716500855778, 0.1729334537581534, -0.30834242197645667], [0.29980051424337323, -0.056650721529773844, 0.17919322883276026, -0.40732824029114184, -0.2452815569284705, 0.12586643770387343, 0.86, 0.2437229489322441, 0.3274915512269326, 0.5117252492313356, 0.8663398588344233, 0.684120240503621, 0.2581311967338727, 0.3852517679950515, -0.45849663062914914, -0.533482765306173, 0.689654425394964, 0.5220434457351142, -0.13244880665574488, -0.35301804043864676, 0.07157962349685365, 0.21279626282421862, 0.1707114692013088, 0.5196632471799678, -0.4942754165718266, 0.2588432295886503, -0.557199079900252, -0.6580688504155625, -0.21287565909094514], [-0.28547995157537603, -0.20830600918298897, -0.30594070443052723, -0.1463986062611286, -0.27532623996365907, -0.17597735418187738, 0.2875383105380408, 1.03, 0.01589031448831743, 0.17068631813561624, 0.2618810436695537, 0.1122942160416829, 0.504530282061798, 0.13440506927979323, 0.1098419924625575, -0.04284268810343901, -0.142560541434698, -0.11908311023994053, 0.21656031276913978, -0.032697593740930196, -0.391543148238459, -0.4980562059237684, 0.18655747039330814, 0.34166029924054636, -0.1954703771365924, -0.17792975964565513, -0.42805666962151745, -0.40407827769301224, -0.27890121291460473], [0.13655642866591503, -0.19737653302900585, -0.04670684725162588, -0.13734901904180769, 0.02445525968032767, -0.006897301777701289, 0.3123299053367968, 0.017395712703000134, 0.88, 0.4422173439184732, 0.25384035554736545, 0.4520448356742758, 0.11792846936802914, 0.7700816053799263, -0.29920485083980763, -0.1702270548644006, 0.5248928224406937, 0.34383336042437795, -0.2555348153629472, -0.03567456858725689, 0.4008864261133343, -0.09084359221052432, 0.17777312338077902, 0.4142016556992976, 0.10290614731823626, -0.384941611518912, -0.4451328021253299, -0.016085059331405093, -0.026755172063360297], [-0.1812259458803241, -0.32921865381610416, -0.24716660434097365, -0.137439491803385, -0.1359912566929845, -0.24334572868166804, 0.5840342518401113, 0.1853165739758119, 0.517595300268213, 1.07, 0.7136687484725472, 0.4076466091237062, 0.5184970820590401, 0.6031682306003612, -0.25155731723859365, -0.12493750450264991, 0.38348108952140536, 0.09032476641204587, -0.49293958911956637, -0.4513963623735872, 0.17900225002744302, -0.10580146141798578, 0.1094129184892557, 0.08419629136451205, -0.46656811382060176, -0.3180180680476529, -0.17122764097576745, -0.35301257772349126, 0.15459200003667262], [-0.029023960035287698, -0.29767043965717427, -0.10218268161830331, -0.40806245460518153, -0.23953159071242985, -0.13095188915638953, 0.7789110657410411, 0.2707084945797634, 0.22093512427270695, 0.6747413621922264, 1.04, 0.6510923329566918, 0.4219126134658701, 0.5637859143493313, -0.4717292532795756, -0.5608170497884657, 0.5400338166557248, 0.3532506071810653, -0.33685332391782036, -0.35414005286065603, -0.042926382003163684, -0.022884215822477946, -8.855105192047016e-05, 0.40076326582136157, -0.2813734006973392, -0.08148673858352996, -0.3324527354881971, -0.6403099715943403, 0.017078937081734854], [0.5020748612074225, 0.1321276085406037, 0.3039154730434776, -0.20760432454422015, 0.10649178625010156, 0.21857083925038573, 0.6763461468615344, 0.09968976322067767, 0.45695836649682225, 0.4857065981048415, 0.5780105404819611, 0.87, 0.3241594731814849, 0.6281204645087006, -0.5648221819511248, -0.5635485358037231, 0.7432836517960641, 0.7331643516846674, -0.3681789589454286, -0.35165436070512696, 0.4244797114468515, 0.1309951642301182, -0.014262126568138151, 0.4710735526607907, -0.19215990417888762, 0.2729111959224777, -0.395400119569017, -0.5485141865960264, 0.02513551369689794], [-0.21228017369326047, -0.3585178324471431, -0.24771587595261457, -0.00042971887122678716, -0.006735322157411338, -0.0820289155146177, 0.26278220928763607, 0.4372595777868915, 0.14809621734589706, 0.4684666618603609, 0.49528872015558667, 0.282435976633373, 1.06, 0.42373538277318623, -0.2673169878611355, -0.15925404088448483, 0.04847603007994486, 0.0723477930815509, -0.3942971807105128, -0.251101171670767, -0.05055209545993443, -0.36505704065057604, -0.4455169231171425, 0.19058550440723115, -0.11502524511671536, -0.2980667759192019, -0.23575702772114385, -0.4153278619313972, -0.03125527827500312], [0.17362723633374114, -0.2908507696871118, 0.0054017111435597865, -0.06366686331204427, 0.3104029147193413, -0.1483325465925299, 0.3894853039070851, 0.11392429681811046, 0.8304801626646264, 0.614134925702186, 0.6028601856408692, 0.6005107737610654, 0.3531128189776552, 0.93, -0.5761522316812687, -0.5153703813808417, 0.5512160742638929, 0.23536742162408703, -0.6641845413034624, -0.16031245814820266, 0.430165313435035, -0.28949125423046285, 0.09891953908905404, 0.3609530488748311, 0.09517298353955231, -0.17637151351244884, -0.1623492711282359, -0.20163097016351475, 0.23892101041594846], [-0.25354727003123334, 0.08061538751556312, -0.15322205024747806, 0.002729738549320518, -0.23197000976128695, -0.11805213256966843, -0.4463241537097913, 0.09697761496694265, -0.23830474845648397, -0.19943282808104718, -0.5427422591496193, -0.5997596365048026, -0.3143177769356209, -0.564855129099283, 0.99, 0.7906335341222283, -0.6023538759266339, -0.30561315849223486, 0.5852855895593674, 0.22158903874218114, -0.3473224093554161, 0.01693918063984623, 0.003290667878425544, -0.23263182286993114, -0.14002872955296775, -0.13977899977863412, -0.033626346646477, 0.18912774126095308, -0.3685330375794431], [-0.44670648037137634, -0.07739185235104856, -0.3718510224695681, 0.14345050325915323, -0.18064895577660559, -0.1528818711605028, -0.6143134873222599, -0.03727313864999194, -0.1702270548644006, -0.10869562891730543, -0.5608170497884657, -0.6660119059498546, -0.15220740190729526, -0.5486200834054121, 0.7108448288438382, 0.88, -0.5240101084775112, -0.2081169255614673, 0.5759052718415351, 0.22848203947820997, -0.2069696288724729, 0.0035175178979810384, 0.03573640451360963, -0.14416951708140138, -0.03538042888566472, -0.3661271160582043, 0.031188431673256373, 0.15170599925948355, -0.20148078920554852], [0.5139727821995249, 0.02358968191025624, 0.37511769665378003, -0.28308623245727516, -0.16994293223625853, 0.3196772334094323, 0.689654425394964, -0.10629514054341518, 0.5309260732733454, 0.3792670116145767, 0.5828087724304357, 0.7198115364761886, 0.05862217591063099, 0.5047978785364072, -0.6132070989163029, -0.48498807912280295, 1.01, 0.49414046760728103, -0.2457916335728177, -0.12249301695815697, 0.40475543816492754, 0.282170505146337, 0.19788419340279573, 0.43622902408081293, -0.15431567485825035, 0.09717586632710735, -0.4458406369020494, -0.29087303657659486, -0.13035947364552355], [0.511467445655894, 0.26624591483679694, 0.36393751245708456, -0.16476699787239116, 0.10754731693640335, 0.37131243638792893, 0.578342248706548, -0.12296625513906902, 0.33758184478029835, 0.08930988139618018, 0.33610251945382913, 0.7331643516846674, 0.08224801739797366, 0.25676445995354946, -0.3581917664048774, -0.2081169255614673, 0.479886415657071, 1.05, -0.03687732050618437, -0.3735328755455351, 0.47956400684193784, 0.4435868042664574, -0.11148569879790297, 0.38382272555746627, 0.016356881167358166, 0.4376308434747266, -0.4515469080918818, -0.4001054320403628, -0.11092928757033173], [-0.1886447858963008, 0.2893804893985541, -0.037344232713682673, -0.10596253774352637, -0.4456635531926354, 0.2683038073019714, -0.1010793524478053, 0.18116103087418423, -0.33278952698430336, -0.4796168975217402, -0.3671322743823435, -0.3751257317557197, -0.3696536069161057, -0.6768356754235284, 0.5726988026871229, 0.47992105986794587, -0.2885380046289599, -0.03410160821001995, 0.89, 0.10916015789150431, -0.5683690567676952, 0.2974806252276477, 0.27610057431301976, 0.04336735194925314, -0.13590127117767528, 0.12853074673306067, -0.16744337137118273, -0.06686732699164645, -0.43245900215271876], [-0.27702293228640584, -0.19013971629926746, -0.24621292491183772, -0.2553407081435875, -0.15482999224904484, -0.2761181969525184, -0.3464195723930646, -0.03399254794849179, -0.03533801605341485, -0.4393053883814375, -0.3782078234434191, -0.37233991133484035, -0.24437524742958572, -0.15275054974498553, 0.2279201541348149, 0.2139422733295966, -0.11316021566610691, -0.37746480055127757, 0.09413811781469178, 1.01, -0.20175561876694834, -0.49887051401384347, -0.0927934398043816, 0.057345669878658974, 0.14459168785304544, -0.3306851135533228, -0.08791575519601708, 0.2604567706121032, -0.29191366057643064], [0.6367146701628749, 0.1960565102800292, 0.3676251007869668, 0.17696886218810295, 0.5346363072168907, 0.057452710785175644, 0.0745935023809317, -0.48290321616076615, 0.45493852851063776, 0.15618823776904342, -0.039828601858605484, 0.42914432366055316, -0.06130786045140984, 0.37367895914558596, -0.3234865577329855, -0.19756191846917864, 0.36657096286634944, 0.4540552830737497, -0.578703039618017, -0.21805910311175228, 1.03, 0.1717756235650478, -0.020512597215754203, 0.004989960673617792, 0.26429401574072126, 0.17904028605670805, 0.0821497626763498, -0.03856187633490305, 0.34473305023830375], [0.577370703500934, 0.27365989011456254, 0.6935906991877449, 0.000852224145345158, -0.2493904653755133, 0.7042502031005866, 0.25771991830933144, -0.4038293561544068, -0.08663787034892598, -0.11079209639053228, -0.0210453056224574, 0.16631970289891412, -0.41616502634165664, -0.2540433455491817, 0.013581865558074904, 0.0031825161934114156, 0.3477915528547875, 0.41921390293313554, 0.2750292572859384, -0.422466921777489, 0.1884528685713631, 1.03, 0.06915536431532243, -0.02284846847006269, -0.018514661170267503, 0.4945490588871984, -0.17846864530005888, 0.10923458657053732, -0.17431080735964855], [-0.035327181040984465, 0.1202420586371418, -0.10835461550151569, 0.11588657915332617, -0.10295433414889531, -0.023459202008261282, 0.14049704987364353, 0.1919389358854228, 0.18823036593258954, 0.11625122589483419, -8.109412123243057e-05, -0.01721291137533915, -0.37391598904474455, 0.10660261008626214, 0.002996858246423263, 0.04529381502306338, 0.1924378394559298, -0.10451784262303404, 0.251251522624848, -0.10502993736100334, -0.018233419747337068, 0.07742394048345881, 0.93, -0.10077319853225766, -0.07443928798891783, 0.0805451023520468, -0.0020253188628732276, -0.13013997882482098, 0.12770391610264561], [0.13630263673776288, -0.22978170050558874, -0.05104451146877374, -0.36790787359172106, -0.30966255937083903, 0.03893768951598415, 0.3943872858062255, 0.3792429321570065, 0.45780182998343427, 0.07654208305864732, 0.38740449029398283, 0.5129467573417499, 0.1756376217086248, 0.3013461233725654, -0.24193709578472838, -0.1526500769097191, 0.35313778139875335, 0.48732548301116496, 0.035088130213486626, 0.06710663496438816, 0.005577014870514002, -0.027516435146742166, -0.12741438894883153, 0.95, -0.04192456998313091, -0.1602452159122143, -0.7449137296160009, -0.3235278070422441, -0.4203197081959155], [0.028540864410979458, -0.011884000137804622, -0.08388793152666536, 0.07211724567318835, 0.35207620322379585, -0.029253059073147736, -0.4707384919731682, -0.17630661467222059, 0.08367135342697714, -0.402529353100127, -0.35015356531224434, -0.21156999551008843, -0.09037697830599063, 0.07832820769184394, -0.12716894826749114, -0.030641978588477475, -0.13807191961001347, 0.018989022964404308, -0.12583451034969934, 0.15651677551102858, 0.20852555370368833, -0.018315578792092585, -0.07163025825348697, -0.03839820428361523, 0.88, -0.09627296426684859, 0.1035972682420911, 0.33078606273233924, 0.14776865590624103], [0.5771310978547752, 0.4993260774324719, 0.6980605709643852, 0.16798232579273442, 0.3207886313274394, 0.44917053575147337, 0.24090359981517948, -0.15486479080269983, -0.457118163678708, -0.3372918903535713, -0.07456805323209817, 0.21443022536766101, -0.27720210160485775, -0.234470365022432, -0.13063457923236832, -0.3524401210653742, 0.08404399249911987, 0.36272105945653016, 0.12981605420039127, -0.31582286125879144, 0.17392484931223068, 0.4790944007969735, 0.08274178696164806, -0.1743327074209804, -0.08816576727595608, 0.98, 0.12636392871792976, -0.11765294474635948, 0.04757272495735869], [-0.08659054234063995, 0.10887737027170785, 0.038607326231901204, 0.46636188372188114, 0.5467460117766865, -0.2276777525369118, -0.5784257115154997, -0.36804872528205235, -0.4053888019355683, -0.16266625892697908, -0.28835186241323213, -0.33337657140132804, -0.24433001054736722, -0.13980076124931426, -0.03671448052217387, 0.03146443549337369, -0.5319689417581271, -0.34765115932737806, -0.20593610042202934, -0.1045220645108203, 0.09412993639998415, -0.18006211534738079, -0.002199539840324688, -0.6314030660554674, 0.08005243455070675, 0.13608423092700128, 0.93, 0.3583209647686072, 0.8306552179557678], [0.015213738510669204, -0.27645982558072857, 0.26853424448325447, 0.39930434085235655, 0.10160886067204146, 0.17999196207481272, -0.5405565556984978, -0.3644627602721287, -0.014648893319672493, -0.3133887169586096, -0.5888564917340808, -0.6369842166921597, -0.3819533015976242, -0.2352361318574339, 0.23970841624934752, 0.13639621951770078, -0.29748378740788106, -0.33099631196066376, -0.05481915996612456, 0.3119756922716401, -0.03690330100867066, 0.08216760936721834, -0.13462756430153894, -0.3235278070422441, 0.3278587524426726, -0.11765294474635948, 0.29642916176312045, 1.08, 0.057216918605754494], [0.0037361663644329833, -0.029377971078540895, -0.008067391465046989, 0.34367664193853503, 0.5395995371701472, -0.29936157473442393, -0.18273397284797946, -0.30989023657178305, -0.026755172063360297, 0.14501550445917966, 0.017735819277186197, 0.027446825301210395, -0.03597991336308499, 0.25939995416588685, -0.3485040681457777, -0.18332936675459818, -0.1455175519763984, -0.09627824958934451, -0.43245900215271876, -0.33404552911323515, 0.37773940611218393, -0.16631489876516925, 0.13711367834178795, -0.34389794306938537, 0.1437749084493156, 0.0484703235414598, 0.8469425751705868, 0.0632047356691474, 1.11]]}, {"name": 2, "matrix": [[1.11, 0.4947259111087147, 0.9633032560976065, 0.23375090569195875, 0.36433754155007186, 0.5649792723110415, 0.3791487070811964, -0.20858073422697546, 0.15959942332199015, -0.07812987491713205, 0.057890561446276446, 0.5823468153694655, -0.1045355325355536, 0.2559260796249559, -0.1413640388099041, -0.4514097668182257, 0.45837904870776797, 0.6127402078529731, -0.09521088475598179, -0.19315564561383722, 0.6518568202410959, 0.5705017570417446, 0.06731474612036517, 0.05201244471997055, 0.0560248856719628, 0.7220869766899337, -0.021849699571566444, -0.012710338851931123, 0.07463102611394648], [0.4340519786142497, 1.14, 0.453164336069235, 0.19889167235838937, 0.1935835864527286, 0.36817815666643916, 0.04030759145693799, -0.13086389227356598, -0.07764997892274436, -0.23633006837066525, -0.16712463134761485, 0.18709516892193426, -0.27285937429861357, -0.13384101015757402, 0.18658581562494547, -0.10003954408087562, 0.11046656433619863, 0.34763240159047915, 0.2818754800765461, -0.10326475946664143, 0.24364024016795477, 0.24312241197327555, 0.16783959256611516, -0.23652131322866757, 0.030475483973524904, 0.5772571317728709, 0.18421062057943047, -0.23781068499757974, 0.05945618429559216], [1.0173202611124255, 0.44069192314989825, 1.0, 0.29418705543362755, 0.23109466512417653, 0.7068147120166399, 0.2739261449252398, -0.2669819895092898, 0.044008750763132015, -0.13314742439667027, 0.00924070965634678, 0.4469891307640092, -0.21535579256574702, 0.0932559298172143, -0.026308399625129594, -0.40618062571359775, 0.4139528907768779, 0.4061251681738714, 0.04278114009815714, -0.15980794115609206, 0.3643573740419296, 0.5561141338138327, -0.0002103712196359206, -0.06492469830969805, -0.029594315696373892, 0.5970885020453142, 0.08325656002078807, 0.19813349906020009, 0.07531798066128477], [0.22340794526311106, 0.18281961802639832, 0.28863635627450246, 0.97, 0.4528689401304868, 0.330481044244389, -0.3342796242106291, -0.11061720100656103, -0.050323838136817824, -0.06131219991597023, -0.2809530012406194, -0.11083470143698924, 0.07549115335846611, 0.04223303411615874, 0.09416746599495163, 0.1390619045898288, -0.18472333933556384, -0.05778039411691442, -0.016916881216972008, -0.15763851883846378, 0.25767022264386946, 0.05320074485037381, 0.1768162857229526, -0.39883102744820065, 0.10504603666072738, 0.24711577972004242, 0.3973700881288063, 0.32221370314206743, 0.39295864099412514], [0.37835052391738233, 0.2293544665581241, 0.24072360950435057, 0.5763786510751651, 1.01, -0.1175801294064778, -0.10453551988921037, -0.19541448630428618, 0.1312357469197208, -0.014541635013439129, -0.10243330204925084, 0.20265084387209317, 0.06911007687468314, 0.3641663797705036, -0.0848198722454013, -0.21024777088384286, -0.0558944996689827, 0.20457299315441957, -0.26845363296246333, -0.046540600345061654, 0.5920431896461812, -0.13236172740356764, 0.011849966776837768, -0.29271152644448445, 0.3602666486667399, 0.3721219427214862, 0.5274200992107635, 0.04646774916692393, 0.6246513631471459], [0.5595467793080507, 0.42077503619021617, 0.6933515746448944, 0.28876984448538845, -0.08844523008451871, 1.0, 0.22052215935956074, -0.23978557354999705, 0.04766291135872892, -0.18732896658248432, -0.05325887016005845, 0.25183542101261197, -0.045896398618742756, -0.0434476927377144, -0.014655738470354104, -0.11473915666181596, 0.32297448515408095, 0.3834676612547448, 0.3158240010303935, -0.1724356913467386, 0.13486991252088482, 0.5886638721814893, 0.06804157720484443, 0.027478482366961467, 0.02987802567350806, 0.3895836489409867, -0.11164774340048712, 0.16234377889945437, -0.16121788070213725], [0.3623722156174267, 0.04595065426090931, 0.25494116458388655, -0.266240408663333, -0.1004360877366923, 0.16932951522251982, 1.04, 0.23395394676990253, 0.4122600822438277, 0.5379313607454975, 0.8239443388162625, 0.7851799463141654, 0.212435829534077, 0.5072749180454251, -0.3014854235064112, -0.4753087927727603, 0.7469625056192364, 0.6141896887278628, -0.009458696785750292, -0.2582954205293594, 0.15677310613194098, 0.23906853801142966, 0.20751611504317496, 0.37025031730153324, -0.3218990813648284, 0.3667142926620326, -0.3899614853546336, -0.5321589859774214, -0.06570805729027933], [-0.1983561884315355, -0.13703671738080966, -0.27515490755549254, -0.10838251007713555, -0.20347281563642172, -0.23554158109778475, 0.21310656537456468, 0.95, 0.004155122602974498, 0.11178750415784638, 0.2357561138109417, 0.0803867435896138, 0.4441614549179512, 0.1293840318487002, 0.09232863999643798, -0.03440649120697674, -0.10235740719948896, -0.11419873486898735, 0.14032662086922276, 0.0010337319436161487, -0.4006024187576709, -0.41427209303490853, 0.14042197627570474, 0.2344483418317273, -0.17811204749111414, -0.10452122367054577, -0.32413700766606907, -0.3641647679717059, -0.23562690316404417], [0.19078551753433307, -0.09509941238852962, 0.042393750735127175, -0.04518875261265274, 0.12087503005763761, 0.04766291135872892, 0.3602633151139755, 0.004117348761129276, 1.06, 0.5221104525587889, 0.27228661457806275, 0.5850986273388844, 0.1560464784674361, 0.7444663730406783, -0.1842812509105752, -0.22696953791807414, 0.565223931